0.237400811639
0.71907417753
0.0594932884866
0.168379362169
0.657682667647
0.257035958903
0.464316608848
0.955210543115
0.0331986057941
0.818813641374
0.295018438825
0.907923772906
0.487461950715
0.520910855353
0.933836359912
0.762189626529
0.962227874882
0.212693548668
0.89366329847
0.44202781009
0.798375547208
0.0719007507706
0.888749174866
0.807564438812
0.0905432965572
0.0424744026785
0.0877476817445
0.375913625009
0.0781930780654
0.715027914734
0.0767719946493
0.92783568966
0.617880711147
0.806547138479
0.673238290674
0.491307106397
0.428230673233
0.29777825748
0.743501554304
0.647302241171
0.777457002104
0.0801757879495
0.105320152204
0.973885035428
0.133501919193
0.637600837469
0.725069928037
0.0711986727532
0.110060301392
0.540825241528
0.175491051625
0.0946971801739
0.089802647957
0.342600782978
0.923050850885
0.144181781254
0.19730569212
0.589055491671
0.0745746502459
0.964752577045
0.123933854187
0.63642825891
0.107271790124
0.551252350841
0.684755369201
0.0829279111705
0.443955871469
0.240353439935
0.608641062639
0.555375672475
0.870650432712
0.212829598929
0.279805288807
0.492566787517
0.652588039664
0.872092486544
0.436519467431
0.604943656534
0.184575504011
0.0185845663969
0.289481235193
0.052539032834
0.19458942197
0.71205419578
0.369035366344
0.226265814508
0.531242618187
0.228471028753
0.911708496045
0.648669871303
0.256139973401
0.0496481678341
0.892013155077
0.90844859129
0.163256508447
0.232329495147
0.933656492209
0.665590706462
0.707103860134
0.578174520659
0.591863411431
0.912690381423
0.930114553197
0.387083950277
0.413902397237
0.585101264096
0.221241748592
0.582650776321
0.266775280881
0.916614348223
0.389496243756
0.208879128347
0.914424463428
0.222618360189
0.961911656941
0.782331072049
0.553124409312
0.960182497673
0.951019854622
0.924519665654
0.904879544553
0.903667483546
0.0433618180437
0.674622107626
0.785962503292
0.935504771057
0.787559778211
0.0635724956866
0.521004298315
0.887045913533
0.560994443676
0.193322935416
0.149966219203
0.879841310229
0.076498198329
0.637124990005
0.935138672398
0.329481542336
0.759136256312
0.178043518226
0.948481952384
0.89549548205
0.733416360627
0.921213195224
0.318709126293
0.024580320113
0.19853089389
0.0453976947455
0.354776641516
0.895418776244
0.127507168396
0.174100893185
0.96482023791
0.92186155985
0.204472350616
0.0743759256823
0.837251481073
0.977989880227
0.696952759182
0.441357714326
0.606158726006
0.502921609059
0.76991352634
0.514795707778
0.374433843207
0.493165746213
0.941839356215
0.90324648608
0.120814563382
0.109407142454
0.595770545835
0.357531207058
0.110189795961
0.709114624214
0.269171354971
0.0751841146869
0.301316159702
0.966547507648
0.515028957686
0.91108545107
0.465473103797
0.591953313794
0.828652872162
0.597427051214
0.119874208529
0.800010520645
0.343031849589
0.0946457956066
0.638473786229
0.962139374657
0.877344628133
0.814288230276
0.0352855293996
0.451793346234
0.909690619872
0.940631061845
0.491644013128
0.959103752894
0.888933742256
0.709906942793
0.797241604302
0.93963765631
0.223053902513
0.167744067307
0.953412945554
0.113549232593
0.0893068817355
0.898053766733
0.0169090192947
0.0513673232508
0.961148480143
0.673502060251
0.605159090635
0.851435876871
0.951279279851
0.184575504011
0.783544491303
0.947656929797
0.917566917897
0.0627949666195
0.566552072557
0.867575048986
0.443218221216
0.103138014031
0.265207496481
0.431250543989
0.962790087946
0.0222266507784
0.882275948992
0.52207319645
0.028377045667
0.110035464562
0.143640531511
0.883415272948
0.858998926546
0.611641800902
0.0526638298173
0.521796002214
0.540830032924
0.680011748908
0.968670645823
0.569408391535
0.452487371928
0.921105879324
0.027896223933
0.738689985224
0.022427492008
0.952285422797
0.95343662354
0.471644433185
0.949130415211
0.964618806813
0.442737784017
0.39931832885
0.0709879634678
0.0760267950649
0.233246568756
0.164230950214
0.339314917638
0.805160771926
0.0747308530956
0.966033309057
0.746173753138
0.911339647792
0.862532070005
0.328421526456
0.789226964224
0.328014601626
0.68884135793
0.873923780972
0.633303360867
0.959685334795
0.501005832305
0.0540808982037
0.899596817852
0.214257276543
0.919808325209
0.906724239446
0.536710448804
0.282454600724
0.302622663944
0.718754477539
0.894016660088
0.617112002535
0.682727414176
0.752906814931
0.640421626781
0.941216900861
0.628373489583
0.11372345546
0.90430192431
0.938409465038
0.847338974375
0.0703079702221
0.952692108754
0.306134277487
0.899077855456
0.904399581275
0.948401499843
0.856090934335
0.0217197368066
0.369035366344
0.499924520102
0.230759310089
0.939271896091
0.302375611498
0.0222072593977
0.525027417331
0.81211224279
0.0668967017959
0.432472191981
0.148582968043
0.201081963879
0.759213888562
0.662031787878
0.847963463671
0.950513135364
0.143900175921
0.430757652558
0.631212050746
0.558133399786
0.788586957855
0.0336507740296
0.837490749732
0.9530208394
0.0612823585895
0.132596628196
0.637804307896
0.930131247946
0.443955871469
0.263197864076
0.133501919193
0.930989479701
0.0542674684025
0.839484777472
0.914826251194
0.650303963561
0.841080317125
0.748477965324
0.809269794738
0.950909131372
0.856813881398
0.803913655529
0.0436640183814
0.326348300049
0.132831260377
0.86858443006
0.495414480289
0.540935053827
0.0523556732528
0.796227068404
0.366468715498
0.636684077805
0.0349038360353
0.478673562826
0.896397872202
0.913360455116
0.683382117413
0.137704816841
0.964336651918
0.347268192094
0.857440236721
0.733989579035
0.0739799132401
0.929159979046
0.0749144383054
0.0704524971453
0.557323817027
0.911121635924
0.919486733545
0.117140836293
0.171860484661
0.769957543466
0.31305583237
0.490630955145
0.923068073943
0.810898765545
0.630342044407
0.12244827755
0.333001290421
0.044100536977
0.716769360291
0.94045217416
0.4711849286
0.0802391352214
0.635621091123
0.418776932562
0.22869310575
0.636470409338
0.910987690826
0.875556872077
0.096776752813
0.0868241404795
0.07802734414
0.387496962573
0.327606199797
0.403239363789
0.453806567302
0.696982696505
0.0256214876543
0.837697471069
0.524454519496
0.0843316078721
0.108490134957
0.583507022623
0.97107129634
0.415752840139
0.946434604489
0.765591298396
0.0359743819974
0.0436393641677
0.500382534274
0.46539925998
0.671906621816
0.594969836301
0.0497396293473
0.282382934841
0.0476719546266
0.941446115812
0.887961797825
0.254961275828
0.375834572743
0.771671559884
0.103513539056
0.0193356613239
0.290534601075
0.469208723384
0.531560383533
0.859282984773
0.709536481387
0.0521622844685
0.14905716259
0.862466895253
0.0960570912591
0.388579209931
0.879180041664
0.594881459875
0.390538988819
0.269786776651
0.868351009716
0.616733903939
0.734945442737
0.117943850799
0.471997269973
0.708626992187
0.92530510156
0.116899458279
0.5041881306
0.308180738233
0.355643062253
0.39726569784
0.789226964224
0.917645268035
0.72681415978
0.831020323729
0.0707439066514
0.106907056037
0.207765139007
0.0899684503267
0.120415422511
0.665820610894
0.84054955769
0.316398977708
0.2122543451
0.0225220277115
0.0763690967179
0.177412326313
0.644929914265
0.892982945113
0.899654661917
0.725927235711
0.716481502487
0.849903799455
0.110206001631
0.31781606876
0.0355470697599
0.734702286434
0.758960545496
0.640844096065
0.899077855456
0.797805468292
0.96946935352
0.0838690404428
0.845939012543
0.477883634502
0.103437970591
0.124918538191
0.196895531384
0.890703498553
0.568406379285
0.103399603937
0.0481762640113
0.96849659551
0.432708710294
0.889770066314
0.790649774513
0.551564660046
0.609062474806
0.654647144177
0.658468449806
0.420980497924
0.188514292297
0.25858990388
0.899811458976
0.958132554945
0.563228099483
0.284113050395
0.93950013676
0.0443572725637
0.0452727819013
0.186086337621
0.267195728169
0.111907933489
0.251496035623
0.050027864606
0.0520804898247
0.0230410356806
0.818914369735
0.964762621319
0.311226647609
0.683109572219
0.343309211317
0.840858868852
0.83815096018
0.602568198446
0.523824493435
0.59794094683
0.802161702511
0.880802609136
0.106606414366
0.955941829751
0.865949548779
0.560298961011
0.771983624017
0.0378684996979
0.960104138207
0.855972348035
0.429246774156
0.349760750747
0.0773239858283
0.172590159893
0.920219716939
0.396479462552
0.878194892458
0.77473266899
0.0977230367414
0.531441957467
0.104361104418
0.869735713044
0.0173587686663
0.173980247656
0.0570340824051
0.488548204052
0.643107048089
0.926773810285
0.027896223933
0.914687486696
0.811801423631
0.921924967141
0.370603794652
0.900654689891
0.139538298551
0.855706531929
0.526816389131
0.847338974375
0.101759935708
0.841813150853
0.463217538628
0.0311295880066
0.736188325611
0.924156704765
0.310711745223
0.936187943568
0.0962510246394
0.95587085757
0.0788084218041
0.0186452377205
0.650303963561
0.0179095994382
0.92221296499
0.946879389823
0.942879650727
0.193538041523
0.216024517067
0.242017656274
0.880705575359
0.554098027492
0.0538704375546
0.0439349162893
0.18590277494
0.616036140166
0.545998850601
0.260931565312
0.562779472463
0.89716827279
0.316319160827
0.847019769377
0.934556602287
0.0534038931982
0.517487503586
0.371986908267
0.789606761149
0.333954053642
0.913537446951
0.0355387603717
0.284881120641
0.477735140424
0.0772713922729
0.0616034862596
0.780835122497
0.67176222606
0.0401021453641
0.589983002462
0.229307779834
0.621099676912
0.632304354114
0.0539309997938
0.0379418364584
0.648417546919
0.934577346742
0.898053766733
0.0938567361404
0.912822406517
0.802983869966
0.0233508631657
0.603219892975
0.967765273713
0.256765277434
0.19458942197
0.917237661652
0.621679333292
0.965301030801
0.0548812620136
0.194460458195
0.714483373433
0.741611554988
0.0765941939839
0.667729733135
0.974555172289
0.0503672600464
0.868722794958
0.640364342256
0.111884028522
0.521486928275
0.949063788074
0.841898895003
0.483569970795
0.318803806948
0.913275240115
0.657547595263
0.914180812129
0.249831178005
0.619577040744
0.0968658775732
0.0766803271218
0.906727701246
0.332915893416
0.45704482582
0.0154059044581
0.839034760944
0.239489587575
0.411286978862
0.921353574246
0.696024591647
0.521688615545
0.0294344533116
0.271465956446
0.596285912759
0.663872275147
0.972706535313
0.822892966277
0.0216668922167
0.254979926602
0.573019322933
0.511820974973
0.0593172873252
0.555360780016
0.0318225448497
0.397519921628
0.950281212408
0.702508380321
0.420459306657
0.421186121152
0.605027130748
0.910234557432
0.0757620075653
0.554458501783
0.189279392581
0.407533380227
0.645737007923
0.977818503378
0.0482263647954
0.804650121265
0.711817018968
0.595761845529
0.783365881974
0.884671296393
0.879039681579
0.0668910960213
0.937305342686
0.44683499139
0.0537417873314
0.356425799333
0.503746023551
0.790354981363
0.17372060333
0.0886514808909
0.182989736318
0.937353878164
0.839557678377
0.308593729103
0.0515177982523
0.491920529257
0.599183229593
0.0949698364012
0.480723728395
0.954110863246
0.950662813126
0.108708235996
0.513544738516
0.781655421325
0.241463334726
0.280039259223
0.0853956869258
0.491590974556
0.938061467432
0.0933910041008
0.210866360698
0.382154658257
0.351748591696
0.572761354162
0.534255071193
0.790187534339
0.925118793954
0.56289145567
0.834452164169
0.338352321871
0.0882354104877
0.0718945500266
0.0933796346491
0.856698468617
0.938868603848
0.116884737138
0.956751237969
0.543987008214
0.902618886029
0.188300971874
0.126901757088
0.896327421281
0.471476458799
0.19227649646
0.609563205919
0.0447433045311
0.589518528301
0.183232668195
0.755272446337
0.544170552048
0.300877876056
0.42931966276
0.915893232219
0.642488131125
0.726924562341
0.68240205387
0.12237391241
0.089668444089
0.444247255355
0.339098303604
0.207943828622
0.874076858324
0.917785004505
0.292797811285
0.138773143078
0.120428151289
0.632922380162
0.0978248906832
0.503598953797
0.247442909462
0.967977046833
0.0556459307045
0.0468580443754
0.948988721019
0.960689500678
0.662035473722
0.363433594177
0.769598707977
0.696852226489
0.570197001821
0.122204909234
0.212860837841
0.919684173981
0.767539039117
0.568836829937
0.135717644696
0.308237489337
0.910680780806
0.952052276407
0.2006033476
0.0670482753034
0.0843135936024
0.0913730445506
0.931597834652
0.653644663536
0.0655530555991
0.787020611865
0.341292037869
0.273135010368
0.293221358197
0.876868426685
0.410023645202
0.507618010152
0.471556826684
0.776237432119
0.44514341506
0.925721645953
0.934768096276
0.330604163324
0.890657366388
0.942349648015
0.0738030059512
0.16688769632
0.383556486166
0.435081982827
0.953546774234
0.0501798594187
0.432651103028
0.0277549724211
0.608034546835
0.814092829636
0.45704482582
0.861743243691
0.121625697152
0.824161753936
0.969917959111
0.964164911279
0.294186651165
0.589950856166
0.927643501202
0.871640109158
0.0392929025761
0.453724410714
0.26499423396
0.202903546178
0.0691921050072
0.19693925182
0.951261076187
0.943107919537
0.440105708174
0.0245905538439
0.596010095444
0.478862580686
0.423426979526
0.926984753233
0.941335915336
0.923900546253
0.610702168527
0.749074403892
0.898864014608
0.921259807031
0.840565769048
0.680704318594
0.867835237834
0.379068730327
0.326392066779
0.0755736699278
0.669590935784
0.0425207194186
0.696910846212
0.911420380598
0.896370988617
0.416300021
0.904355955865
0.0280305177405
0.601632058739
0.918527477
0.0650294798236
0.970529479095
0.961867164788
0.108373710633
0.926910236514
0.670439128501
0.697538682101
0.778742768725
0.962488483094
0.141194306443
0.963427956856
0.290857567407
0.1745850121
0.181953027284
0.897001984851
0.195369648058
0.792854379316
0.269411588491
0.866827471414
0.0639776161056
0.766932318154
0.390643726728
0.261783735005
0.0388271597254
0.0577254479279
0.0496819344465
0.524697631691
0.82305028936
0.902813181328
0.804499101628
0.426990815209
0.664959532627
0.524388500934
0.138484317124
0.580043382017
0.968338081503
0.632490182585
0.717114133717
0.737151430819
0.0430915805081
0.123383522814
0.235518190905
0.208196222843
0.363145553797
0.746827332552
0.720742842686
0.8961099405
0.0760016903219
0.0749703092368
0.223855702219
0.0645557209288
0.341693744057
0.556120584293
0.833207307083
0.0580731529637
0.62838327174
0.0891970732804
0.194715345654
0.278251871737
0.598356090272
0.756123589619
0.216514263437
0.646636152492
0.137704816841
0.934371508631
0.0875874137052
0.0358582358902
0.949103813662
0.266907952504
0.0177847247169
0.688187991459
0.363281953396
0.279783840032
0.170884473253
0.0729704624894
0.20893522854
0.232230900851
0.872541034445
0.456754796407
0.524388500934
0.0723017295413
0.884810225909
0.827901873995
0.0496923999743
0.880962234789
0.374939856474
0.964681365348
0.600498201787
0.949077027649
0.0486723261346
0.837675431922
0.884686133428
0.890575626484
0.66344341808
0.296209177356
0.879264843985
0.500999032323
0.703841681249
0.797640045454
0.844901167446
0.431590628716
0.187388867018
0.280181728235
0.206078465123
0.919789427789
0.944005004932
0.668643487464
0.272108425427
0.127630177851
0.834933837683
0.959167266476
0.0516952293835
0.693513719691
0.1745850121
0.854005028568
0.608816614857
0.655435460383
0.763403467131
0.899951387432
0.0700849349461
0.188550263039
0.717729147381
0.919533530193
0.698167473192
0.828023720865
0.5643398684
0.938739701244
0.0387815259303
0.969565030637
0.467997610439
0.921569889131
0.736616951426
0.36144112522
0.915604746317
0.942108105238
0.885168199524
0.964886793431
0.622080592774
0.191565369044
0.509277159944
0.105518984775
0.941990132179
0.0752935759066
0.500332551979
0.819174208981
0.611371364117
0.51606463437
0.323865900635
0.752069208439
0.0981678041619
0.844442037612
0.36251019005
0.0760823277842
0.0443255414451
0.0625906770111
0.633303360867
0.135732307501
0.665184493344
0.954873006545
0.836541360433
0.969410201827
0.0780640135463
0.824826984373
0.78982325966
0.554138040077
0.450853814538
0.357562782271
0.920652454059
0.709070272907
0.385244153974
0.54687630285
0.669429853191
0.132742193111
0.231310305169
0.889810534865
0.846629559782
0.951865363412
0.348422278403
0.18897674108
0.4751032614
0.0622171329857
0.288064642998
0.192603430206
0.903706435279
0.0185114734084
0.945871834504
0.795457612302
0.10812471413
0.83805990083
0.816091553395
0.241825013686
0.813303244401
0.813303244401
0.408100377029
0.788323648329
0.710032205152
0.945135002149
0.93060450236
0.100449149375
0.175628598461
0.388208670246
0.729928534474
0.802139307557
0.2117450851
0.0256753555713
0.0365435174334
0.970633295703
0.145514974858
0.386342962333
0.0240037725352
0.122083601878
0.497103097622
0.0358899407019
0.316796054177
0.056349990385
0.962404072341
0.474329287462
0.779102620901
0.67929088541
0.852688782158
0.0691921050072
0.957083101019
0.626776968391
0.939699542885
0.947320489704
0.958204707951
0.809387913606
0.403791014386
0.847810174666
0.95883878122
0.82717783842
0.125660146976
0.858782484309
0.0595975188069
0.141335417051
0.41731084983
0.117097623056
0.742787514948
0.0835635979981
0.467982514623
0.212171266623
0.731009768869
0.0274649909485
0.432708710294
0.115055879889
0.271895584167
0.901853886998
0.56604961733
0.0391654846981
0.747582606977
0.582430839668
0.388359279567
0.541742309131
0.343074249003
0.0578901788812
0.493658889435
0.323865900635
0.898864014608
0.128730600084
0.920292479624
0.346982588416
0.0927607298471
0.303168472708
0.681532962886
0.8825129038
0.163256508447
0.698018640406
0.438390560992
0.198950711794
0.0871160648616
0.962553196542
0.899808089694
0.932016603117
0.321329510633
0.619331283799
0.479418309198
0.173756894018
0.48320388215
0.786684235987
0.352036721056
0.593596670087
0.861342820329
0.156630270258
0.363120095828
0.429349597576
0.897222143085
0.0827040048885
0.53952052858
0.242944917486
0.364179142354
0.916953104151
0.0175265637462
0.0563171930068
0.587268393149
0.354233877563
0.0570227560314
0.141723834155
0.149999868022
0.106384641878
0.0806504430078
0.943987603751
0.279321126438
0.505306863197
0.0173770532868
0.175286378708
0.575956053571
0.900699250571
0.0861254507549
0.963196272851
0.603332469138
0.557050840581
0.103116766453
0.223172571274
0.0632097266127
0.961255050389
0.0724260130012
0.254425802996
0.556526637791
0.913420378328
0.959277729594
0.428099336003
0.894126619473
0.317342133134
0.677470853613
0.887740743542
0.837251481073
0.462282573136
0.0803912640585
0.923849551598
0.94555944482
0.965339253628
0.268647163866
0.488884400341
0.0468285012547
0.525906953009
0.713767526073
0.181615865481
0.343694142219
0.381313664824
0.131911958798
0.606783225931
0.310573289943
0.85726746878
0.369619036812
0.94433498231
0.950470101255
0.908014313269
0.865187444357
0.855620775251
0.0909586969637
0.388660249054
0.944245989797
0.52803947866
0.160075517823
0.766833765931
0.967813155406
0.563799914331
0.552435994676
0.797869180073
0.523526610172
0.563672633559
0.649567111118
0.0563782948216
0.269125578667
0.0181719310833
0.262758777867
0.0573260085303
0.0374596744172
0.101744679117
0.631577134924
0.356219603273
0.65121838837
0.721941048372
0.654162281883
0.939078154357
0.865118214903
0.442231279826
0.396479462552
0.514097903568
0.92247638442
0.147564476062
0.931896044081
0.959919059296
0.975339390283
0.800927282946
0.33643827004
0.929575659107
0.171846086548
0.457174172581
0.201484393395
0.324312908389
0.286316914192
0.973508010567
0.697994747759
0.898315992448
0.933226128184
0.270112643412
0.808461179202
0.714676908121
0.467613961226
0.0973711003634
0.23344875941
0.755417302937
0.529439368863
0.829744668763
0.629590986714
0.0824394262986
0.150422376573
0.95672717244
0.409515423955
0.443626201117
0.841371107303
0.229760989074
0.978345149687
0.37258283003
0.200749818758
0.792656431387
0.118131605798
0.0840523036304
0.258232826046
0.937439833129
0.89334200455
0.0844586928927
0.242244751309
0.14796954266
0.955601214401
0.0696229160065
0.0296604239763
0.736685016139
0.551670144687
0.846046256578
0.657032096139
0.725046680219
0.070572129171
0.813067730744
0.0862923926259
0.749954406794
0.0558401619345
0.0818751401005
0.635617947037
0.104457149212
0.869274806646
0.919977317162
0.66586905483
0.936360589366
0.948869908822
0.863591772073
0.806632634283
0.129286978557
0.264621940001
0.186117963389
0.908527998916
0.0579496770979
0.109407142454
0.0702824066426
0.59726923517
0.0313035157104
0.959103752894
0.803893813423
0.947241464581
0.955364204499
0.0878328478382
0.798104185124
0.0472559564558
0.288572092919
0.683211615897
0.0609064663457
0.443842818211
0.114630945024
0.0585143479106
0.949505939112
0.602873873827
0.0867900700701
0.382408940537
0.746142330263
0.97660231661
0.359481533217
0.242034044826
0.410946330721
0.491813055203
0.190370952264
0.31567927256
0.0795960786849
0.818914387542
0.337354838398
0.751089016119
0.94281381964
0.809534328453
0.942282965266
0.399537249652
0.893029990187
0.414125963533
0.856677658533
0.089496657604
0.145514974858
0.9375362611
0.150219223307
0.0905432965572
0.746700833331
0.799582880575
0.771342984081
0.857653530862
0.113466078528
0.90224916423
0.847918730131
0.477264687206
0.149658399135
0.324108024862
0.532613383473
0.0915212762921
0.0572345050411
0.505867062576
0.387265869053
0.583548942045
0.932707293954
0.142362074665
0.0187467631528
0.669103279044
0.958456095009
0.427158038789
0.471855768476
0.931691351118
0.39063021303
0.494548151705
0.968845593427
0.514744876547
0.176088224148
0.685927536005
0.590993169571
0.226380689758
0.699654385446
0.867383146639
0.948665180432
0.203590860852
0.174352625186
0.909096191475
0.832192435439
0.0266399987177
0.0668967017959
0.0556982332373
0.221521534561
0.95697298862
0.946579660876
0.274648844091
0.742589293466
0.542527185428
0.480009096613
0.0527000372537
0.0356480968778
0.62527339008
0.958435398771
0.367411577798
0.853450873808
0.0164052680914
0.832006987519
0.852627089537
0.891470935239
0.905126945743
0.0708058529544
0.469208723384
0.750584004967
0.857426561011
0.559626055239
0.817439222046
0.802306520037
0.631009952664
0.81131380689
0.302604279822
0.917693741388
0.204256217523
0.967977046833
0.917432534889
0.728718281207
0.590918799146
0.219094696394
0.556526637791
0.0632324384927
0.550992619589
0.884409363195
0.196190585142
0.299945589806
0.684998833011
0.537577551879
0.80956182434
0.10462494312
0.233838621667
0.624706046327
0.472704077741
0.63532183469
0.429208321977
0.0644152724055
0.735678151741
0.437605641262
0.355409782324
0.95377953693
0.927067907108
0.398910375119
0.174966198405
0.765856590935
0.794456106505
0.961276162948
0.867137314123
0.0766803271218
0.918146543252
0.557585548569
0.904293851162
0.662834108597
0.970931463754
0.110318347796
0.956158599757
0.24856055698
0.110349225985
0.948665180432
0.813552936281
0.865564664797
0.540070708279
0.710053209245
0.422955854611
0.791570947391
0.905664996935
0.134111335255
0.847034283215
0.920959748104
0.0924910355512
0.903012477452
0.370930189794
0.249256033536
0.16870601654
0.863549216209
0.932495970614
0.692723887284
0.403928402956
0.83632461721
0.976553084202
0.242015378333
0.890328728814
0.152929020965
0.894849356451
0.939616469054
0.4814247398
0.931081734304
0.702958961662
0.486682967973
0.666293782284
0.485981053718
0.883092972871
0.147782837325
0.683211233457
0.956533516919
0.346247097396
0.623471878387
0.783230434476
0.0396910557676
0.474602518218
0.895441682199
0.505339693885
0.774648300498
0.728039788828
0.3768269763
0.116816351276
0.860727147308
0.13477156912
0.0222266507784
0.438662085781
0.954344077349
0.24918013907
0.80301975315
0.103665717947
0.0808946371398
0.86228679715
0.916300925442
0.581087434287
0.62039761517
0.443218221216
0.660108679125
0.085102732383
0.826897369574
0.100449149375
0.964035872007
0.744085958681
0.415942925386
0.05940418065
0.10044397068
0.975883384472
0.471681288731
0.468551835518
0.457396455318
0.0506179311426
0.180939157402
0.511771106863
0.224188414378
0.0980831457706
0.952486913339
0.911060712539
0.0360165707277
0.8897287898
0.859092799516
0.0493293262046
0.540563375996
0.552361428277
0.879330515995
0.719211522794
0.0531642686087
0.202638619742
0.350267615165
0.307150437797
0.185223479785
0.818995426231
0.811131851144
0.0413574607275
0.24528891657
0.0297862284903
0.844901167446
0.689078595917
0.609062474806
0.894776541527
0.384507118667
0.882842332875
0.743582970533
0.721815257082
0.12150188814
0.601112768975
0.74881442079
0.498822939153
0.232674021679
0.463534853004
0.081046610802
0.931427785122
0.494531903076
0.951577855304
0.0977027481036
0.0390918525308
0.620735708591
0.789663275012
0.0198316631459
0.841239123099
0.686112134094
0.737787393877
0.0300352426584
0.830132671004
0.0391266573624
0.549909514507
0.887487098147
0.655268849735
0.904962498943
0.220116460654
0.85600590353
0.110042842382
0.273889579557
0.406069342828
0.441867600048
0.955210543115
0.242218701396
0.965301030801
0.0800497386634
0.483131662484
0.779252456758
0.45439660919
0.251510140148
0.152615644099
0.959259747822
0.354734076725
0.0733095350077
0.773817273901
0.101253442069
0.746054772476
0.96978854003
0.958919364708
0.559139284633
0.63755388244
0.562998995725
0.940871633079
0.881732506091
0.967801494138
0.503935110869
0.148009206428
0.106384641878
0.970931463754
0.556605519345
0.628420507384
0.894562361809
0.921348593132
0.56131546788
0.824437995396
0.0735853336447
0.0826545942572
0.768001172448
0.967100222905
0.0366138311951
0.960304178216
0.93251724586
0.56045711101
0.169961037253
0.128288138818
0.157211149604
0.526051036091
0.638033934388
0.923326371329
0.363433594177
0.257915753457
0.685306771778
0.152615644099
0.397624079168
0.711168203979
0.861730868687
0.0874207859118
0.580275170621
0.936126756546
0.477322249599
0.511433066613
0.167972421122
0.750413412419
0.750703866342
0.0936277625833
0.69519897104
0.0537749984344
0.928167888285
0.144062779387
0.921980777764
0.294163030099
0.515048662049
0.429631387907
0.0632329748898
0.203464872487
0.833766237486
0.619577040744
0.752594427867
0.336641278982
0.623387822216
0.918913117636
0.323824377562
0.343970568263
0.0690737658788
0.416307836675
0.607306841702
0.149416788133
0.888802163807
0.192163247798
0.37747388884
0.854005028568
0.621726693552
0.954893060698
0.918332211438
0.521045183163
0.758114361438
0.924387248407
0.223992414753
0.0283480145802
0.0544576743915
0.0435432373983
0.134649252015
0.85823916033
0.378681719282
0.847034283215
0.451793346234
0.812027544629
0.0436770602632
0.0452562344
0.0518487323894
0.191161941496
0.47241730125
0.900772176855
0.886406753286
0.399006655021
0.193041574507
0.47343464142
0.744892866252
0.868247260133
0.733777558476
0.221953160179
0.659004773076
0.896959606552
0.813735569505
0.655851797347
0.280672551689
0.1393462514
0.67071922757
0.415745622811
0.789524646231
0.493967476548
0.267790853433
0.894309142877
0.845733779759
0.176126491266
0.28448915701
0.603279100021
0.664047007665
0.844626889811
0.29640455996
0.0297862284903
0.16176254452
0.929788918661
0.334579976531
0.91393561535
0.518286772633
0.0978248906832
0.85483310502
0.26342506987
0.374268752871
0.560105886287
0.913317858187
0.491920529257
0.373054133137
0.634876645367
0.710898941072
0.0174012928242
0.154967666483
0.706592044852
0.981425201543
0.0283201506759
0.0541341705951
0.564832108771
0.269505086712
0.852861682533
0.67012805649
0.6368910216
0.198056792638
0.547470479903
0.887388853384
0.0530089920494
0.961642914281
0.966885372584
0.813344717912
0.299574515541
0.0425672732964
0.253549097444
0.30408325019
0.964064919931
0.887183063041
0.978273015578
0.381946593743
0.692066212326
0.888625654504
0.897458352716
0.957023464046
0.179309105065
0.44019812771
0.878156162291
0.236759497346
0.808967404026
0.022745461786
0.112235055683
0.0835935128357
0.865815936376
0.405976598185
0.716481502487
0.900497017205
0.400714489975
0.109242423442
0.797226233707
0.621621687687
0.910287611806
0.902618886029
0.459260564136
0.257110864994
0.547791482907
0.0558741224747
0.22308885443
0.842903617405
0.322958399656
0.0888584854269
0.902305246988
0.939782570156
0.178402906062
0.0698298235322
0.79303541729
0.948892385737
0.0156448518677
0.910483502045
0.0626446346507
0.918622755945
0.0246403030957
0.551840836222
0.129075114234
0.0739898322835
0.806580830854
0.186695846877
0.750242969473
0.0408268900366
0.277817302377
0.0492181477508
0.349505157604
0.0963465250397
0.428328321059
0.133395869336
0.937724837655
0.946827465545
0.63325632869
0.861407161011
0.493710659118
0.965290197824
0.253053366968
0.16836058143
0.0707960295663
0.962713806833
0.252122808632
0.890779080172
0.167545982243
0.359588064794
0.272577376204
0.919026426707
0.18928688999
0.523464835679
0.113180542398
0.0431084819885
0.244771860107
0.51379411604
0.201713517527
0.255936649372
0.268649579145
0.106145547144
0.923776397726
0.468495993371
0.318168948744
0.0915212762921
0.805166136397
0.657342564439
0.601287078364
0.151748972001
0.408098841819
0.788958961593
0.161335129521
0.142706899821
0.952188434089
0.710245239977
0.394763974799
0.532436939599
0.328284955701
0.167802765306
0.0453644177685
0.0599742981201
0.665912478521
0.820293487534
0.122911540871
0.826348757879
0.0596611038767
0.130197789472
0.186365152967
0.17755025505
0.452387029357
0.402487053098
0.48044901822
0.681420581524
0.646640866727
0.0341245019534
0.0668063995799
0.719885840274
0.655238418052
0.0918780228337
0.737467220993
0.0742786007328
0.0849832495613
0.231727906602
0.755422544724
0.918489318689
0.946615696799
0.611542067089
0.916685427564
0.909314665033
0.531321487878
0.694042100284
0.940871633079
0.960490461298
0.593862762262
0.490742410419
0.783206024814
0.967544296296
0.0401736000638
0.899811458976
0.0803351213265
0.713886384832
0.512007568836
0.967203935392
0.0893068817355
0.0622275936746
0.377022274485
0.240158323613
0.226380689758
0.0361112694112
0.772859938103
0.590597756811
0.342600782978
0.795086997295
0.105826033677
0.535217787876
0.663037084291
0.0506340263518
0.13826013798
0.728591093788
0.547239479302
0.023362504804
0.305921395306
0.873110872711
0.466661069148
0.325248929962
0.623606856164
0.283743232602
0.935943089572
0.209092870955
0.503701740542
0.183437499331
0.109328319721
0.905497476826
0.424163331014
0.915282255054
0.964752577045
0.2249820392
0.0538576640102
0.274648844091
0.861074708153
0.92190656584
0.127786279884
0.970229383226
0.852823672814
0.337335477325
0.802712077774
0.342990584182
0.799112951873
0.0519058324751
0.247400007286
0.745051656953
0.467672981348
0.393780861647
0.961642914281
0.0537899241646
0.300760308845
0.0768011560065
0.536989975631
0.899811458976
0.113218113118
0.781879598246
0.547234144416
0.488701546387
0.338537515316
0.15165611954
0.843342807912
0.907539172772
0.106064380344
0.534417408438
0.961976616015
0.88794747633
0.0250921068063
0.695507305594
0.918485563895
0.451597163269
0.0514456284157
0.837695710363
0.957530092763
0.209024972989
0.183160075097
0.034850333387
0.97742672123
0.321536835395
0.506705707189
0.515484414273
0.954805104538
0.057233081663
0.903340916209
0.934604047821
0.544659701767
0.969953781059
0.0205810046902
0.306999799071
0.616305108669
0.746852854233
0.391526940544
0.36329794199
0.974608603021
0.764560598931
0.118392025223
0.474746741408
0.604226787234
0.962745070993
0.917155217457
0.924202082502
0.175496389065
0.716732171472
0.88620783325
0.0284782560481
0.784411108638
0.876882695032
0.779423842279
0.0622215838925
0.408065331019
0.304561342657
0.693922792246
0.0380491321561
0.447890358063
0.732459334905
0.957967627152
0.937469220224
0.859092799516
0.960586266452
0.652113959482
0.493592653718
0.192276631469
0.0745746502459
0.132605151017
0.618185595609
0.938158580369
0.0652618734717
0.509767612665
0.688812545248
0.0934054407384
0.870753523655
0.934120043397
0.921576334423
0.432007736637
0.939956124764
0.10009225854
0.316060965022
0.18567434183
0.911820828831
0.511820974973
0.417066252261
0.388463026254
0.588946811281
0.117216988053
0.0903353343084
0.481186331069
0.103116766453
0.288730195452
0.727594774636
0.950745941958
0.624706046327
0.770292952599
0.165053950921
0.855089295406
0.669365400334
0.454945724484
0.57957631783
0.884727419984
0.47853256444
0.432418044434
0.819880479776
0.365064177765
0.467280529708
0.209137177315
0.313837403647
0.20676901986
0.434168007275
0.532966011268
0.176051662933
0.378762388199
0.671565227986
0.0443803818962
0.0727422642377
0.788543987362
0.107921382979
0.745041667543
0.495576019462
0.0688760961887
0.364392305769
0.970682068012
0.841646058531
0.0531207485262
0.053623881606
0.055881461253
0.294672162686
0.424156846966
0.920050638878
0.27959270307
0.0209746473663
0.752461766313
0.883170837117
0.471397928514
0.882508142084
0.403312679979
0.314107852586
0.089802647957
0.854488206584
0.301970494331
0.70187493748
0.836442204822
0.0427045888763
0.502165101641
0.644340424723
0.0995403987174
0.187448443878
0.22306281382
0.59909886922
0.106042250905
0.0444167921637
0.263328149751
0.867067487093
0.125671073977
0.599166342876
0.145833212512
0.177232364109
0.599916310336
0.473387080475
0.971334706928
0.853247745067
0.274374423195
0.490216183908
0.907826022537
0.242269632034
0.189641168013
0.303336429816
0.599677021404
0.825587525537
0.0360459954427
0.122650578611
0.535528034117
0.631800676514
0.441013042854
0.301865095259
0.0930953151647
0.08781397946
0.295553001704
0.0654226090161
0.764134760176
0.35222303809
0.0997408202663
0.662484527353
0.0375751435451
0.18408251941
0.29339934273
0.9682318644
0.948261120041
0.457418529374
0.0448254403113
0.877344628133
0.386243056343
0.0794456202374
0.931427785122
0.881789344564
0.757732380083
0.604168113833
0.974877013034
0.259902441094
0.321464216575
0.855972348035
0.631955763525
0.254425802996
0.741580667394
0.20893522854
0.576623861091
0.296883809183
0.518010087456
0.847231031742
0.404745555702
0.880467950579
0.182475160731
0.956423092556
0.975760768071
0.336126510799
0.952350398735
0.460865013384
0.872414248289
0.0543206223102
0.353318091556
0.0354351868747
0.0489551955549
0.32420806008
0.710076320954
0.793477068682
0.608496184369
0.847963463671
0.586292378495
0.779320500258
0.631714826509
0.898401032235
0.140977357234
0.787361928545
0.786433265085
0.940814494692
0.482277558054
0.938381018314
0.388827881581
0.179126063919
0.833160768399
0.954296120842
0.824815045305
0.250252917875
0.946631940551
0.820860229735
0.528267532499
0.188651425912
0.535525149218
0.909644099607
0.497836724631
0.100733279808
0.888397907665
0.249256033536
0.765591298396
0.144193704609
0.522277779796
0.896313645726
0.845843347084
0.0187467631528
0.347278500285
0.0470080279252
0.870160600566
0.948055159175
0.295371391149
0.0990868075818
0.454096488543
0.947569837859
0.935095137728
0.955548712037
0.393732086003
0.049016431812
0.218083219622
0.670560416224
0.983690540079
0.0883266492342
0.713183390137
0.730629592563
0.292457943341
0.821243164072
0.232337802201
0.101218980884
0.230590247838
0.0914411649861
0.113493620002
0.413737465927
0.883067777606
0.166850387267
0.1235540441
0.696182405839
0.14795729628
0.566441708847
0.471744104318
0.595881336544
0.34081041021
0.564807724144
0.972092691773
0.941990132179
0.277190057959
0.855814661975
0.142644027859
0.590971295615
0.422259843141
0.432794724653
0.359760819066
0.0490509635284
0.0315320379434
0.528587307512
0.211855206247
0.244736783983
0.908390689568
0.635279187831
0.759637059776
0.26358759834
0.0468580443754
0.927195072501
0.171597447539
0.436539236231
0.824848543582
0.531441957467
0.671828979471
0.576712046313
0.814332132963
0.53870346036
0.680534603538
0.0992547310828
0.0518487323894
0.183204015189
0.894429826301
0.91760318105
0.750421939414
0.973944750555
0.891818451715
0.0794603712678
0.220097371999
0.863082691141
0.356446878938
0.648565923831
0.947651410275
0.422495958759
0.516494700195
0.096013537221
0.204550196752
0.872119140156
0.937883235836
0.136844163361
0.466352643362
0.0221163085611
0.721965244981
0.949890421494
0.962541158078
0.703755573828
0.92601478577
0.64018276773
0.847995789381
0.924052768933
0.894309142877
0.908239375193
0.460044978635
0.558300813205
0.0990119763394
0.144839509942
0.924989295536
0.927643081756
0.370395063905
0.918583298769
0.807428321299
0.194477887333
0.176102382322
0.707308693156
0.703911415143
0.607425735519
0.170479027764
0.882752005846
0.218765366069
0.910242816949
0.511473236423
0.0447968390597
0.443471207573
0.0492181477508
0.868889119724
0.952221896859
0.635449425023
0.351920487074
0.23901079731
0.48891596664
0.0821211201024
0.855641735263
0.920955964223
0.305885814414
0.254904493599
0.569722749444
0.0363954103761
0.0767285189296
0.931576406069
0.452387029357
0.564561241743
0.0827110658255
0.952299764657
0.324471900686
0.459722016539
0.879012880277
0.0366580170849
0.101509099798
0.0722863421995
0.384072106935
0.0407223026066
0.635396701476
0.595612750723
0.788305005694
0.325486081112
0.550917271553
0.878245770034
0.141664053658
0.539581041789
0.342112100001
0.375129164858
0.0394342206549
0.340086126935
0.528887424904
0.296549508356
0.878835969823
0.85199329023
0.773031220388
0.381421274849
0.878032470761
0.163037404823
0.2312847469
0.949103925855
0.867518390547
0.788438071431
0.598716315471
0.0930858453781
0.541813634772
0.113301215257
0.90266135357
0.945704369961
0.201720887653
0.969604040411
0.742111819727
0.0640353646596
0.170509550487
0.726259347907
0.367034252517
0.543938467763
0.0516302470909
0.450396764061
0.508825529154
0.973464516209
0.129793156677
0.604005478298
0.527152703201
0.188909911943
0.926273617947
0.980812563283
0.838780170223
0.621099676912
0.947433258903
0.194535057953
0.748477965324
0.532387928335
0.079953011095
0.955854506929
0.325787145861
0.193204889363
0.728242367079
0.691533052364
0.959111779264
0.749893000817
0.203781093217
0.952464990059
0.923381479885
0.763102245009
0.0409705044875
0.972252787205
0.303825950303
0.116447438602
0.643367828536
0.812805370177
0.915012040237
0.10536118845
0.963059781707
0.0957992939109
0.148528183124
0.95009040866
0.810095240443
0.643580911659
0.623455781506
0.828552476544
0.0164052680914
0.699498229201
0.0116878121291
0.312559352006
0.379370368701
0.359760819066
0.111098001611
0.692667803667
0.0573681810101
0.973964308819
0.0937172267657
0.397566146708
0.0742126161622
0.836646498325
0.862833439801
0.422971374246
0.141335417051
0.732877418995
0.718982198637
0.0312722673648
0.838257976918
0.0411708667997
0.504905116576
0.38105824979
0.0437436975138
0.90647480766
0.915091072989
0.127210348754
0.716305473119
0.0556027906878
0.831470362021
0.143696864884
0.0225220277115
0.959831061191
0.22949919444
0.532784564544
0.457950730157
0.775676062322
0.582438935529
0.969953781059
0.73610313438
0.438895953456
0.863082691141
0.941452465373
0.639466754578
0.564561241743
0.641838734782
0.382025797685
0.938760144151
0.392700767415
0.0677084178989
0.0252542369851
0.219856212215
0.728039788828
0.954873006545
0.371731836958
0.556934045762
0.962994795741
0.472441959835
0.958703060471
0.545607796776
0.648669871303
0.371814151014
0.576193595155
0.0747879069335
0.760850048185
0.0918780228337
0.0919203630192
0.0828226203236
0.060711488741
0.842436452233
0.683218126996
0.365497186502
0.0681124216323
0.485589378367
0.90890597422
0.816231672094
0.951986511631
0.386783593643
0.325593197196
0.611308553948
0.20563460434
0.74853053672
0.184313138089
0.90911567659
0.53952052858
0.827941575857
0.122203403471
0.429566456181
0.738605888468
0.543987008214
0.170846486552
0.514744876547
0.923560142573
0.19693925182
0.795964184729
0.808630663882
0.94621092219
0.125356416101
0.410371250548
0.851936825312
0.834179374643
0.24114627293
0.0933020810739
0.0581133374674
0.676443767361
0.869631051378
0.110591264459
0.496341328864
0.955364204499
0.524817712751
0.109269028221
0.153462628263
0.0470787186149
0.682553277483
0.465645988551
0.840513541422
0.873514156554
0.176758952077
0.955020514824
0.0905783089768
0.125591405658
0.359588064794
0.585101264096
0.667715319709
0.37957442598
0.0508090351145
0.953979491987
0.665438662383
0.0505500699755
0.568299865795
0.642025332399
0.694821234767
0.0563166226515
0.881833917649
0.735312795761
0.927645832484
0.568343983198
0.597973543186
0.234501801352
0.812134518086
0.974363016784
0.0472814083449
0.497186165547
0.0252492856646
0.697485598518
0.920702811817
0.0377577410032
0.0334322219629
0.51642706341
0.406143944706
0.861097487286
0.685720611878
0.372096462186
0.626940623096
0.226184937487
0.973992644922
0.795361887437
0.896488819214
0.282944913129
0.566562055539
0.886708199444
0.894126619473
0.732769709769
0.77202424819
0.339314917638
0.952105213484
0.893361652796
0.0642972000647
0.742263659518
0.36457568248
0.196520277966
0.241493171699
0.68881917377
0.0844320608318
0.104310576829
0.901024080923
0.0981645640508
0.292028448855
0.253781622114
0.268808818977
0.246107708458
0.454623040015
0.121438421931
0.329070416527
0.316134648457
0.376544548159
0.115792914048
0.479241984634
0.797869180073
0.240811224787
0.169359282489
0.205409940707
0.957691663307
0.0312628734547
0.351775033208
0.95009040866
0.964135557376
0.383511046843
0.0226794261556
0.343803617448
0.413321668342
0.0578556478685
0.970563792585
0.945711536802
0.608909483992
0.708973103763
0.0590331487533
0.863666078797
0.863996471668
0.480867761046
0.350683529319
0.33783385238
0.93994203057
0.0929877021284
0.794548446651
0.24564166257
0.835236007381
0.941684534132
0.476844023477
0.381371733036
0.0238742606037
0.212064725609
0.869915395291
0.487658336032
0.20251553242
0.825198261106
0.761309584259
0.50524945054
0.0386412509623
0.161695954684
0.878511865384
0.952208520494
0.963628016695
0.0569251377013
0.602377427048
0.531874379436
0.912313887611
0.502325158946
0.0496696361495
0.179266362216
0.520882903642
0.961101012251
0.375655579263
0.0724913178201
0.773450316244
0.854505536957
0.898940342656
0.392698995206
0.898744781173
0.519598128489
0.146212443553
0.918275411159
0.961595331636
0.0815967910531
0.513236070072
0.873986529913
0.145858048801
0.138467097152
0.297716964602
0.101439788263
0.918672370254
0.79878330586
0.129622615779
0.977716563849
0.247395658256
0.0795708879659
0.343159874862
0.853004212969
0.134551655514
0.106467272677
0.710649976134
0.874013022017
0.887906149331
0.844232927678
0.101253442069
0.435030359467
0.0724913178201
0.911105323784
0.243362359318
0.785521459955
0.126819788739
0.77545665514
0.266775280881
0.0796144407471
0.960586266452
0.551120884623
0.169558290453
0.622562908954
0.0598162818015
0.752069208439
0.715518325401
0.0570227560314
0.677717410257
0.939148137658
0.873164848401
0.0511050926182
0.0442469350852
0.620741051472
0.223140161784
0.729911783776
0.304318468823
0.240920274992
0.526051036091
0.878871242863
0.363001027388
0.563847429488
0.528470714927
0.0635902930566
0.651405021848
0.85539826603
0.794194956204
0.388352273715
0.0291224153028
0.698308564785
0.782044443771
0.0153813619763
0.770118360605
0.930782103494
0.945912261619
0.565481169735
0.73810499215
0.398525788752
0.956142487749
0.467809874546
0.112580606452
0.424407223703
0.081173393377
0.975722274899
0.665468008266
0.856183937543
0.694679218233
0.36062664142
0.310926362928
0.0421818660164
0.53897815626
0.474952447656
0.952424675058
0.179447010112
0.375806638037
0.315617260063
0.623446987354
0.951783936256
0.055413023281
0.114590347808
0.636709846283
0.686438203148
0.142085265772
0.669186669918
0.0660727316208
0.73270470431
0.631858907802
0.774408263399
0.101137164952
0.942349648015
0.883184431657
0.946380083038
0.908494182662
0.13796450373
0.956508441302
0.149511653537
0.974828461046
0.387357603349
0.961931657426
0.0175645288481
0.343350348148
0.427409635669
0.374797993607
0.385499187193
0.686858054583
0.853296020076
0.949154338933
0.883067777606
0.946647181281
0.203786279408
0.364062442184
0.885989620363
0.280187632341
0.282687426631
0.589123287613
0.574960771054
0.128267542878
0.520461234801
0.876818227067
0.896397872202
0.519882247858
0.473001959464
0.292613406788
0.0608316428682
0.274539988311
0.0636952551844
0.700129769236
0.283074523193
0.0252018478634
0.353023491219
0.965543303488
0.528433029948
0.532481743093
0.533374672374
0.397220819726
0.561098082707
0.0207373916462
0.850639836966
0.603317300639
0.4084390035
0.95531973
0.0196856278576
0.0584154460087
0.689202531871
0.757466238237
0.206013339066
0.843738168513
0.869941250868
0.880791455977
0.974159658087
0.636207264363
0.374568675138
0.540880624866
0.0753428533455
0.906646833016
0.188871987899
0.219440770681
0.857477630557
0.370472162084
0.781629066357
0.633768227169
0.384409413219
0.495389086438
0.43815811491
0.573004869545
0.681934473017
0.263951032897
0.521144066394
0.883505853019
0.189969562667
0.24188405719
0.608593211146
0.258549564622
0.954637833818
0.28395868754
0.604744494888
0.144813069761
0.380524918628
0.280850873977
0.202045488219
0.925000969209
0.661677840829
0.172845558098
0.71153415569
0.0467377232891
0.948339071398
0.0384855570705
0.733416360627
0.534277617815
0.922680120007
0.24528891657
0.821790343989
0.8794384303
0.10076177609
0.776029110699
0.37056318707
0.703479692098
0.920393083773
0.148302910931
0.728603249703
0.691104324749
0.160761386294
0.187696505674
0.599580554384
0.851796610966
0.899216286971
0.395872292933
0.155021847171
0.180189099346
0.162259003971
0.83745214132
0.283849874344
0.852519068704
0.509418385977
0.753872162933
0.0221868895351
0.512658179815
0.855696785018
0.759869258847
0.895211697521
0.131101306019
0.670891759885
0.0255825026699
0.0370871224505
0.922857964271
0.731717023848
0.152449752099
0.472156999773
0.0348816488182
0.568302238019
0.332217179152
0.320638051936
0.0579221069208
0.319004407537
0.29822336102
0.668049643493
0.310278369334
0.907414374114
0.444247255355
0.330057299587
0.163369443376
0.163369443376
0.435175353956
0.465701596917
0.0690737658788
0.765351417585
0.705075168437
0.0997810080421
0.959911501304
0.890779080172
0.668377229873
0.746940970508
0.929102589911
0.280187632341
0.907783616348
0.149805225623
0.608022183318
0.216763740035
0.905179454799
0.572761354162
0.729148924362
0.827553773457
0.260213466411
0.953903717937
0.78435136892
0.191134597117
0.764552090839
0.505594960672
0.959444046451
0.910704750338
0.321623555167
0.905453053266
0.95654534181
0.93861982401
0.0513383928863
0.888346048776
0.716252015738
0.600685173029
0.130508937555
0.493710659118
0.870282635097
0.266775280881
0.353867277265
0.955684518746
0.409423453895
0.531082713441
0.964363295902
0.467188815533
0.970791220983
0.904987730552
0.416728775927
0.049016431812
0.93251724586
0.942480333307
0.95881658985
0.1817746134
0.106587422591
0.790003994379
0.572101382696
0.951070475221
0.918822148128
0.955743159147
0.164376931161
0.0553608066025
0.116816351276
0.849777647024
0.939106212193
0.746812499351
0.860090516826
0.0795960786849
0.553972115468
0.140004248336
0.966332775708
0.148297225033
0.370036763924
0.0464953693677
0.945010963669
0.0691921050072
0.960940447726
0.967952491724
0.967113888651
0.463938454734
0.850639836966
0.254953209601
0.618946878047
0.814936049724
0.139849858844
0.963417902912
0.0930510494095
0.2922426957
0.761136898362
0.113843028569
0.979298169819
0.624706046327
0.623578290855
0.12282485699
0.12155416167
0.553286404054
0.977572492737
0.62383438911
0.546334323833
0.753046079226
0.106850058848
0.274133115414
0.255188364223
0.962974071629
0.0329777868861
0.0352541300627
0.0939946407915
0.0748272760069
0.527912653792
0.916438012642
0.464556153381
0.459629349198
0.849065930315
0.508828274979
0.768015265083
0.187388867018
0.117097361795
0.880034035487
0.925649908186
0.353683611385
0.166143129209
0.5548898412
0.0920567307784
0.0567679603553
0.394461796473
0.940249617092
0.565547229803
0.914492264504
0.883485040254
0.355664996881
0.925617595065
0.954147179883
0.896488819214
0.55984114675
0.919920262634
0.763458798644
0.888625654504
0.1235540441
0.0543415383743
0.744640699316
0.18897674108
0.91579753126
0.841536307739
0.149994918238
0.196843967
0.954784832426
0.459687776983
0.117140836293
0.784598369347
0.139730049971
0.922419770361
0.389005679972
0.690900257194
0.123457403354
0.188597833659
0.952484534893
0.661819543843
0.0362167448316
0.704677659352
0.632526291485
0.858206026036
0.24953106152
0.556455722286
0.749954406794
0.563103217926
0.930115222756
0.787981007847
0.208229267088
0.726432460734
0.853472915778
0.412857266614
0.0388026990246
0.941986460251
0.387800320471
0.0973711003634
0.914328252655
0.450147913255
0.905103523549
0.276607069039
0.641018140979
0.751165571457
0.0813570405489
0.29777825748
0.0326276143617
0.0825076266457
0.739624512146
0.432645122843
0.296006645211
0.941076887774
0.0262537819199
0.43311438157
0.891639840359
0.0559782500606
0.493537096663
0.767995072449
0.595980926889
0.745343261651
0.441765779125
0.0647308862666
0.917466594206
0.488180869197
0.0551945853533
0.289722426052
0.372429219735
0.254660470884
0.885375976614
0.686380739139
0.951418384116
0.643367828536
0.682303129018
0.511128099644
0.79092600976
0.883007505221
0.170618050088
0.644529899349
0.140933411865
0.342600782978
0.0659078961002
0.572555284717
0.177747312573
0.920652454059
0.660308601497
0.828380271523
0.149623240993
0.290212715955
0.536974655402
0.163342539375
0.539881703543
0.721330588882
0.0566584443536
0.251335863517
0.192743807105
0.184115572311
0.789226964224
0.024335769002
0.56346577391
0.252044843045
0.016008002567
0.14996195729
0.221503282441
0.711214317953
0.325448116055
0.641730154023
0.842903617405
0.27622631704
0.929456208606
0.845296008118
0.711443097502
0.951332703456
0.914202266263
0.0142181203638
0.370117315636
0.969750744324
0.415744198932
0.920366341091
0.0241417984719
0.287247926743
0.383073258216
0.668904020932
0.660475455192
0.646337130789
0.453365279663
0.151407273708
0.616318697076
0.0257706233792
0.577066169603
0.949491487885
0.448669294905
0.0530089920494
0.261735785442
0.0718749711942
0.299445227628
0.536448274867
0.857772859935
0.065883985544
0.739250654363
0.768189785417
0.39249168268
0.974392965744
0.947610170196
0.87215913719
0.856259034542
0.615729801137
0.938305801105
0.168745341374
0.0468622611026
0.485659993536
0.421029592971
0.163848860998
0.967801494138
0.199628802917
0.967861819083
0.603508062925
0.622339917506
0.275223702207
0.962881877989
0.605312715724
0.159336487871
0.150750714477
0.39298961327
0.13299740728
0.303336429816
0.160108870851
0.0570238201608
0.0375751435451
0.0936424422025
0.706616894519
0.899388510356
0.475566924356
0.19509616891
0.467325508947
0.942597800395
0.180092499122
0.852577304496
0.818805220374
0.288316489204
0.948299850048
0.476558484418
0.416600062078
0.209550412264
0.321088328473
0.495414480289
0.141196375034
0.905532687398
0.93032717281
0.737467220993
0.515377415727
0.128539749632
0.355553755451
0.582568240724
0.0494464617238
0.620843180333
0.598721945606
0.14339118793
0.813389408549
0.0613507546278
0.112465916826
0.934023491468
0.193713913481
0.0532372044208
0.729911783776
0.226378662498
0.88705584185
0.203018659125
0.189368842569
0.103273160015
0.447875163394
0.688809633593
0.891281200815
0.553896919361
0.922333108827
0.848214666674
0.331712801128
0.0867832369868
0.944535871266
0.910371795009
0.553636495877
0.703012129856
0.912020930497
0.0684307171344
0.611119278594
0.932693991673
0.141779551685
0.101218980884
0.608496184369
0.451073591224
0.150025550239
0.424372709652
0.390063472739
0.970633295703
0.229154592966
0.958819090845
0.0553915672484
0.948905455297
0.206235022673
0.462874676563
0.658913503371
0.757747303249
0.157662885999
0.881073796425
0.0199740815489
0.205406714366
0.699654385446
0.737787393877
0.0996355446697
0.775751127475
0.48258263712
0.829662395338
0.727819694401
0.457950730157
0.249114641461
0.951897626913
0.520616154778
0.382154658257
0.976376590463
0.549903645154
0.0792560409829
0.721308090115
0.472287375043
0.704860472492
0.300877876056
0.0425668086639
0.379370368701
0.95262944761
0.104891991121
0.425959858801
0.494223004243
0.790092479535
0.62391531497
0.973609216243
0.534277617815
0.724420397612
0.901853886998
0.795086997295
0.798752338017
0.569617722969
0.80482077446
0.653079859941
0.214338902676
0.72355209863
0.567014400542
0.327635927177
0.946618130135
0.0529494876965
0.492519628119
0.325600659624
0.95792522085
0.45745087646
0.205339281292
0.973983599748
0.742111819727
0.691434882405
0.190357536722
0.517757614609
0.062062840308
0.796818446767
0.0737976905039
0.84747658274
0.178269999795
0.9234297552
0.018773167874
0.0514022785167
0.0783698323412
0.87501684725
0.676059921591
0.457166285421
0.0687102337248
0.119321659876
0.372440555089
0.834118682956
0.85266950662
0.0650156761659
0.0899122292944
0.101708170933
0.323714527692
0.904534761525
0.974828461046
0.846290846424
0.489510279575
0.883612162755
0.314542194871
0.0301590635358
0.68410017891
0.0937489847151
0.709445562946
0.686286141156
0.0458374291011
0.646337130789
0.0535933410173
0.13248403076
0.909744182759
0.282503094897
0.383308133762
0.76964152831
0.887330175801
0.362801174021
0.0805270547316
0.635998311343
0.0211245539069
0.209968837012
0.0496755950817
0.886342638565
0.704438449831
0.112425297938
0.855069162861
0.103393926042
0.61893975315
0.0454191532262
0.741580667394
0.517071030732
0.949350220639
0.692924398821
0.785697756703
0.061412936442
0.330837844555
0.148527799788
0.927195072501
0.0521622844685
0.433607272429
0.0350622872308
0.157466183907
0.0521652839446
0.49291384465
0.684180054231
0.880623239083
0.148297225033
0.61693364032
0.913097212873
0.599255537462
0.435392502521
0.852338129299
0.093421687432
0.0189488497613
0.741927378151
0.70121812921
0.751077397059
0.178623384974
0.0737002031876
0.617884888578
0.113290601569
0.543346615564
0.236784008944
0.761585723536
0.0795906622702
0.0728338311226
0.32051772608
0.565795462878
0.717629676383
0.479396224757
0.447704428766
0.943450283702
0.0495234325725
0.881188120579
0.89253271125
0.791771230013
0.920798455067
0.147296111446
0.951706796981
0.119273988058
0.966197619308
0.124090475856
0.154620807589
0.492052544339
0.975886619113
0.268502526061
0.413650541087
0.624387015951
0.768717633019
0.258232826046
0.0225530467549
0.537531335198
0.605436520032
0.144839509942
0.190311684126
0.911369473785
0.848379592332
0.642697275106
0.517470679653
0.585595288212
0.444920037801
0.0489510026781
0.719610540277
0.197822237741
0.0510465093731
0.589191127074
0.694780738105
0.925681111225
0.922973880335
0.0312671315609
0.921353574246
0.947549675422
0.760184828142
0.956415500961
0.606583868276
0.191249983373
0.107655639966
0.487046380667
0.366358449828
0.435630994972
0.205163368773
0.80246822089
0.960023121046
0.938031749022
0.885273557639
0.0729689949772
0.356791581132
0.659894753791
0.227863244027
0.699618007084
0.886871119682
0.0532017764675
0.284545322056
0.178643474918
0.48112492838
0.528028711319
0.218837492984
0.866325099153
0.1159530796
0.140704114955
0.331496319046
0.14866401066
0.928161459268
0.174522879995
0.677957245359
0.478233773287
0.857862187244
0.264543051731
0.0635902930566
0.717890815603
0.351132853749
0.0480700243568
0.29608713485
0.85639625686
0.642697275106
0.541592426317
0.795401696002
0.839459660125
0.923054932512
0.0238774578928
0.554403385257
0.0493293262046
0.637635954165
0.965695791448
0.54870264761
0.814933061648
0.473244239226
0.0150290246796
0.946835109648
0.12935184727
0.83632461721
0.194715345654
0.21529567335
0.945193033328
0.872866187107
0.706839945853
0.84270408958
0.827708961985
0.126119223647
0.800946277466
0.611119278594
0.963196272851
0.29031527511
0.915091072989
0.310979015044
0.210858235803
0.414391680937
0.859959291236
0.817372285465
0.681517682079
0.140391185751
0.898647337166
0.173419764002
0.12377726293
0.677717410257
0.519496249655
0.882307672575
0.876018694161
0.163951916813
0.877466483257
0.73117838269
0.236216457113
0.560182084748
0.808609413649
0.942118419351
0.35787655587
0.5244971434
0.105317621036
0.0482993093137
0.13310617825
0.49717378648
0.501263685999
0.195284831851
0.052934847886
0.941011255844
0.695183593014
0.0267207491177
0.963522748286
0.14356314003
0.904683694656
0.529353966906
0.19449945219
0.681298847935
0.260367895049
0.847682060698
0.360070550936
0.832290622189
0.637655273105
0.757838422171
0.51518943939
0.0253751351694
0.631670006912
0.618551500137
0.850713785246
0.700299448719
0.139538298551
0.0961471808219
0.735175914109
0.973960137855
0.618673786709
0.965849887531
0.206937539267
0.894707625236
0.0955947192928
0.913832448699
0.797140989487
0.302835247375
0.964752577045
0.747859112564
0.0611494992595
0.471681288731
0.647529631057
0.74049665225
0.438977514378
0.91531564938
0.720489979873
0.0181892751225
0.861399907482
0.777262843707
0.855056638747
0.262758777867
0.561446062009
0.855225898717
0.310594243095
0.0942994682499
0.0702824066426
0.0546301980963
0.0686494275404
0.964521746786
0.949130415211
0.908640837471
0.0412073678647
0.484691789498
0.85845916176
0.845691877433
0.165441331728
0.0818751401005
0.341861581207
0.763699066072
0.18785155464
0.332911727707
0.0553959205705
0.122025402848
0.831913511327
0.930273751286
0.270894406729
0.862844132591
0.0809949155661
0.688253136576
0.515388952578
0.028377045667
0.0339941080023
0.26499423396
0.86229444352
0.0902900261228
0.155678637912
0.131123696942
0.940437332921
0.0125764413117
0.586336918885
0.0664481113387
0.363145553797
0.326020584875
0.915012040237
0.504766528604
0.810917116421
0.685985691236
0.877618746397
0.0910055437263
0.816402209976
0.0552219352433
0.239236556981
0.569722749444
0.0556203357719
0.620600330373
0.910294947773
0.548444659281
0.607947642504
0.282243140921
0.46730169431
0.661065243405
0.524823445935
0.523391711408
0.773415123159
0.0580615840095
0.183035639784
0.735551128522
0.721752382884
0.703836653373
0.480021866646
0.7419828301
0.633971283585
0.0739531514473
0.0721418601208
0.973619513376
0.0247769214389
0.890530106594
0.450388076133
0.320916488226
0.842459820868
0.878341628924
0.268697074375
0.0766803271218
0.635770079779
0.966088359557
0.794456106505
0.936187943568
0.239210992472
0.287142898743
0.804935663999
0.498382471714
0.301273260269
0.63174851418
0.120040317449
0.935602656492
0.947295859178
0.952750464411
0.774141601124
0.170039875769
0.967880345012
0.17723134059
0.300781490289
0.54666473678
0.352060907052
0.179725781996
0.91972355203
0.943648875401
0.185254534932
0.638512743388
0.238441244022
0.946115360045
0.977989880227
0.330287074482
0.118843653255
0.480800332612
0.884255362872
0.103729636789
0.697928826359
0.0526828180688
0.126001630124
0.0707929020576
0.842201637812
0.479953869841
0.0250921068063
0.11668341836
0.446589014347
0.682623396615
0.840278890347
0.555392778478
0.856999339872
0.328741554558
0.88171260201
0.535773552752
0.600791439904
0.867750582763
0.330964783024
0.920498943817
0.0443803818962
0.71153415569
0.840207299804
0.558697673611
0.973964308819
0.502496935935
0.971578378828
0.405976598185
0.937395484989
0.545341128333
0.90132604759
0.660828314818
0.856302586597
0.297777286609
0.953009381869
0.829765743668
0.602008887395
0.910680780806
0.915193224435
0.918496528236
0.76826754828
0.0427033957363
0.45274458478
0.890765361708
0.858439674636
0.304942523174
0.769761307184
0.961100142119
0.537425741674
0.968745082748
0.879142215579
0.582667116596
0.0448160581742
0.769041625919
0.372949688143
0.854629761944
0.0908361291021
0.715508759484
0.642434311349
0.914180812129
0.782588889335
0.154135404291
0.913964294722
0.875673285718
0.354776641516
0.561141924007
0.959357002282
0.220087788533
0.328446238175
0.257891683111
0.204124072279
0.917275772798
0.0810852115227
0.939079141308
0.175238077627
0.483549577607
0.15037982242
0.961505107565
0.533167067858
0.914154723071
0.147225757774
0.373811490829
0.184939486277
0.17551862127
0.179728053468
0.942390071959
0.865028133656
0.528587307512
0.93032717281
0.585873059158
0.831214897686
0.129145749903
0.0726091689597
0.0583782685385
0.075957367598
0.756211471194
0.0726106822201
0.0670532394611
0.0877075842809
0.152929921369
0.935547269697
0.380727559978
0.184697350265
0.106845393436
0.860424510456
0.367858380936
0.599677021404
0.0982144197139
0.0630989526558
0.28270270646
0.618752025951
0.405633475511
0.953288494411
0.629649610599
0.893596424924
0.133458236551
0.586623084147
0.653514156125
0.416479467052
0.917650722975
0.0958625188996
0.0370402156079
0.756910002706
0.875943363843
0.685927536005
0.622702677842
0.832563829083
0.701204616448
0.187016870889
0.936228116238
0.140341101339
0.642652089935
0.0848887527213
0.055080160442
0.508743675315
0.04881031595
0.758677855821
0.937568987409
0.754445577207
0.0352360839111
0.910624137373
0.618965926268
0.680072410376
0.0396980273561
0.918248187224
0.725224547642
0.056939496194
0.136199145294
0.347571941205
0.895702490099
0.376336275683
0.0951214933079
0.956839859873
0.0567930895769
0.159039104291
0.301893934378
0.865854254175
0.789226964224
0.501418270245
0.899993075891
0.918374494177
0.184098768675
0.0473370994496
0.0796705971851
0.297520093732
0.41444680649
0.155414061659
0.11933765564
0.514759103078
0.162638715598
0.409805562964
0.328058261604
0.937877889974
0.478665303252
0.205628682777
0.681934473017
0.367393647166
0.0702697786221
0.268915380662
0.169168877228
0.314296058682
0.0503672600464
0.375014545617
0.879256278175
0.94284354517
0.379489103063
0.701331086498
0.156544718811
0.53508684695
0.823906497133
0.774382084818
0.558688793773
0.673894847004
0.903159846561
0.0690737658788
0.713585631475
0.0410404147319
0.311508552797
0.890161651224
0.618931038774
0.963305293195
0.571399856101
0.596832178299
0.0262252002464
0.0137941258148
0.498062687264
0.477482437852
0.782331072049
0.339166446088
0.969923859097
0.024875450364
0.593390295363
0.675979480161
0.804611640138
0.852350154639
0.224711170864
0.0800473919345
0.959658267354
0.845093673526
0.970136280102
0.358776282713
0.405185053046
0.308728375789
0.972092930735
0.213972359465
0.818403558659
0.443297941521
0.141022512334
0.100687400446
0.76023967334
0.106885203032
0.359564383118
0.891273543347
0.0484441106054
0.909428767247
0.100959772395
0.948663511611
0.768189785417
0.782857000346
0.080285910779
0.501216156551
0.879989467255
0.399285988704
0.315817068437
0.324186997017
0.316546120028
0.464556153381
0.0960238941398
0.917131595169
0.698647809504
0.509491078705
0.737678720893
0.921855770145
0.328413558222
0.614414171901
0.642775457742
0.823754091948
0.67945881554
0.93436288337
0.573720509044
0.424117566088
0.677269038178
0.980812563283
0.314699316525
0.577042264562
0.82291277344
0.881306071129
0.433496178673
0.877378844139
0.149348267856
0.731106353353
0.504681783658
0.844183974221
0.964051396203
0.890374854725
0.976896627844
0.869027229373
0.907786898592
0.739037133539
0.414620777714
0.57252227612
0.909198977076
0.0642682424774
0.114740824592
0.0574843803947
0.216139957156
0.923495774312
0.534254762772
0.706287184229
0.805256616464
0.824286045813
0.100449149375
0.910897305197
0.946257724116
0.816322833626
0.8750474578
0.135805782234
0.501505085422
0.0877009893874
0.0263948698543
0.155564735451
0.0941118490954
0.738834611159
0.777604303824
0.0404559675717
0.0739799132401
0.728039788828
0.360106283476
0.735179839464
0.888397907665
0.97158497189
0.0412584113
0.926984753233
0.653241090559
0.0343065565878
0.657683738022
0.0754108781771
0.910961699392
0.148919528615
0.715989418613
0.910230824067
0.658983662397
0.402651938481
0.0702504717506
0.0427750086306
0.261065748996
0.114548293962
0.918991111311
0.768462045881
0.560957800668
0.0394508567791
0.0442676492169
0.439314180716
0.283331210913
0.426210865248
0.330428015566
0.266799117995
0.301281162919
0.0555274687948
0.23465458274
0.936923533974
0.436315763158
0.0632329748898
0.974851679763
0.95996449104
0.597435905073
0.150686535659
0.957427740171
0.772425281015
0.703764410914
0.509397813495
0.233692305898
0.497284963794
0.0995840597986
0.0405139200105
0.792961034067
0.17818590274
0.62053073294
0.944692407333
0.357315939225
0.648668284405
0.743835860363
0.382100578347
0.186478627079
0.353261891216
0.545701908223
0.222069351352
0.430541295692
0.535691412647
0.511812590186
0.748925502253
0.633687862022
0.36671711885
0.618579232735
0.513316797968
0.33558048361
0.860709152437
0.395546171103
0.224832109503
0.912263191846
0.0762618185175
0.928362723431
0.955354735569
0.202742034209
0.967015697455
0.788457849736
0.755435109649
0.347824949617
0.0724507955103
0.134551655514
0.260045849819
0.0318760963459
0.497783304494
0.420126312763
0.241891006192
0.551440348002
0.557947189462
0.661008485042
0.803971791052
0.746670369201
0.431618244512
0.286282495771
0.0426413852745
0.232664360762
0.0653545054028
0.948014834418
0.0637840477
0.154477800367
0.939674248052
0.666282433667
0.941990132179
0.591626806173
0.226443947952
0.404989980095
0.956594765955
0.893361652796
0.637275607167
0.0512507177892
0.0368909659889
0.88709898088
0.851930017305
0.707403658917
0.814288230276
0.444874883982
0.756183205744
0.559770204551
0.453216818439
0.781127641377
0.23589525027
0.940700068763
0.45745087646
0.841387400153
0.0664481898197
0.961262908947
0.676848537158
0.262388920075
0.459831959218
0.617960676806
0.512126213759
0.847780548109
0.213739935389
0.309459568342
0.492892872352
0.342313580454
0.438418696735
0.10598523123
0.765995447356
0.960395178867
0.904920517634
0.957567098174
0.954296120842
0.730417271296
0.960175908175
0.120728289885
0.289448012668
0.122276006746
0.758675119965
0.748458177841
0.396560029598
0.883692422848
0.883380046626
0.923900546253
0.912859073873
0.949230797221
0.965676241802
0.957456093535
0.548959163299
0.509056886155
0.851180048726
0.906117243629
0.0914892589261
0.0427750086306
0.110714420533
0.356810382728
0.882209010736
0.0357138132908
0.033592780937
0.508656621911
0.946800387032
0.337642783939
0.748382827986
0.319756486149
0.484351560956
0.107454274028
0.156268890239
0.610269552423
0.370848978237
0.768255517597
0.784489498898
0.652559105194
0.470132065961
0.240957115389
0.189286260775
0.299213120487
0.939126151878
0.961148480143
0.422634385964
0.963059781707
0.370871101731
0.498064950103
0.970873682091
0.787334180494
0.0784679781757
0.937023310156
0.251811044533
0.262222359935
0.595340872401
0.359412260532
0.203985224294
0.0879849945186
0.229887598677
0.518290672324
0.890329571812
0.923097477762
0.580089086332
0.604168113833
0.346274961605
0.499191098716
0.228225683981
0.121912429869
0.805016089228
0.966630220322
0.0266331008454
0.519214582302
0.275629021998
0.0915212762921
0.918529741931
0.620162668164
0.931923904626
0.369035366344
0.20962370436
0.0409793634977
0.0703516159507
0.469379906354
0.172656557149
0.493284249427
0.975780491026
0.908640837471
0.447413321151
0.773208242822
0.721618118047
0.961985121393
0.0622879823944
0.908007124967
0.563473147449
0.110955477087
0.392189182779
0.386747104772
0.216024517067
0.681298847935
0.945339977621
0.950880988355
0.176995634138
0.219347565262
0.0597580728382
0.248948646126
0.105907212735
0.835723869704
0.873329089824
0.964641113939
0.704677659352
0.928909133915
0.944595655188
0.936445677213
0.105705925183
0.136750354494
0.717420865808
0.833085120991
0.500603363037
0.0554938006097
0.657304978989
0.746598848616
0.877767764199
0.178177812363
0.688094815712
0.694315323605
0.941350732948
0.0642012227062
0.863770754725
0.587420244705
0.957739723244
0.594913217574
0.714725777435
0.944617613316
0.413874158432
0.187569867058
0.436930830793
0.900116084223
0.396009571125
0.948112857059
0.906117243629
0.0733422218348
0.245916815392
0.878450321039
0.21228967567
0.417070353829
0.950195605213
0.675258946741
0.0707535341745
0.85841845214
0.653251565052
0.481954587902
0.977818503378
0.950490315058
0.365852055981
0.62946285999
0.115366186227
0.966412446957
0.561141924007
0.521004298315
0.381185884252
0.0267996672542
0.690331096403
0.101744679117
0.891326329053
0.367803183976
0.93861982401
0.739319798386
0.224487354491
0.876024861778
0.815943825757
0.0610897303915
0.472441374918
0.94447648937
0.818111119898
0.0221836291139
0.696019052562
0.953009381869
0.0449791654848
0.42252802177
0.145515083252
0.551303434617
0.898389434817
0.189969562667
0.472517928555
0.810687138037
0.0952276983838
0.678452944062
0.774054238086
0.315236899314
0.334666694192
0.917563253069
0.070056665926
0.947379854307
0.179019139324
0.772860409198
0.274216954969
0.853778403865
0.0987695355313
0.866719256664
0.615355631292
0.0502159636694
0.218987625034
0.955555551596
0.809620126833
0.685562854146
0.475691352744
0.535128641739
0.201370996509
0.0674878512874
0.0731932966088
0.36384433071
0.889013730255
0.950470101255
0.877121896384
0.254577302843
0.138906407127
0.184855314911
0.964019861027
0.406856393072
0.175433730747
0.843738168513
0.858423829714
0.955168553551
0.0751883003214
0.198041207013
0.552660312605
0.109051123289
0.59279656216
0.141664053658
0.61685488498
0.320630832375
0.207122010383
0.6659485379
0.963831454648
0.339314917638
0.869993632069
0.416686187077
0.0895374862372
0.581009691337
0.201219715665
0.594170857278
0.648441177809
0.535759497928
0.205067625441
0.688046592386
0.459704537004
0.0742628655396
0.545278222988
0.465848290775
0.844788385063
0.975722274899
0.0409445733765
0.850438962823
0.882748899706
0.0726789405903
0.71020207316
0.708642352215
0.0914174081736
0.0201408682557
0.179206830579
0.287329512853
0.120500434801
0.842199421541
0.395645015618
0.0941118490954
0.116939239319
0.436761757278
0.972669548754
0.160317127857
0.831973381599
0.404199563986
0.0895248098994
0.878156162291
0.839713532399
0.0632329748898
0.0591466894393
0.520177026697
0.95043993505
0.72681415978
0.587004231496
0.365653174615
0.450396764061
0.203658315406
0.546096809449
0.0684244349361
0.855249938974
0.041081423978
0.884037951065
0.599916310336
0.373462077608
0.095132296682
0.0446392634361
0.0468622611026
0.642704553011
0.423449924278
0.304555133995
0.807336270108
0.723174260886
0.75991057291
0.346948764055
0.409990252303
0.344535975615
0.199797836195
0.954592482367
0.311994767759
0.953087399566
0.95007554488
0.285307918551
0.917898231616
0.558846272675
0.664161830605
0.0484913419389
0.103024127336
0.91832215113
0.0480113092483
0.0509077986804
0.656575399273
0.675718037052
0.408534477904
0.326095960833
0.218906956981
0.391087627544
0.200947031103
0.125462559716
0.806807404139
0.546761839035
0.605747070854
0.116540244922
0.436978259384
0.417070353829
0.851681746
0.872792914556
0.228615563785
0.353624138314
0.87097402233
0.0600558059202
0.383111909498
0.363870778557
0.952178236663
0.918806826099
0.871941817642
0.413874158432
0.841255122736
0.904920517634
0.0729722281115
0.425971538773
0.269998234853
0.96211042529
0.226797182716
0.0672321400265
0.347302140031
0.0378684996979
0.810831533179
0.774867857427
0.0444167921637
0.117652193115
0.314084790444
0.524988361794
0.975021003685
0.142611180622
0.473328516233
0.963261578501
0.971882846102
0.924487015067
0.208570675478
0.035379061084
0.819904455839
0.23140791049
0.158419126014
0.937563404699
0.0892377557023
0.930574205059
0.109406450518
0.523203770645
0.26632858012
0.590842196909
0.0951895370622
0.959737488927
0.958127802734
0.629226876429
0.0913340999819
0.0742660637156
0.394457077563
0.10829875873
0.94521554877
0.211355415891
0.256902942229
0.042990234393
0.901653879432
0.687823438117
0.295343032949
0.879330515995
0.867874705737
0.699186458077
0.201011266886
0.4593901406
0.804342302179
0.216750423611
0.948745467466
0.976454869212
0.937191087152
0.516170142435
0.108443308751
0.944052750734
0.0988000730124
0.256286848766
0.198122191636
0.536710448804
0.403868172145
0.170545816394
0.693022077524
0.0407249849741
0.0929877021284
0.882762057159
0.842667859242
0.930477808619
0.620444198594
0.379083000916
0.608968981015
0.141252869048
0.782342130179
0.608863692946
0.934264981939
0.583800426866
0.618931038774
0.768701466578
0.0488499413695
0.143621970086
0.089802647957
0.607813260132
0.529910978883
0.889229151996
0.0399802282991
0.818702806581
0.0662260110217
0.0287465543612
0.942708688598
0.421202144198
0.235089568067
0.730870059656
0.106709493036
0.879793809861
0.158065259171
0.826585882414
0.8421218389
0.845648070778
0.784119246008
0.433029564644
0.222082495553
0.103804643111
0.627805830896
0.118934956629
0.0853374030357
0.467809874546
0.152519234116
0.924319096957
0.0239469082143
0.425966661696
0.912865420242
0.392529291915
0.762986977832
0.0929877021284
0.651240396198
0.89559449323
0.702304482834
0.0569000667214
0.919936310043
0.967100222905
0.923262863661
0.639466754578
0.887198324343
0.519755651519
0.327726461902
0.17869024052
0.230723424963
0.199082028771
0.740401992134
0.171332506161
0.935741175006
0.257097325241
0.835991549767
0.905727718448
0.106064380344
0.977818503378
0.0656777386575
0.132320762684
0.836233632097
0.935343951772
0.539406957453
0.902720171109
0.123613289228
0.436642436575
0.0989430564447
0.094258573087
0.350222047193
0.613920433274
0.545927652078
0.884185659032
0.809885238384
0.0465983033496
0.110830742085
0.913701975375
0.0743780721807
0.971535131755
0.589803974177
0.787328390859
0.0502876615703
0.793822575962
0.618594474568
0.602402096561
0.135205963053
0.91067319922
0.82580947356
0.148715034769
0.38593916892
0.495685878502
0.863623534879
0.149783963115
0.270788739216
0.769266758789
0.16453321166
0.896951179379
0.397646570933
0.437900295717
0.106386908555
0.555312849033
0.253688112888
0.0622215838925
0.503130026612
0.0595441716194
0.0604373567158
0.471896974728
0.184865469987
0.935290064342
0.0784142687481
0.846857080037
0.0553959205705
0.493437664225
0.639386555149
0.170420287824
0.958003676592
0.0268357548659
0.800082613453
0.295287793479
0.424117566088
0.26855159046
0.207177305081
0.518623843192
0.93653411007
0.101917907559
0.801087827303
0.0668135833407
0.344490734293
0.736616951426
0.474218675752
0.392018250262
0.860405830198
0.0666035627914
0.686620408609
0.424163331014
0.439745606508
0.113670383636
0.164151612967
0.919936310043
0.676894702654
0.190146755664
0.711588156442
0.0798489165067
0.817636470014
0.975021003685
0.603854864685
0.571029189479
0.256249627853
0.941457461622
0.63312346634
0.770549516207
0.258673363987
0.590918799146
0.320630832375
0.727759564609
0.914645239702
0.459211853986
0.870747948196
0.198172390104
0.675541989424
0.198956948701
0.106907056037
0.372944489357
0.366759547563
0.199757705447
0.80193611614
0.670203773435
0.848501976223
0.215785206985
0.535743453765
0.492957944029
0.147845979437
0.0506340263518
0.183035639784
0.247373683771
0.0824755944188
0.352602497581
0.859092799516
0.542754588561
0.24357421386
0.397410389872
0.0696846598398
0.561394245024
0.360708913114
0.936457743826
0.300760308845
0.95996449104
0.153848162022
0.958703060471
0.9273019609
0.257629593047
0.174128985941
0.858981862772
0.218721410808
0.781864785285
0.587004231496
0.859747354685
0.554580244253
0.877270748418
0.918622755945
0.314506772057
0.732394268419
0.864351079282
0.859142638127
0.176099103748
0.804429839291
0.388405347327
0.975458281002
0.45337156294
0.960716537369
0.507515609314
0.082893158976
0.47676991161
0.216138345998
0.922110869137
0.413648865349
0.601533950603
0.22511846226
0.867874705737
0.902088700634
0.432498059676
0.881970068783
0.548185863036
0.0703161755408
0.557665134732
0.13103467896
0.0575443075264
0.894751376783
0.9635710329
0.921079020546
0.0954887379865
0.468354938237
0.251704372918
0.359003622281
0.454278425953
0.876679211067
0.0813431624416
0.206747757665
0.0995984880826
0.0454657969251
0.89042456335
0.949890421494
0.131876343103
0.0580029903786
0.222196883034
0.920513909105
0.216601632974
0.94923437789
0.0202751819972
0.886342638565
0.887733404897
0.235549817487
0.0615692464135
0.893538066422
0.109486979657
0.551564660046
0.955100653229
0.547391963813
0.826376562725
0.971166635616
0.889286002754
0.878755273302
0.354159019988
0.156292122707
0.86034664674
0.639958136547
0.789575281623
0.264463974172
0.403044643062
0.688206094141
0.0155646075406
0.218440730247
0.0941664148634
0.953003604427
0.878561760795
0.693260793941
0.271507840571
0.208229267088
0.630405986659
0.103352070292
0.708554494231
0.0670532394611
0.948783549252
0.506797518688
0.0751841146869
0.485589378367
0.472455563892
0.967880345012
0.399391357284
0.82673929467
0.566132059995
0.717890815603
0.454228474697
0.602794680334
0.833003128261
0.585915976645
0.0355534249016
0.944794536045
0.838468681262
0.0788621583329
0.26477147232
0.423443779617
0.0714053940122
0.169851896211
0.810817952763
0.652725560852
0.817439222046
0.936695924761
0.300010315818
0.513789829859
0.218398944337
0.823707887928
0.651117030243
0.107597185126
0.213569805709
0.679701157327
0.12410487084
0.634188100298
0.572826503054
0.850372183775
0.711688089341
0.488757096765
0.230723424963
0.426624266901
0.295754324659
0.299971615487
0.583525673903
0.0813353519123
0.517213585699
0.230265151866
0.890183094152
0.151113593227
0.349609687369
0.921442594292
0.279634884298
0.697326015392
0.485349115637
0.725839383095
0.781879598246
0.633478106623
0.968097751198
0.0829242649557
0.649589288821
0.967702989162
0.742915876306
0.964367373243
0.56064560323
0.916693424409
0.497076861996
0.343924340031
0.374446541037
0.893962034818
0.157019349454
0.0407569170379
0.281372517826
0.449874340724
0.940529255821
0.0416139302197
0.95915653142
0.883411576506
0.0863112959729
0.0907776879253
0.264463974172
0.738143306248
0.207179985178
0.0610892190697
0.268338345285
0.390188600769
0.85539826603
0.042313864218
0.844232927678
0.469400301357
0.889385608016
0.0707459960147
0.78007414976
0.119499152996
0.944314146423
0.23552313577
0.855217095748
0.198278001642
0.658415863884
0.96756386768
0.947942768268
0.365826011084
0.0565348270552
0.218038045302
0.952295785564
0.572955123095
0.910394641451
0.934251499028
0.310278369334
0.911183078226
0.943814986969
0.29849815449
0.329081004987
0.100849930022
0.123823682337
0.702501747735
0.643525117548
0.506192250213
0.951559535359
0.732160629643
0.976609817239
0.546281991077
0.777457002104
0.953959545925
0.954296120842
0.442195239803
0.956533516919
0.46767953338
0.255887217961
0.346412640958
0.960589434189
0.24859132843
0.346412640958
0.0753428533455
0.48868461585
0.359588064794
0.131089129143
0.643493239919
0.283681101321
0.134991181522
0.811511674764
0.804542352539
0.541693396025
0.905179454799
0.942443265057
0.136509014091
0.0380583863543
0.102772084945
0.898296234374
0.495357425809
0.0481574197206
0.596747083102
0.693485831904
0.0558199592365
0.0394187294987
0.0862923926259
0.869187135041
0.942376203071
0.942349648015
0.356208116809
0.911331996107
0.18897674108
0.934456650265
0.276897036043
0.738298212174
0.465229078626
0.384402782885
0.375834572743
0.913345482662
0.534063728412
0.497190599775
0.374957886804
0.874082260925
0.810790406276
0.714725777435
0.218528611931
0.83815096018
0.919388965297
0.147271566493
0.162261365479
0.958952763435
0.510385894829
0.485386640206
0.763742770395
0.0352541300627
0.794456106505
0.676495723745
0.242597544088
0.654707237428
0.594620406233
0.940318937518
0.623288847252
0.825753346175
0.942811236033
0.418416873385
0.704540694067
0.907797181161
0.14475715779
0.90228021504
0.432751609429
0.770865151959
0.194411231099
0.789597708006
0.814125370543
0.0978549625357
0.38423955959
0.252630235554
0.390360474916
0.604211505846
0.256885922566
0.3747757339
0.634332389429
0.0366406462431
0.976779778562
0.269122668579
0.168427691963
0.6641959829
0.16793209592
0.799794921781
0.921390747456
0.862735245709
0.925068250926
0.40994391473
0.0241186232672
0.169603159894
0.0714992464885
0.824982689883
0.61170458415
0.728908435689
0.646154775312
0.0774906740028
0.908819847019
0.799836085786
0.639602863499
0.892214314952
0.043908909965
0.88748129862
0.23491661218
0.845648070778
0.577273274426
0.44224337273
0.978527236828
0.362075325776
0.118392025223
0.337211349589
0.916273049482
0.454453567056
0.346466403652
0.366167653846
0.960412673117
0.815387352905
0.947549675422
0.0546251024065
0.671327268063
0.0611338951822
0.398434173948
0.232714061648
0.551427529705
0.406811438699
0.135065549633
0.455948289441
0.421073674348
0.101032813563
0.0365200486876
0.95077304967
0.728761463635
0.691901278553
0.0173587686663
0.878345689605
0.849971947358
0.95389506006
0.902984427729
0.752394653372
0.37872523232
0.899877887162
0.264035035643
0.677717410257
0.113530101453
0.802711646277
0.0547587653472
0.922973880335
0.277149770411
0.418034788148
0.944936629856
0.176354322706
0.0532659546935
0.852320902841
0.944087000013
0.301031754807
0.916433364211
0.872737786127
0.780153901608
0.0924890995727
0.501503188129
0.342802678012
0.835087503575
0.316340465886
0.653647138746
0.526674113096
0.310045199724
0.712299125862
0.681300971312
0.731357526901
0.283279415712
0.0748497471066
0.955442921054
0.426486966618
0.767025846198
0.87908979893
0.418148525157
0.635626700627
0.791673242886
0.849434587642
0.0603820397373
0.933521668429
0.920686549492
0.923262863661
0.943233195112
0.977540896019
0.631670006912
0.173726569409
0.0950832221654
0.0763172636343
0.971781023171
0.60831888335
0.565178091349
0.261726216812
0.110807825634
0.232522028418
0.287835682521
0.124502298116
0.125043688557
0.931430137395
0.0339727278862
0.213285195969
0.227493827372
0.536520039984
0.447486277971
0.719808363027
0.154045633047
0.221503282441
0.287091408512
0.962227874882
0.044738699978
0.0465820089893
0.324471900686
0.456188264014
0.162120353714
0.037918770912
0.826021918707
0.30885576142
0.64647446762
0.713769999714
0.78073680004
0.0178405467022
0.680977997219
0.203464872487
0.784152609377
0.0796144407471
0.708808351418
0.2893047554
0.28088922358
0.968184173414
0.0455123793466
0.603140350077
0.538136145755
0.099643460128
0.391329996254
0.29750601199
0.7209003468
0.530403762428
0.267704028076
0.343350348148
0.242673073935
0.892808101851
0.456562328395
0.0753221934059
0.542840929195
0.7843676387
0.898675372538
0.191422201068
0.125516980002
0.334931983678
0.808488282175
0.0436757600573
0.27730156737
0.913557834208
0.502082172195
0.362696984745
0.198267951039
0.85639625686
0.91932618966
0.718882840166
0.782928887668
0.213749256792
0.207537485364
0.227053893218
0.434663422632
0.146425257256
0.372630816978
0.925831992556
0.552790024344
0.35958974114
0.490257145447
0.593895415794
0.813920955063
0.748341667396
0.0705412632469
0.504510061039
0.941335915336
0.469208723384
0.410173002552
0.150956894637
0.760825269064
0.752906158199
0.311839369149
0.551521921207
0.636709846283
0.546477314525
0.0478170185782
0.384181334286
0.570395840234
0.937779254578
0.938403929384
0.0406949004698
0.886271875005
0.274060673352
0.830019697728
0.76517295913
0.746316966797
0.723590825402
0.949288983288
0.66001938219
0.680918336784
0.947193676662
0.766914297072
0.097050950611
0.523171325296
0.182644097313
0.728901304129
0.192351245058
0.0470787186149
0.100315362896
0.770582075953
0.155794938054
0.85462661342
0.767993361105
0.96211042529
0.548608692891
0.959985372674
0.0311800888811
0.138285866082
0.816402209976
0.690352823066
0.25380534465
0.165474890065
0.547508398128
0.453560682412
0.774744590807
0.719274600621
0.128404681087
0.0738595553446
0.171828149572
0.813731360074
0.144290047834
0.0726106822201
0.117929642944
0.269786776651
0.169972269457
0.387045972886
0.0427042145726
0.0427116385312
0.96121150462
0.909017202062
0.322441104014
0.261251062387
0.921766489225
0.228068535021
0.0678403496612
0.0360312458776
0.266907952504
0.0365435174334
0.444247255355
0.334931983678
0.939273749378
0.450848522848
0.793433312692
0.724169595516
0.774405075627
0.14953754047
0.746607125125
0.814276850397
0.849531405382
0.761309584259
0.694081308866
0.0895374862372
0.10044397068
0.418491425669
0.0931337635917
0.902253412849
0.936909524847
0.734039234909
0.1301900745
0.572188499091
0.528887424904
0.185311269075
0.419516056404
0.538136145755
0.748697283433
0.306294740978
0.974392965744
0.426382739054
0.188550263039
0.0606280520922
0.189607059417
0.294687874961
0.632304354114
0.915012040237
0.774268308112
0.773858106564
0.0293350568308
0.881833917649
0.392162942511
0.0984119342346
0.0511062516533
0.0888850215996
0.642050261469
0.528936083268
0.344226551764
0.149348267856
0.0978779273135
0.0665915501762
0.954364073255
0.432418044434
0.0670613890944
0.52855046013
0.0260832224181
0.915310529629
0.059080151376
0.818755892744
0.880623239083
0.375095618058
0.718592210861
0.934300571582
0.956739050812
0.58861455471
0.656056949142
0.83861916133
0.822714780831
0.351933964003
0.441956239817
0.126105234189
0.132075265736
0.594643842305
0.18736040989
0.625271239345
0.917466594206
0.236300628373
0.823178978361
0.923250167328
0.23490256383
0.104373598882
0.897097065704
0.0226831666444
0.7511078404
0.312202803263
0.561051167264
0.967100222905
0.874850753299
0.942597800395
0.685343558671
0.427108646022
0.889810534865
0.703423248612
0.326870116142
0.4711849286
0.611246278341
0.669187271173
0.610948592449
0.45745087646
0.100226344711
0.949373473985
0.0468285012547
0.795086997295
0.701604422006
0.907744459579
0.509062978918
0.61020398352
0.0223471101452
0.962876073853
0.642010064042
0.741611554988
0.160317127857
0.0388026990246
0.631430835727
0.0527210584313
0.672755063397
0.0567930895769
0.819902030786
0.129365582287
0.501927988677
0.267871033789
0.30011521548
0.81497801739
0.0311742460016
0.454228474697
0.115366186227
0.535147963799
0.494873540546
0.968097751198
0.75437661935
0.958132554945
0.714439081915
0.337062848217
0.0905579802264
0.0600815283016
0.505616691356
0.530354053647
0.0732106861207
0.584694862291
0.235179151003
0.823416498172
0.597650620205
0.675914757969
0.5611547706
0.607213412362
0.914771838276
0.952918718491
0.0936424422025
0.314739582131
0.682709731043
0.472143299726
0.723846416618
0.250094381247
0.799825038189
0.861385081493
0.459028119471
0.403786125334
0.849642012759
0.545482632603
0.589983002462
0.13802723925
0.893025723809
0.479036734808
0.296678689691
0.675987388545
0.831173350249
0.549909514507
0.259005445228
0.722723746224
0.204694522498
0.962812045437
0.361538590052
0.8076472112
0.391995990128
0.624941582423
0.629357177857
0.132617518283
0.278699739598
0.024335769002
0.922034734654
0.506192250213
0.674622107626
0.631749491805
0.719228832015
0.20772765521
0.730716160807
0.158402480206
0.266614522112
0.929201244727
0.950355923027
0.863338730446
0.862084554086
0.917275772798
0.674810162453
0.807084685851
0.819838638715
0.165552111261
0.803512678466
0.808393342411
0.201524226201
0.395546171103
0.664435227438
0.887480861935
0.230813765064
0.919767643324
0.140963222175
0.462620746184
0.781774407173
0.923297894666
0.828023720865
0.344328270218
0.658598284679
0.0465361318697
0.448407635573
0.463135433723
0.100354114174
0.330329633156
0.836233632097
0.548886841388
0.890859627903
0.731348591716
0.215785089643
0.409437664525
0.156630270258
0.559927151848
0.770225331075
0.855217095748
0.616601508717
0.833160768399
0.634332389429
0.145126659404
0.113432502089
0.760878914937
0.795588604755
0.058224242463
0.484403178194
0.973063430504
0.8490040274
0.556757972059
0.931471021418
0.887667763504
0.941636361498
0.502936426035
0.834190178835
0.812934186888
0.345613080511
0.0994890500591
0.959362520101
0.738639336335
0.26512118759
0.92203047074
0.81813436571
0.891281200815
0.964955948441
0.206937539267
0.862461169982
0.327414120039
0.889770066314
0.907272544205
0.0766505037375
0.974583069685
0.145039654915
0.336784720808
0.682336901137
0.941009846101
0.954288554192
0.756789873098
0.878866514533
0.0502009122472
0.960786224678
0.351954574913
0.11248858273
0.690447105023
0.700833739467
0.31931523471
0.142362074665
0.629664620502
0.896007943833
0.0496819344465
0.950279288397
0.0570227560314
0.561527667726
0.906152805078
0.964331518334
0.569618855156
0.954893060698
0.0302519294809
0.157079305623
0.371983909284
0.103689233951
0.0872797923709
0.396394980213
0.176906208169
0.17568636796
0.899586344326
0.610059180906
0.390660691877
0.616036140166
0.521514578573
0.954690800223
0.612480734753
0.934096815437
0.31782767204
0.771669573236
0.909303721222
0.437813769399
0.429733005064
0.235267362584
0.846188232829
0.862733078258
0.662000327966
0.824122951877
0.618102121668
0.218382290734
0.926910236514
0.252054420632
0.750413412419
0.745881303028
0.0247769214389
0.673594237069
0.653652339394
0.059080151376
0.710872419517
0.0288719275178
0.0944929805441
0.925681111225
0.954345892846
0.292637793275
0.0234676590821
0.0451871982084
0.200650342238
0.794592675808
0.386747104772
0.450801747813
0.626153008055
0.387898751244
0.775998413366
0.968184173414
0.56131546788
0.69413552863
0.0404822565154
0.782926707994
0.837942759389
0.0345140313795
0.104933058943
0.795406025831
0.976464742679
0.316401154232
0.053633577541
0.171693309155
0.657035468461
0.0376868286443
0.125608139172
0.957676818403
0.695935662776
0.0326054429962
0.799183415195
0.326229976388
0.156975918736
0.563274141397
0.109169744246
0.373814682172
0.0554149802505
0.125777934064
0.926910236514
0.0929877021284
0.220008192929
0.147225757774
0.852861682533
0.411975391025
0.770292952599
0.113189875583
0.0390246010611
0.979298169819
0.0304434768416
0.82716070798
0.541804711045
0.646070740507
0.782342130179
0.725848426639
0.635449425023
0.516563629539
0.655143207509
0.907744459579
0.955555551596
0.611308553948
0.8545349393
0.968398085815
0.83996974088
0.252206922723
0.676716874123
0.971118015999
0.765856590935
0.842441897506
0.358282300117
0.694383739471
0.102424188182
0.75469504148
0.0570928129838
0.934138133636
0.0507005322157
0.133710872601
0.790092479535
0.356810382728
0.788814807842
0.103567448595
0.0325306784257
0.96978854003
0.154734761833
0.530747947973
0.362077125837
0.701429035327
0.218382290734
0.419495048036
0.126953944828
0.0918695015892
0.9219285349
0.785028888777
0.11519023678
0.0185908089967
0.954109911246
0.972327826556
0.710872419517
0.363432124864
0.0924910355512
0.255092039886
0.0470008374989
0.506329057087
0.877344628133
0.143786279376
0.644702350704
0.447740878206
0.486871761864
0.561433398037
0.673202512417
0.961514926078
0.367803183976
0.262281008491
0.882979252274
0.67633786642
0.055881461253
0.861063925948
0.077743110719
0.558846272675
0.80730062109
0.0997533648536
0.760022908064
0.0513383928863
0.760528843765
0.0901927056479
0.848845433477
0.941476263463
0.0594903401234
0.829887408822
0.191013075153
0.92745280933
0.563914632959
0.568188106796
0.535235187345
0.115506323023
0.0366580170849
0.116931571916
0.685984212707
0.0292574842525
0.930979506582
0.292651270399
0.0232161626921
0.139715479385
0.861399907482
0.243348682568
0.351748591696
0.270165037442
0.56579962459
0.646345936276
0.483703268369
0.199383551192