0.20930346467
0.793860607098
0.0473010480478
0.181321006788
0.728748950525
0.114496439263
0.542092648132
0.987832145237
0.0249242533731
0.896763798104
0.212665069485
0.918638341942
0.563386755912
0.488086147287
0.947076157262
0.77080696864
0.974892181088
0.283748778972
0.928096708089
0.467768779246
0.775789689085
0.0404780962389
0.848551200323
0.774805977042
0.0855540082957
0.0230128219084
0.0901690273599
0.453141265858
0.0659619182775
0.657068789249
0.057251456204
0.973171959897
0.77224668917
0.662096079189
0.723820184081
0.592145007142
0.567690182363
0.27544192952
0.747695918512
0.681579415627
0.763098268699
0.102722872237
0.170219375581
0.995100098694
0.0668355730402
0.456209922762
0.735610936874
0.0410926734868
0.122109591494
0.494256867721
0.13598899133
0.060625234353
0.0652311485512
0.41553485915
0.9825239703
0.118102065913
0.141279270127
0.56903005863
0.0333984250362
0.991828976459
0.164008496707
0.536505659178
0.10047781835
0.59604728834
0.727454807597
0.0539037852348
0.490920554709
0.25122178035
0.408156273565
0.39662763144
0.901890562369
0.204931981155
0.221321491037
0.721668752413
0.758984755772
0.901226175616
0.259251211462
0.591504752758
0.322038343831
0.00392808975259
0.222689098841
0.0317238920799
0.190794471502
0.706588801505
0.463002562673
0.273569204129
0.628210314533
0.246823812206
0.899384678467
0.648895702589
0.147879447062
0.0223738051992
0.9626310785
0.910481193803
0.187534414292
0.170793592622
0.945967856625
0.586604132398
0.634286937433
0.595831216211
0.494928983298
0.909742748222
0.917883961973
0.556788535173
0.389642972828
0.381875422651
0.202423208044
0.715637423027
0.18776374512
0.851120812611
0.409167641074
0.348149329667
0.904287608002
0.282730705041
0.972071597112
0.840511220916
0.719370552624
0.963519368986
0.946549977517
0.949210408488
0.875246051127
0.886069652271
0.018409197966
0.756022510698
0.808444678822
0.948774071005
0.770473666807
0.0228444002662
0.740023540395
0.909427671524
0.654000916652
0.178601476706
0.0115965962398
0.910007398801
0.0588466967493
0.627107342833
0.965629308323
0.332127390844
0.768350627423
0.136074162028
0.982393814843
0.944260651564
0.686180387622
0.941610897059
0.336545045573
0.00558229188713
0.0714979500853
0.0161818135251
0.268992334474
0.916955884033
0.186507433558
0.0981090332559
0.985913968066
0.950769581523
0.32094928601
0.0583298272706
0.794043663353
0.995218300805
0.685183302988
0.36621903203
0.736310947238
0.459792134961
0.783022390811
0.395876959172
0.751975589524
0.445116066991
0.919098566421
0.943087498437
0.164800750482
0.0735200314838
0.521232703135
0.455252689685
0.107577529449
0.862857545328
0.27412303869
0.0574144173439
0.490080886427
0.993501880199
0.551065827227
0.974180757746
0.737285456278
0.296987489593
0.86443529141
0.372945226852
0.202937540028
0.834674960576
0.433622960513
0.0350443752557
0.40355770929
0.954561075733
0.841283786069
0.750251263536
0.0112761604105
0.777173686617
0.90598254257
0.95193115012
0.390630778692
0.972530495435
0.915523643801
0.75092221415
0.71243096041
0.966917788681
0.26913738028
0.209567423556
0.956067581704
0.0605328164712
0.0624820323555
0.945899426307
0.00201795629662
0.0459630829269
0.977314381634
0.710703088786
0.671721153471
0.81384957968
0.978645569244
0.322038343831
0.812737453806
0.965358081568
0.918985849113
0.0237835131905
0.716921755043
0.944738030433
0.591003933864
0.0557442027374
0.285495148911
0.567458139086
0.978963168317
0.00590155661733
0.844282484395
0.333068738275
0.00677476130717
0.125140368075
0.0643063206418
0.904883933855
0.737163409953
0.682257748038
0.0419245296124
0.476092658803
0.348417033591
0.758825070294
0.985000144351
0.358912377281
0.507319874771
0.891393786456
0.00887367804447
0.634327448239
0.00571038344479
0.95970063412
0.93813578195
0.354954816805
0.980043988645
0.978028320005
0.432488514581
0.540480528253
0.0286600909234
0.0362665047869
0.215137669221
0.128119148772
0.443042027909
0.828191717064
0.0531309496389
0.973241030028
0.737731637178
0.940878908263
0.885656344103
0.400146559296
0.788601399019
0.348687770576
0.712288574661
0.836898845801
0.737141005238
0.960731776695
0.654621111541
0.0475935111893
0.910776600379
0.172098695409
0.977260918115
0.966098276267
0.662562137185
0.317274005791
0.163912715739
0.829677675359
0.935719199533
0.847017627146
0.553488326429
0.677712044588
0.690865168682
0.967439966663
0.689370972976
0.102321793231
0.926613504834
0.887689619054
0.825855613428
0.0589468843501
0.951333601345
0.345674791613
0.937079883497
0.977709829975
0.953150028897
0.884066317545
0.00868014891007
0.463002562673
0.617266342835
0.171787325539
0.921980395941
0.171430787352
0.00707826874503
0.591579187682
0.806442089354
0.0468796962462
0.331811291047
0.115262900694
0.345000088072
0.750454437144
0.743802911378
0.859814660098
0.95489195677
0.215233152631
0.360631704774
0.667595542673
0.12715461746
0.783850726271
0.00811020779491
0.917472362219
0.965232933652
0.0295993737036
0.203450553509
0.642822325473
0.94944847599
0.490920554709
0.196767363317
0.0668355730402
0.932811188562
0.0205790927835
0.733146435998
0.94584600834
0.650027021204
0.79417502954
0.719828028079
0.822226644708
0.990438689765
0.905532708099
0.836952582994
0.0274900995946
0.496390629968
0.0630657471994
0.930716067828
0.407359744592
0.416831304074
0.0386594522999
0.82094403846
0.426369455074
0.682789060916
0.00977812601051
0.521321509502
0.854801805495
0.852712034284
0.757216305142
0.0570433489644
0.985992007405
0.390050134309
0.898706097505
0.79910355973
0.0581286276954
0.862659697182
0.0185336185752
0.0234304804979
0.478887701172
0.880608911293
0.905446988253
0.14918138658
0.108395055088
0.657068319289
0.344664237547
0.552479779741
0.947823989647
0.830681522657
0.578845326149
0.130633791312
0.647442973626
0.0122958155831
0.65684145448
0.943632655152
0.361225030328
0.0501229866459
0.537637354231
0.313314643949
0.258277982637
0.696727187465
0.946295495556
0.818135423826
0.180914790835
0.0431826484668
0.0509940665079
0.330492286424
0.283415205155
0.31725359495
0.496865372578
0.701301754722
0.0073940090695
0.828838745082
0.598324889832
0.0845350002661
0.10047781835
0.633348825804
0.983198898037
0.611747970912
0.961873025166
0.734792267976
0.0141136566255
0.0322309244287
0.56391657323
0.825294124244
0.727190560999
0.49422856509
0.03186275684
0.499803640649
0.0232083178241
0.93073382963
0.926393486445
0.149435366962
0.182797540211
0.925093841558
0.117297417674
0.00407611290309
0.15338495576
0.261892222954
0.560606197696
0.904390610381
0.758085810284
0.032684588131
0.161608023011
0.875053900926
0.0574463264661
0.41934703214
0.933166250286
0.624479154016
0.564255536263
0.168082176593
0.865208200003
0.593419226334
0.712978355604
0.0798187961503
0.43077234076
0.738817963034
0.90361599472
0.0907486247524
0.385785922185
0.283028671261
0.390741007924
0.455511115172
0.727758001227
0.923348266276
0.7704207457
0.925222255141
0.0954270220093
0.105246993105
0.173456663839
0.0477785429638
0.195316620665
0.628760411761
0.898821145942
0.127955579435
0.166122434062
0.00464223545038
0.043566639023
0.13740273841
0.539843873746
0.894681664475
0.935874652211
0.78863711226
0.921429290469
0.876217410232
0.0595492385797
0.389364954844
0.0135988959417
0.72124991954
0.865824385597
0.855413251079
0.937079883497
0.809289886806
0.990530024135
0.0930751308268
0.881789156997
0.578396102331
0.0267560204406
0.0698446098527
0.184149270344
0.914481127758
0.704257924073
0.0414798514289
0.0287487823788
0.982478358579
0.402030185601
0.875792860433
0.903770387361
0.611391540429
0.815461058646
0.737921695319
0.651940622833
0.473352487838
0.185394126859
0.43041190044
0.900816977472
0.985486806963
0.630469656981
0.273065725343
0.963137127669
0.0299192983432
0.0254803596429
0.352977785832
0.0859808016886
0.0665141950675
0.241026203722
0.0381482675014
0.0144461126983
0.00739564611526
0.876744574325
0.990019161241
0.429757753791
0.704052070746
0.362363589415
0.831784979586
0.879819077608
0.569361244667
0.547426335511
0.53460031299
0.745092145745
0.842794681004
0.0827370740633
0.965686541683
0.871331823049
0.587708544768
0.67226467504
0.0219458988374
0.950033704887
0.801076416935
0.230766902917
0.187984297973
0.036173840771
0.0504181612748
0.874677006704
0.466640084541
0.936025830822
0.814884769194
0.105274858385
0.463897642576
0.107546368093
0.910020878891
0.00312966301392
0.280817041965
0.0364732966049
0.41159385996
0.723915864367
0.965976626036
0.00887367804447
0.89195454204
0.93320454713
0.944280199089
0.251440811287
0.911391405837
0.148085220668
0.756083996107
0.602227233391
0.825855613428
0.0917744180406
0.889147091747
0.36422118832
0.010581682255
0.565224664404
0.9000411687
0.36089971625
0.961096171061
0.0669739129798
0.988483370065
0.0315847598101
0.00565262700185
0.693797403433
0.00263001146086
0.9229056933
0.96444708817
0.936486277371
0.104846505623
0.219941969485
0.248013147499
0.819873416868
0.543523674442
0.0278490471953
0.0474651253626
0.292237076157
0.470192748824
0.605148546342
0.234547607877
0.574713589338
0.884450813655
0.328399159957
0.348580454479
0.909574762322
0.0494251340459
0.595996903125
0.739501383216
0.768451976508
0.204640004741
0.92759996523
0.0139991315196
0.237134792231
0.435964236795
0.0676365699444
0.0482345064162
0.813227422344
0.831621024872
0.0209485922346
0.453426954262
0.135238537232
0.634682263032
0.71340106438
0.0423140624037
0.0136953414511
0.429242551885
0.907956598725
0.945899426307
0.0506680500726
0.932363383052
0.866986026445
0.00613986016621
0.551881231319
0.989256430575
0.230565617037
0.200028370688
0.933349004386
0.630514640198
0.983597597275
0.0705723345801
0.129855771514
0.687562399633
0.740853548009
0.0681032977063
0.613711086844
0.995313438541
0.0293918093192
0.84223365989
0.784254380315
0.0850759906125
0.319902649037
0.966954359084
0.825912409784
0.62108726286
0.228707479368
0.919997286393
0.760540267586
0.905200944624
0.373081565844
0.608413993853
0.119228329113
0.0451525157383
0.893493380781
0.397043694934
0.345557435281
0.00154380903779
0.858802069237
0.179093369276
0.493306141034
0.916927556843
0.656055681154
0.360206158836
0.018071133946
0.168372192115
0.578722566416
0.599662967003
0.995762443298
0.831184367959
0.00638210650333
0.160701351898
0.473312553932
0.426037326599
0.0311301290093
0.473570002303
0.0109533118263
0.387331927012
0.965632023708
0.629577997214
0.351145271768
0.821279960065
0.640021989189
0.954572674903
0.057900405612
0.461064660473
0.112704801726
0.435418371555
0.412586944959
0.996690623909
0.0225587014888
0.838864965461
0.674172209823
0.59914016861
0.697874755369
0.898599335887
0.934815874491
0.0486228177965
0.902515132368
0.481649426803
0.0825663465433
0.421745249791
0.389546610713
0.679189299661
0.138362337398
0.0459225770135
0.205543005715
0.95202327016
0.825652702373
0.366805620033
0.0119566641274
0.380801100202
0.833796795934
0.0714696209434
0.375986247402
0.97124343351
0.966007843613
0.0384840175754
0.49190805018
0.77472775721
0.262320819752
0.289741473866
0.0260808853455
0.52078999714
0.959310927477
0.0839554373533
0.263995354097
0.455196935621
0.392668610866
0.650713727739
0.496507111373
0.84492145873
0.937305535134
0.545132747108
0.758317377967
0.461296495134
0.0361145827754
0.0257561284841
0.0775556506005
0.815856166724
0.972267999558
0.0830030581421
0.985899086952
0.609912783781
0.977954537435
0.381113336105
0.076559463834
0.883568118888
0.514958115636
0.154667257046
0.582601602676
0.0169408958252
0.375802287193
0.23840560172
0.835292655693
0.460427390676
0.266682084629
0.641699980914
0.932394771916
0.742691450236
0.735251476292
0.602854896147
0.150520120009
0.086562383708
0.474229339779
0.208402681357
0.208816939099
0.94368443551
0.970573970849
0.451107387877
0.127248738862
0.084024668187
0.336421447373
0.0639327965337
0.669475485012
0.152697882383
0.979838999446
0.0269079712469
0.0248363940777
0.950032453972
0.983350857775
0.586610338885
0.39210290268
0.639018107218
0.772038526408
0.422592262752
0.0685923357439
0.277508720306
0.857462713239
0.789640436183
0.669058961801
0.0963720509552
0.299535867597
0.808414892266
0.980981816393
0.134816309764
0.0281282926871
0.046216253938
0.0450478696987
0.965916821157
0.734499875585
0.0407839274828
0.651435001654
0.443458042546
0.348538824992
0.297004114504
0.88940742263
0.485601673609
0.46429666669
0.438712688761
0.826832485572
0.621536498943
0.902558464236
0.941101713982
0.24416994913
0.868996853166
0.970012692283
0.0556315261175
0.244332778961
0.370844845635
0.311896612535
0.971196657913
0.0471263331879
0.380380916663
0.0104291156547
0.616022097401
0.843738732375
0.345557435281
0.803921988677
0.0431091733075
0.900855453943
0.986710010815
0.976647146098
0.209161684348
0.66043494412
0.950486661592
0.872976756426
0.0144187277237
0.380572824089
0.316848289532
0.18688954535
0.0345349206755
0.191953839598
0.967597001018
0.971264734272
0.451158444732
0.00658729711481
0.677257358804
0.510219930796
0.696941186453
0.981568774399
0.973462698083
0.963301488761
0.38546831598
0.709586185533
0.904845359749
0.897922499065
0.819287207385
0.719916601894
0.88205590974
0.471308209513
0.274085999633
0.0167092118238
0.635918708313
0.015608627168
0.72810138167
0.914563850023
0.883236424394
0.463836495223
0.949517982298
0.00727156303274
0.542904191299
0.959263133212
0.0380465173952
0.986952512867
0.989194702241
0.101031944474
0.970546108092
0.73637429706
0.78813260282
0.734666218693
0.970667990524
0.151536369362
0.986775204234
0.182542393018
0.250050929577
0.17534369443
0.898031119186
0.126369682156
0.862431244965
0.523020899587
0.900110062393
0.0412622616657
0.793154167868
0.24921189027
0.103050343536
0.0215702323161
0.0710769986149
0.0543814323849
0.422320481913
0.901375588133
0.918164014735
0.703188177165
0.36631737305
0.652980048583
0.578174940083
0.17479369433
0.586319260065
0.97878244454
0.648164073875
0.672046357714
0.732586907709
0.0228699771497
0.0851790972461
0.206813424749
0.233402786493
0.293413018552
0.630450379365
0.788767029318
0.890396001971
0.0358891310562
0.0990013939528
0.088762018973
0.0655369905808
0.149267498841
0.505412462596
0.956035332089
0.0272897255615
0.651974532102
0.106234058879
0.0850237363909
0.265230717948
0.519151619268
0.769977339121
0.21903545226
0.537390071094
0.0570433489644
0.944322071742
0.0799556125926
0.016646011724
0.962045124874
0.259070855337
0.00264940136359
0.634643019557
0.396784533575
0.29524941138
0.147059847171
0.0399487424942
0.348327125351
0.135899934776
0.767099212399
0.32532342314
0.578174940083
0.0286348069069
0.904459421437
0.789923719846
0.0187974724472
0.879007306635
0.221425127506
0.985037985096
0.693493880902
0.957354146234
0.0432939500874
0.885474538799
0.881286157649
0.907695416934
0.542734949767
0.183018181592
0.909050495929
0.766673938792
0.849197723647
0.787686014775
0.863847798761
0.366242434073
0.16348978589
0.398662811633
0.150100425544
0.946973572786
0.942137255594
0.659891962732
0.249191419381
0.0985560383692
0.681658337462
0.984485942251
0.0217371163618
0.707083255238
0.250050929577
0.907067042455
0.545524679495
0.621727951361
0.7491667506
0.899497041442
0.0514595706447
0.150656558738
0.736426500851
0.928155933247
0.711197197865
0.763435749256
0.428297925878
0.976024589103
0.0160642076721
0.985905766815
0.460229410851
0.947325409517
0.702292194444
0.44798655918
0.954177875779
0.94633306583
0.890198738654
0.968175642027
0.590898035141
0.245879032326
0.510126626968
0.0450624696781
0.962839929835
0.0312436341844
0.462458154299
0.943534113858
0.241747021948
0.304469804052
0.143503351425
0.648843106198
0.194561076979
0.88513308088
0.197683870047
0.0439451715308
0.0333609426255
0.0337535284915
0.737141005238
0.102933378275
0.724211897184
0.963981315843
0.71131470946
0.97712667149
0.0774773517596
0.85471118002
0.792183938906
0.417075156656
0.495228989574
0.180992071955
0.900987600685
0.91264369202
0.193218507869
0.696440306545
0.738459488375
0.116207500625
0.145090148995
0.91621226681
0.809839030476
0.960135182592
0.42180752201
0.160849872204
0.42068983807
0.0666439543162
0.449431870939
0.252954197829
0.945518500738
0.00253829900016
0.948263532487
0.845671518811
0.0805538819866
0.848157018142
0.860992857417
0.308297401338
0.829269791239
0.798327386234
0.461602727429
0.385027962471
0.652701631243
0.958148381607
0.953697075038
0.122264210053
0.125953362823
0.566487470767
0.639907117868
0.842998287071
0.321083882678
0.0161965704954
0.0152176432585
0.977666072927
0.0723190690741
0.263168967477
0.00589987460001
0.108433462651
0.513030983123
0.00819917364136
0.422157185023
0.0693000287911
0.978019695828
0.466197765737
0.787944723375
0.659355315157
0.792378623983
0.0345349206755
0.960736830458
0.735025457532
0.951726499747
0.953799873148
0.991665580662
0.893621168023
0.35379298984
0.730577865917
0.986189623465
0.81975566906
0.0656978122843
0.854882364791
0.0301409513398
0.117483643707
0.46872274223
0.129206611646
0.910140065206
0.0573272185959
0.449757796143
0.202868571363
0.67701487761
0.0109003308962
0.402030185601
0.110572485793
0.221864718417
0.905552424819
0.519960802637
0.0166080357716
0.832875249692
0.505124916564
0.248554704409
0.736564517243
0.338847976561
0.0199389987489
0.290797242117
0.143503351425
0.904845359749
0.0997546352734
0.961054198369
0.440607811736
0.0304890551772
0.186808339208
0.87612766934
0.897141319192
0.187534414292
0.751241435395
0.532796923476
0.211222320323
0.0746813051878
0.989506772804
0.886871344051
0.952062908211
0.399223167703
0.602331734289
0.383998012067
0.0838756439241
0.458058990743
0.796371745029
0.365775618099
0.76069281891
0.841083124415
0.154641873071
0.305475174658
0.611654510698
0.917691485369
0.0781683950729
0.573490745492
0.212100984836
0.504745936712
0.922679907984
0.00480848711697
0.0266524950729
0.642201038909
0.343954391175
0.0396939727769
0.235116893812
0.083119005403
0.115601463445
0.132315732344
0.939637319669
0.220795124283
0.638714996782
0.00338498176416
0.27317045964
0.805755645036
0.883237961073
0.192980270155
0.982288704167
0.744965967584
0.475743720745
0.0510098006925
0.103219622756
0.0403552910959
0.971782468598
0.0612953001498
0.206723087012
0.579989666596
0.953455810489
0.985451032511
0.533303257367
0.878377580231
0.261460376878
0.742701928522
0.869525218223
0.794043663353
0.412132434855
0.0660599839064
0.956242000875
0.941448131876
0.981194205649
0.390059157513
0.393773342984
0.0194294460913
0.429166911467
0.614518792033
0.122255080624
0.284621904581
0.510425195268
0.129402990781
0.662126424037
0.22826177711
0.944032308312
0.167909632631
0.939432657302
0.97663073123
0.851061315942
0.893392632099
0.907529433988
0.0419086033047
0.391746105476
0.912265131594
0.706664348167
0.150261510536
0.514609217608
0.988565553634
0.549539754057
0.657784164039
0.574378838085
0.666162403616
0.618612327445
0.62822422266
0.0404385251377
0.278636383573
0.0044906044497
0.407667039531
0.0292357867982
0.0227376123439
0.096997030956
0.705678571968
0.617029105324
0.46671725026
0.695922529612
0.605873310064
0.969907441507
0.863028149346
0.46207554079
0.466640084541
0.328793629516
0.933835974001
0.216704818351
0.962719000039
0.986348739966
0.993073662014
0.865891379872
0.394746511536
0.95158388217
0.0718706695979
0.61445640501
0.200747436599
0.346654469879
0.174067180358
0.98695994846
0.507664922724
0.866249829857
0.962218764405
0.255480164541
0.88086914839
0.729400488756
0.593850676415
0.0681639170908
0.13139522127
0.796577993762
0.381741447026
0.815634362417
0.673259266807
0.078138118545
0.180925101203
0.982792356854
0.253715856415
0.378264818507
0.883005103259
0.295726368096
0.997426507493
0.216517609277
0.266887560377
0.879372789359
0.153788981967
0.0705544443576
0.381049346677
0.961125259901
0.945440356002
0.0467675470688
0.141262326571
0.190487512699
0.960706495917
0.0559629590516
0.00794577832688
0.847613848809
0.570096928296
0.796775241338
0.685767052654
0.700501615275
0.0336464273077
0.753305043695
0.0827764770171
0.702852808756
0.0379886505367
0.0608193808117
0.588850064985
0.0344868987496
0.913750942856
0.937406085404
0.750195989751
0.943308288957
0.968221682196
0.867141797953
0.656507404193
0.169742688828
0.1518137886
0.150792248952
0.934600807338
0.0277050463275
0.0834360738511
0.0571070621836
0.740196658734
0.014321372783
0.972530495435
0.827274094337
0.961565189814
0.976872964382
0.0304003037686
0.83240860013
0.0268178812155
0.19876979438
0.710489004811
0.0300130337186
0.277694463732
0.109930505442
0.0570187869445
0.968264563677
0.622461061164
0.0398045013247
0.298798300781
0.551945532176
0.993343021632
0.335626968544
0.237077365786
0.430018749268
0.497647149367
0.20462509729
0.304676207425
0.0680661277521
0.838861914302
0.293377427596
0.745096318517
0.965129825105
0.752779094882
0.954984066468
0.416841200753
0.913179169284
0.460395584473
0.878695700031
0.0350247127338
0.0723190690741
0.978785999633
0.249448518314
0.0855540082957
0.72686348676
0.791513151709
0.859627273867
0.881929891812
0.0517173567731
0.91571967652
0.42760638645
0.368993547548
0.278223940787
0.444586089214
0.520509658269
0.0763684204593
0.033485486381
0.549343144739
0.272267337864
0.669545811111
0.949362921686
0.34007567824
0.00393103966652
0.7127365953
0.96485019217
0.358796759576
0.454545941513
0.90055205688
0.284270470528
0.310472153364
0.990621956586
0.53389284387
0.197561876219
0.590681640388
0.615925019098
0.119694253713
0.783793117437
0.876883608425
0.954517878068
0.157434073846
0.267705384017
0.941309740849
0.914496436454
0.00450950679287
0.0468796962462
0.028373345703
0.515258901095
0.989227724517
0.963643216066
0.358052511435
0.653797871484
0.450193032984
0.433123895226
0.0570108106476
0.0107225119303
0.197759792758
0.981819450912
0.572390161379
0.797191015891
0.00211208635195
0.863102979273
0.820780419663
0.937171303388
0.874033598257
0.0399175090897
0.417149348367
0.87898864344
0.841458407249
0.480293896948
0.783717605445
0.894226764131
0.663956894265
0.783845177103
0.164451806929
0.925594577041
0.215698900615
0.985231095685
0.973334593631
0.767271516448
0.542860791521
0.158309684092
0.466650718429
0.0526112119015
0.588289717946
0.878556855494
0.149002245333
0.0920105952612
0.769947945517
0.562968486034
0.885036800867
0.0651778281494
0.188499298533
0.695138212246
0.569770612253
0.626949100236
0.389819776211
0.0231386329451
0.904375344487
0.307284541051
0.266178549501
0.959747236733
0.902018844646
0.272189313588
0.0865926476016
0.635028712319
0.791944960308
0.983685105703
0.820234765485
0.0420957233349
0.921867530662
0.756247557548
0.870021706295
0.602767134392
0.968073514306
0.0769431298638
0.952954601552
0.198928931543
0.0805881943643
0.982846564419
0.855503738217
0.851804752367
0.61379811352
0.605155753189
0.508291390341
0.802921210659
0.873665333563
0.0530505266175
0.740993565207
0.956013082119
0.0859751968894
0.931946648683
0.34850255385
0.2772930268
0.228091212064
0.831984833842
0.953518831379
0.715930105419
0.406901991944
0.921292847634
0.995055867531
0.194342139584
0.838461635356
0.0324933438291
0.967784156794
0.948194055492
0.40476588964
0.897964553084
0.505557075583
0.600851058836
0.644338877609
0.661478381626
0.59138072444
0.130070490775
0.712115550211
0.976940361122
0.395612711844
0.72740539833
0.634878998658
0.0206879460142
0.522391157118
0.948488796813
0.679867456538
0.654107851233
0.709530177967
0.296587948121
0.0959489465873
0.889368657318
0.311700789262
0.00669310033992
0.422755778847
0.972639547615
0.198140901368
0.792552523841
0.124718153918
0.0562459546868
0.877710315929
0.946096213494
0.758883027711
0.568305671216
0.241817964014
0.694689704657
0.0462307121855
0.796599569707
0.114087475869
0.982352789918
0.634987069926
0.409416949132
0.0251284030854
0.154566508074
0.984101044952
0.587969445364
0.417571297364
0.532631779102
0.0406630432383
0.260239521244
0.546613428767
0.175726731216
0.0862002795085
0.975957978596
0.91302886212
0.0169805248584
0.881899389494
0.841177589655
0.00854440470758
0.683696274582
0.578357855441
0.883587349192
0.761282563895
0.0223151158938
0.160425339892
0.305660774569
0.231943820024
0.0827387566591
0.894381631719
0.736925335662
0.0158820038823
0.310791806493
0.0149578007769
0.863847798761
0.529119778697
0.710473974939
0.812589869848
0.463720119043
0.876280644544
0.871385640221
0.849965931026
0.0932532577806
0.699223956019
0.826173581323
0.694706062712
0.201665839011
0.537255436113
0.0629516078048
0.958412294377
0.488468962263
0.931561105799
0.0670026699994
0.0138392272009
0.831044734805
0.633838788871
0.00445968180734
0.904630750246
0.683773439648
0.841813262233
0.00498315040678
0.871440337776
0.0329479102215
0.462588122963
0.924546595916
0.606252238074
0.892761711557
0.313918593223
0.866804293488
0.0624555267288
0.214078853738
0.490896545352
0.3750587042
0.9595165617
0.274732494373
0.956454279052
0.0618071818487
0.646431482579
0.933991708558
0.50307952756
0.27664050324
0.20337221643
0.989998990331
0.599456828456
0.0280333721096
0.827211664739
0.0890203825808
0.656627706698
0.988742447092
0.978419667311
0.418142292447
0.754634619119
0.719340239359
0.955933281575
0.840466909962
0.990454650346
0.469486955273
0.133847793437
0.0909607357934
0.985701645504
0.44956524715
0.55877673544
0.846469955266
0.917283947936
0.756496663483
0.589257916993
0.0671630656291
0.144476483606
0.684494694986
0.983660931392
0.0180128779535
0.965411027842
0.941908619761
0.482186848851
0.135125752373
0.0943156290287
0.143809936129
0.516061869193
0.765233166219
0.983268834592
0.363094002011
0.272779593379
0.823259944086
0.226847282721
0.34211307633
0.714926925237
0.852599531193
0.035451047715
0.638801720289
0.937074839926
0.693703297166
0.539007257231
0.109808445791
0.765969789328
0.721013796656
0.0388905781406
0.699072081555
0.0345080644798
0.962583203139
0.335953861849
0.975574937679
0.27934886225
0.667768566724
0.401011598457
0.0627992752004
0.23795431066
0.824069515625
0.68816282502
0.759564633541
0.276029143421
0.76239006344
0.935227389458
0.372604119541
0.223224492102
0.0655970018374
0.48768386502
0.508176794846
0.136569388422
0.93403078174
0.0854111480376
0.582757377228
0.907067042455
0.625337748208
0.960288616171
0.911540743971
0.438986081078
0.410271178818
0.965672211254
0.258306664789
0.00658172691503
0.015201875609
0.0336614422927
0.227235315585
0.801140256621
0.360591087537
0.740993565207
0.777173686617
0.672153493348
0.022475626378
0.0278202689506
0.0228587080516
0.235302252422
0.625912945268
0.92145818871
0.77503624183
0.701472239764
0.220524509517
0.371767353328
0.681344259952
0.891265111313
0.820382450063
0.290548864209
0.616936081352
0.947465039506
0.861315006522
0.716438497963
0.392720153093
0.169863528258
0.720137149081
0.26745732938
0.840710203024
0.56275225256
0.349613454437
0.904239403536
0.89125389599
0.352655450776
0.205639124281
0.554704128146
0.643217761113
0.890496634938
0.17921883583
0.0149578007769
0.146478131264
0.942444277727
0.303481835302
0.947325409517
0.596343768234
0.021831666046
0.852761873312
0.234547201966
0.480444835578
0.661390553325
0.97496532013
0.380801100202
0.30143988723
0.374450239117
0.749114994931
0.00564766159875
0.193318790224
0.498304807807
0.9985878559
0.0170917109813
0.0214982700116
0.213111488276
0.291890964447
0.878437752962
0.606657335831
0.600469811872
0.269275430531
0.514651846618
0.950770476285
0.0252241477972
0.97397452558
0.986736416768
0.840618381729
0.282129807679
0.0196385400243
0.198588073399
0.329433575592
0.964239602522
0.916296849181
0.997337541755
0.271604235611
0.751536634079
0.897158604708
0.89960365711
0.959463007572
0.0885064165294
0.570292967659
0.932065822262
0.265020372264
0.782854232774
0.0046784340535
0.141401683277
0.0710612677279
0.831899617972
0.407304063241
0.921429290469
0.892847666724
0.519782254622
0.135863850319
0.812505707274
0.773302032616
0.955551675084
0.977954537435
0.585079034867
0.106632714962
0.623846353636
0.0348614652053
0.351551283202
0.89557811075
0.265484507849
0.0363091831981
0.888329380772
0.936346292424
0.296288582235
0.0542874883011
0.789259522738
0.962536322992
0.00432663794903
0.932885682711
0.0468860379047
0.967601258052
0.00676388211323
0.321651775073
0.0603630573378
0.0491960275203
0.831236503542
0.221319411919
0.867118350515
0.0940378877252
0.37411162718
0.0234590931195
0.34310678872
0.0415378744203
0.431497170352
0.257212139699
0.979741311594
0.910164927094
0.627681909403
0.946684053678
0.420294760426
0.966360104191
0.133479049386
0.140957596193
0.0232812990822
0.974902894541
0.2409516127
0.906650580439
0.15261191193
0.333282741617
0.232929663313
0.913885847739
0.117048060148
0.598382562435
0.0566755173953
0.0171309637466
0.253201429232
0.684256978356
0.131022181316
0.388555526282
0.253297033425
0.065469757736
0.945300722066
0.531678837729
0.365462149204
0.0681016049286
0.902334313858
0.566232255002
0.565384627474
0.172787025041
0.527750217403
0.783433118404
0.179746275985
0.0335260637556
0.977028775208
0.673821311874
0.388174802077
0.519037943152
0.336147448092
0.116539742361
0.0380099168221
0.0321726465145
0.798055099012
0.830294319968
0.085076669365
0.885720171131
0.0301835104172
0.0832243882392
0.183527079884
0.209455784639
0.560461689908
0.407337672425
0.489804722945
0.691065485657
0.756758987909
0.0237559590094
0.0431926184675
0.683177221301
0.515401508188
0.082359112126
0.737761117501
0.0630574067256
0.126070296287
0.169730215125
0.704582962504
0.969603736845
0.966642741376
0.676470141373
0.92892614239
0.946806704459
0.361014345169
0.66155952599
0.955933281575
0.959331105196
0.63654984034
0.551909478875
0.810135666881
0.97562532684
0.0397913994267
0.919492861336
0.0563495399941
0.728775856343
0.792738631783
0.963205970454
0.0662419405961
0.0325936137167
0.46586025383
0.437367885505
0.119694253713
0.0132947549592
0.807315581419
0.646823748529
0.357910757752
0.790580548278
0.0656876042237
0.730655259676
0.834513090838
0.0418551665672
0.178071751009
0.704506660511
0.262907368799
0.0084179699233
0.131438379202
0.919927082366
0.354292431246
0.174306858709
0.603895208417
0.322120820873
0.869517317934
0.222914090162
0.430878273342
0.0692915937735
0.0417093531592
0.880866636907
0.419486526348
0.979204854841
0.991828976459
0.189291013665
0.0238408317608
0.394310810334
0.859724158309
0.960399668537
0.131237986735
0.968106422081
0.921535098316
0.169130750227
0.818364816931
0.29016858664
0.743227057267
0.0232086037647
0.446005212945
0.679208712309
0.605993741608
0.430570642281
0.966228479962
0.028175089358
0.339427581615
0.0367586954624
0.667702058443
0.881168803203
0.0623001744664
0.802197169023
0.385483019802
0.565007956404
0.357437307497
0.189040434181
0.804268064997
0.963774458225
0.115244722299
0.504770026217
0.951322482904
0.922822684468
0.0122470245752
0.818895200747
0.919578139833
0.426259950894
0.0112772996877
0.880453382865
0.989647247472
0.109001395356
0.069097615267
0.0179266762334
0.991765645162
0.462158427385
0.424588909502
0.269887840312
0.988104820874
0.040538311677
0.9195384696
0.965640196586
0.504764974052
0.966774866456
0.00702186879787
0.288838441861
0.563214332137
0.570295985396
0.331481061856
0.237367865116
0.988692618046
0.782481538408
0.162069010922
0.415887117599
0.68155716144
0.96131365059
0.831979439752
0.953160368494
0.111313300329
0.760212856962
0.94570095342
0.0119969570535
0.774940110962
0.812737728905
0.748343237716
0.0118362993957
0.308054570881
0.397945862078
0.659567990051
0.0194918511487
0.521411891044
0.708651692094
0.963239165142
0.957789357879
0.841177589655
0.971846222016
0.577324591289
0.468451938532
0.221757691998
0.0440160250794
0.0717348907934
0.61953144483
0.951516057014
0.0433332557665
0.693999363722
0.905936634089
0.0467381663049
0.889139682805
0.960099751984
0.887787154875
0.484744858327
0.961152271546
0.0509505704355
0.204944030835
0.218196258157
0.928632702416
0.426037326599
0.341327346136
0.541508731056
0.692828368929
0.0404225234487
0.0717474744577
0.534121307398
0.0675118541027
0.146928284836
0.381542060836
0.966123245513
0.695138212246
0.772230635194
0.189628323401
0.865116237794
0.55368536135
0.627509312941
0.485287719294
0.838411874915
0.555301738197
0.283051841685
0.776362420417
0.31638240901
0.409817679361
0.222624527688
0.393357284537
0.293656051853
0.473055367362
0.41288714491
0.147893171467
0.219659902147
0.678209217425
0.0274277451738
0.0528001580899
0.797413704834
0.124699440985
0.653247406816
0.298966007536
0.0274607762051
0.265798677824
0.988946919117
0.901202052909
0.0302869621489
0.0374608283013
0.0346945868517
0.209060495501
0.702156181428
0.953214930523
0.221114297918
0.00838533637369
0.791437402802
0.967102657032
0.350764908419
0.929329200772
0.386007774847
0.37599432659
0.0554580783218
0.8953293996
0.274071227316
0.744405823062
0.861790095502
0.0109074222086
0.566928900686
0.603622456389
0.0619969284086
0.183934732188
0.244260781076
0.473373759762
0.0567445879358
0.0297242582807
0.302372687923
0.785125454744
0.13208968436
0.681109371585
0.195189388194
0.180887672739
0.711079608792
0.533869539759
0.993726628942
0.798097110962
0.22237581819
0.334392009142
0.92934002182
0.200268670305
0.133747524134
0.499605047329
0.667173635423
0.869438153823
0.0143378506719
0.0915904694956
0.514432336126
0.646819825791
0.26464552219
0.133922499568
0.109121350274
0.0448900936331
0.390670577126
0.0393061740458
0.517188702996
0.171164281246
0.059809277549
0.583780451026
0.0162486542437
0.337495316935
0.39116301648
0.994482251864
0.968909143873
0.399960813964
0.0297225288964
0.821898448082
0.329354286804
0.0383048102535
0.958412294377
0.8925748969
0.746550884469
0.658976211409
0.992029838587
0.105148648831
0.292944617429
0.831434147217
0.654186431116
0.353527183484
0.854445872085
0.236545210924
0.546759720267
0.313744359443
0.440905028304
0.87038114305
0.33590173145
0.87622803907
0.120680998348
0.968765211746
0.995049509106
0.454619865503
0.974111860385
0.494473279477
0.89369762645
0.0240440473888
0.333283664536
0.0125579368716
0.0298192127891
0.358890030044
0.687546481593
0.793987633248
0.614380426643
0.821068834653
0.634756755771
0.634827463019
0.547829885128
0.900867511654
0.0828135970682
0.805718655305
0.826677174547
0.952686469102
0.427405430834
0.938547078874
0.252542690025
0.156797485606
0.781274852868
0.984516178493
0.784221537525
0.143468041747
0.949136160303
0.855685497904
0.496281635389
0.174332202246
0.491947831365
0.911281188254
0.513457715583
0.0774445681102
0.921189421098
0.2772930268
0.797375036556
0.151467857262
0.454691328072
0.952314427975
0.827266268975
0.00393103966652
0.25416650911
0.0263066105732
0.930209848056
0.961234178407
0.261444500847
0.1034607628
0.372543135472
0.950895251196
0.951133968794
0.987285368308
0.355059529325
0.0308282815243
0.185736019148
0.647508041637
0.997235892771
0.0318201575819
0.570417385907
0.774399117207
0.246580109521
0.897243192769
0.173943017138
0.0455038307841
0.351378796221
0.0336844232826
0.0927764151374
0.383934427108
0.960291151797
0.180509350243
0.142084879843
0.65355974904
0.0972530255324
0.537351802707
0.481041927299
0.641492921552
0.344772229074
0.509533902691
0.987500943302
0.961181712899
0.174994301857
0.898223554514
0.0852190561973
0.583937474594
0.463777229093
0.427419636333
0.275734757376
0.0227984292099
0.0178214367643
0.500778163287
0.279909029312
0.069294583148
0.931595303292
0.829573580043
0.800201524768
0.243759893508
0.0248363940777
0.937901575501
0.220041493422
0.373219778039
0.878294352947
0.463897642576
0.751433694116
0.734511774176
0.81293140864
0.384261997341
0.661634195345
0.037732843048
0.0228587080516
0.217237233931
0.93384157823
0.908345932432
0.756542032187
0.987361168356
0.930139902027
0.0610994123652
0.242678501383
0.855044875117
0.333673259728
0.400370548759
0.974388993413
0.402549919746
0.206903238788
0.114229412443
0.138674779329
0.843913892264
0.928638492911
0.170165644521
0.371277906588
0.00550335301181
0.74087903138
0.964261533796
0.968378330123
0.861007229045
0.960153462734
0.660333182637
0.800100448948
0.965020939494
0.905772827972
0.960165012412
0.643612701692
0.281050415586
0.0275484565353
0.350242789648
0.957306026928
0.93403378942
0.351484569889
0.970082548651
0.824158008848
0.203872994662
0.241002953878
0.774351347469
0.654540522943
0.61944921115
0.163336455669
0.901041609572
0.124556978863
0.977204589544
0.526234989263
0.0153214730334
0.199814799748
0.0234590931195
0.938096466617
0.986289581483
0.616633933826
0.292755180517
0.203129065501
0.239271659239
0.0671593385964
0.831986762506
0.901444540554
0.213885423273
0.102610995852
0.721083302853
0.0106690110441
0.0357897319693
0.952859860708
0.560461689908
0.546732580636
0.0976737137827
0.971169461655
0.366109781478
0.317739649038
0.89872056295
0.0160634515588
0.031341980815
0.0461323381149
0.333002456538
0.00871866296495
0.700821523638
0.438308434116
0.805113082296
0.137323200186
0.496303121396
0.841715204219
0.123197552937
0.397865780384
0.422761365387
0.213102595656
0.0252721861691
0.430334693181
0.416374844096
0.193005055826
0.905558052366
0.804747346839
0.492497223125
0.358085178019
0.802887927081
0.0679138236028
0.200475410496
0.967799835065
0.935060999579
0.794136229924
0.870229504301
0.0983104592398
0.613087239239
0.120382076933
0.885162742585
0.938192490077
0.136645879991
0.995739617821
0.766329533317
0.0213653251849
0.138417547107
0.562059735898
0.385753155208
0.588421055076
0.0299583860588
0.342127187365
0.447430075852
0.99419799904
0.088819812228
0.507528564445
0.68183196528
0.164908986794
0.941501730765
0.998580921
0.848220650024
0.634682263032
0.958641629708
0.197004159508
0.719828028079
0.426069980804
0.0502209307936
0.959072472718
0.404852241921
0.231698247449
0.670212739041
0.611446533957
0.953492306578
0.748331350622
0.2187861316
0.960195904777
0.964975916246
0.68638820877
0.0260383443519
0.981626729724
0.399501086418
0.0756723970671
0.785838554809
0.651683740293
0.942844705188
0.0427829251973
0.971611355426
0.028434609403
0.114268113264
0.940884326906
0.865613242897
0.686417742641
0.794269541568
0.882152885229
0.00229104205279
0.722583414675
0.0025938204977
0.281349797112
0.485363385472
0.275734757376
0.0765948757563
0.576930356465
0.0396824802167
0.986173287131
0.0732834913008
0.422873134592
0.0824181451464
0.709159597416
0.803980412708
0.554264092477
0.117483643707
0.604848978033
0.660425948994
0.031757276718
0.745104257374
0.00938476552785
0.667557017563
0.328453419317
0.0207427802455
0.930805728538
0.895067067892
0.176087649826
0.516023857388
0.021705298874
0.8744725575
0.0359154613952
0.00497915724275
0.963108927609
0.112448646975
0.642290336337
0.610320350685
0.691578300342
0.448559117113
0.966774866456
0.686317624273
0.501872490864
0.884929165764
0.96525371646
0.875985520568
0.494145678258
0.484259732368
0.377377202859
0.870497945379
0.417764727408
0.03651051084
0.0148751139116
0.205732263423
0.664231202824
0.963981315843
0.36055718473
0.487578630013
0.988686761315
0.655446456039
0.968899598564
0.760351614026
0.711839399757
0.566150679954
0.505940922988
0.0430601273014
0.821277770421
0.082359112126
0.108391714003
0.0389856318769
0.0422860926682
0.849409675622
0.7830594925
0.299867657647
0.0456601029272
0.622811926772
0.932732107891
0.422424019722
0.963033520113
0.313275919815
0.334360623382
0.466591680384
0.145903163445
0.767152545595
0.103164195014
0.89751185186
0.573490745492
0.898940267451
0.154543246701
0.481552281843
0.753236313228
0.523645944287
0.522039018151
0.53389284387
0.887348410044
0.191953839598
0.954028536095
0.880373652952
0.972855533495
0.114742534133
0.429306360015
0.774875868963
0.886728694387
0.314986710457
0.086882612732
0.0493052085755
0.689140764784
0.982070979164
0.0372572360255
0.565007956404
0.976872964382
0.425302917448
0.142079062469
0.0963274568952
0.0229405710946
0.512267214713
0.428785483056
0.837973608952
0.876104609658
0.168934179497
0.968852771395
0.102027802319
0.138500716239
0.333282741617
0.381875422651
0.643398792029
0.333704239909
0.023065648541
0.977473346638
0.814559502177
0.0299608536967
0.455168971832
0.670007320125
0.75642164675
0.0583319611504
0.88109597672
0.800825198433
0.977125385709
0.505730165555
0.271683127009
0.118053197955
0.719126870389
0.993814020032
0.0141660916345
0.515040052747
0.00611985459291
0.633760221088
0.904506756737
0.0150834777645
0.0154692079239
0.717814092654
0.368172321623
0.845721411357
0.70653365955
0.197764896876
0.624125365561
0.0710068599723
0.989821687552
0.390552689827
0.900634140914
0.172470526447
0.727106307843
0.893271600589
0.906237191544
0.697309140848
0.347751784654
0.443042027909
0.974896591635
0.880362575105
0.0348019194633
0.785165974689
0.439180402408
0.0842341055825
0.266540797005
0.569414114153
0.0772413823241
0.0533040510244
0.919179398736
0.171550633253
0.34065423778
0.209305658539
0.342164076545
0.111167466257
0.403164232806
0.0398605269246
0.40309289665
0.103123504517
0.638772660574
0.055957457504
0.403395574225
0.574378838085
0.258136780486
0.186993568335
0.156867740803
0.982997094919
0.0164358955587
0.399397423266
0.945649822931
0.987994354309
0.396448569073
0.00774267078271
0.347946319653
0.455853139952
0.0666205065806
0.970355993936
0.957429768445
0.710084857267
0.686515628149
0.0465942236819
0.76480645513
0.928849441092
0.441516394672
0.236888993201
0.43229777869
0.945742206148
0.0275808014477
0.699652387842
0.222578847307
0.819675550186
0.897588468459
0.530332523772
0.326410517979
0.0102012765545
0.085071346341
0.868789681764
0.724203320413
0.20731724088
0.645062450151
0.745643391922
0.481686745978
0.0152321193379
0.141275041347
0.8519725945
0.961293599843
0.973029094729
0.0342527079088
0.695966272787
0.468558704428
0.938139446178
0.767407347036
0.0142805634197
0.250827405114
0.475325053839
0.969615161227
0.313208195832
0.0423215848178
0.831379153609
0.894831477928
0.891304010634
0.118969861785
0.912182246789
0.676139653029
0.126274888545
0.939925199668
0.973712605133
0.0412466902998
0.56728281889
0.895478632662
0.115076180198
0.36035943414
0.326613046051
0.104259343718
0.921763764
0.857840372726
0.101487337899
0.996023914689
0.294471966388
0.126699926589
0.345496816618
0.855275843476
0.113512217991
0.114645477437
0.781333150561
0.513643862629
0.905450539088
0.748114195094
0.0890203825808
0.591144814201
0.0423215848178
0.897517148148
0.154341915305
0.845933520343
0.14983250615
0.827435212634
0.18776374512
0.0389034242464
0.971846222016
0.420973212082
0.156138741615
0.560456688115
0.0408878817046
0.648843106198
0.65822919777
0.0552896708437
0.678081148828
0.900004203846
0.851264959526
0.0326229432325
0.0179040019432
0.899246990297
0.152170239273
0.782304254526
0.387634177448
0.169184247222
0.516061869193
0.914258868898
0.333623985031
0.245617093865
0.521550163224
0.023539329341
0.704829906828
0.903962142983
0.830395494081
0.4352718413
0.0133536257731
0.592181709583
0.785714781145
0.0062600468723
0.63595750823
0.962595978799
0.960732806173
0.734458078015
0.605778990867
0.656349464291
0.977086063905
0.519249135733
0.0833824633165
0.452751146872
0.024704855687
0.995371122565
0.718130645392
0.911317853083
0.599129780113
0.440612868324
0.23988452555
0.0213567852276
0.539999349549
0.348212791332
0.978498445327
0.183751226614
0.191140346129
0.444390636982
0.514378492417
0.978861575519
0.0456973687573
0.13216605766
0.762756111259
0.523976796504
0.125690792985
0.602768175924
0.0413911329394
0.832626431707
0.630805057352
0.790583482585
0.161208043083
0.970012692283
0.930754915212
0.968767891492
0.936650058156
0.0688587372285
0.968030189747
0.335301143626
0.99471231724
0.413679660733
0.963574024346
0.00370300442536
0.326120638161
0.51175594847
0.404421179185
0.581043912107
0.554416130451
0.879406228611
0.948560962798
0.960291151797
0.933663103098
0.184954698025
0.210002374372
0.930474625675
0.249245776069
0.382398021222
0.64728677875
0.544116706065
0.0735007595715
0.394677895922
0.705533479424
0.898774961966
0.714937396859
0.572799880934
0.262844652175
0.0478538071945
0.173086266553
0.0176962575664
0.661027130297
0.286517317768
0.00745567107439
0.413523282823
0.991191809367
0.438470005132
0.575412686978
0.577917048094
0.408422566488
0.372899298475
0.012064341653
0.82097447284
0.736889084922
0.385804024968
0.962577962044
0.0048348507563
0.0309711006275
0.849603767432
0.793949180831
0.296955906203
0.84021680661
0.794484534558
0.884167182396
0.995796185807
0.65149622384
0.515270535543
0.553117676783
0.0850974616811
0.910412765299
0.0946759154654
0.0990851867801
0.813365161739
0.381890513062
0.863211821416
0.655466832409
0.569893728326
0.71654424092
0.707068522392
0.443242508474
0.707127349217
0.364843161499
0.463058113215
0.908362744198
0.231780473605
0.0577031870008
0.692835440214
0.268508703697
0.974551477165
0.206727014587
0.58035369449
0.353726108021
0.278534008975
0.254682377935
0.334528005609
0.961068127835
0.827606716736
0.148274445212
0.633756234602
0.0178463256692
0.946528966228
0.026408886504
0.686180387622
0.658796487587
0.945231192528
0.310791806493
0.842365838812
0.845915642861
0.139611911366
0.76731583963
0.212472076519
0.759188649865
0.919415557719
0.155658500309
0.717914565623
0.726257424879
0.255242779752
0.277414883826
0.546497201845
0.890226243708
0.856330704627
0.33798524662
0.058177843475
0.201401033817
0.147400009889
0.911753032168
0.235738195852
0.937938470699
0.230302251158
0.578773746936
0.0118762765672
0.367168504336
0.757999197205
0.860431701761
0.906151295059
0.124809419264
0.686108875603
0.0191275432618
0.0196033175376
0.976294636522
0.702823013172
0.149581707195
0.395310030021
0.0113653829282
0.61162082585
0.45241186992
0.366979781843
0.0386706773881
0.185741200412
0.349198335881
0.617333632399
0.360150438383
0.948919320027
0.474229339779
0.287793802603
0.0379446321578
0.0379446321578
0.363971983427
0.600428811096
0.0655970018374
0.821368823171
0.694847229822
0.0732950265248
0.981590323448
0.906650580439
0.596385882704
0.739616221135
0.960572750069
0.249245776069
0.940951353989
0.170011760172
0.428239694163
0.274200713954
0.909258634246
0.650713727739
0.672436752779
0.806540991459
0.311294241296
0.986631178924
0.86256457463
0.272027221942
0.940733908795
0.418952906332
0.977158995246
0.93459738645
0.430919190615
0.940281820764
0.9593656703
0.933571465293
0.0199157408704
0.911336742724
0.811435280016
0.542133910811
0.104220536555
0.476838177338
0.89923542185
0.18776374512
0.528215006514
0.928976137002
0.269619053629
0.422222932081
0.990498604926
0.763217806605
0.987892044907
0.94020001906
0.432210368092
0.0308282815243
0.941908619761
0.913808542933
0.95499168034
0.168383672143
0.104220329194
0.838471461961
0.400733084547
0.98151475062
0.981138676176
0.948146773748
0.145116310533
0.0187937629415
0.0959489465873
0.803330133826
0.932670353725
0.872430914514
0.9362338027
0.0680661277521
0.641525084154
0.132889852866
0.984020234686
0.136067526736
0.268181142171
0.021389829611
0.968951416047
0.0345349206755
0.991323659474
0.990492934618
0.972040287231
0.275095272607
0.82097447284
0.497173953898
0.542105307261
0.910794899503
0.277496275458
0.976728869938
0.0647628023025
0.226361701306
0.717456616797
0.0888735199791
0.997818710677
0.695138212246
0.702938340525
0.0832626553668
0.173744729404
0.555982233519
0.992260296169
0.555275225215
0.572589068967
0.750286286549
0.0724274589881
0.137681009631
0.239161041745
0.981245521873
0.00925241772178
0.0144001197561
0.0551016059097
0.0855507953913
0.537489075522
0.913697610805
0.506541317329
0.512000911145
0.781154540494
0.305474227296
0.738758509314
0.248425650933
0.064418130102
0.910087665168
0.848028052036
0.226113871631
0.167539814119
0.513387119635
0.244523372123
0.0200428745675
0.774396747086
0.919405201157
0.536231124513
0.92759996523
0.921390550859
0.301542842029
0.928009288107
0.957265158773
0.900634140914
0.73891707185
0.933996088661
0.890167886152
0.891567182102
0.142084879843
0.0325808963396
0.801488943577
0.160849872204
0.958503631477
0.780783522663
0.0461264507625
0.129092708604
0.974259758617
0.485220422976
0.14918138658
0.893228531467
0.089072427811
0.960800277662
0.567813808467
0.650045517347
0.113349528472
0.125660442013
0.978667509349
0.570910945621
0.0103905517034
0.615632461875
0.677463654993
0.917180020012
0.309207083174
0.521502656494
0.763047468867
0.34376219755
0.976258265207
0.948847714171
0.193651672497
0.782187768939
0.875047987278
0.56039373895
0.0127867486407
0.91381352681
0.314487260866
0.0681639170908
0.954646702454
0.247220695867
0.880789622597
0.207307310608
0.565317929436
0.723789929378
0.0739069694506
0.27544192952
0.013732565328
0.0310207964919
0.717737179946
0.450581396195
0.241928522093
0.966973180344
0.00680333980207
0.492934959296
0.921877355259
0.0217736190094
0.586999684237
0.827670458134
0.60455427782
0.464188294109
0.481906579611
0.0227042633242
0.939590978853
0.587253947231
0.024064175882
0.306818280503
0.331815126185
0.214258232914
0.877087406264
0.743152096487
0.973813049175
0.785838554809
0.485154431894
0.537465589534
0.784531861952
0.886110922944
0.198608994205
0.678694047116
0.125350600466
0.41553485915
0.0301277739868
0.392630942612
0.0920341857112
0.922497411201
0.629753212785
0.834610348185
0.129993642626
0.418663606441
0.665352530564
0.115520738302
0.667426263535
0.803586371411
0.0198042440311
0.119617516546
0.180013811803
0.327505176309
0.8083932666
0.00954186196925
0.648742860329
0.209600787813
0.00428637039513
0.0984625842448
0.118883200763
0.877113722915
0.388636261119
0.707251381914
0.89557811075
0.261778583939
0.932511339404
0.864427704232
0.788506273771
0.97456489474
0.940232205758
0.0014184629521
0.378933534186
0.98862741564
0.273816139368
0.971488220185
0.00633227468255
0.378271444434
0.413841806373
0.55565587894
0.6610792063
0.635946180884
0.42751977754
0.0759244158874
0.758822061891
0.00535531703901
0.645595297039
0.975682057411
0.343284210037
0.0252241477972
0.117251946651
0.0437211747724
0.352034691212
0.584407007734
0.809861477643
0.0395575864049
0.772598675108
0.731368470017
0.756747608028
0.976666493676
0.961627012156
0.870958211597
0.867720694722
0.494761135673
0.971214848453
0.167885879733
0.0231319864954
0.479316381687
0.44591075491
0.157237023554
0.990076841288
0.202298968611
0.983792784185
0.538117729085
0.501840481301
0.263563242346
0.973578164184
0.690972656363
0.187303772227
0.142616866508
0.506575484384
0.0643103935527
0.499605047329
0.236545261098
0.0458656467995
0.0162486542437
0.0838685388514
0.717501987148
0.946030421482
0.458415171239
0.1984507209
0.580383461813
0.947603589241
0.292637783844
0.888057891515
0.803351438609
0.281491617582
0.963563301487
0.718939091662
0.497619489942
0.373359138014
0.332757915649
0.407359744592
0.194734778225
0.915942710509
0.943318778491
0.737761117501
0.590140642479
0.0997214537505
0.174911283436
0.386334845437
0.0292387938842
0.535713286759
0.625379665765
0.0987339171953
0.821792965717
0.0293237931048
0.0829635726072
0.878632153469
0.30240526237
0.0310538080847
0.728841616712
0.124441790736
0.853672661518
0.12263124905
0.433366857526
0.128037208172
0.324818229962
0.562666306207
0.879141023864
0.551885584006
0.959026387008
0.848855081627
0.453338916369
0.0972874346235
0.946331235271
0.930201628466
0.62357255757
0.716994872758
0.982830036907
0.0480687167704
0.563924840442
0.934880588343
0.0996031976241
0.0455038307841
0.614380426643
0.639419919224
0.277459718833
0.557122758541
0.553761876062
0.974822320196
0.326237883956
0.96592043597
0.0226270204946
0.920602336398
0.380698604002
0.532483382144
0.661960022525
0.830472375462
0.155708845369
0.881053420405
0.00749257980574
0.108096612094
0.783793117437
0.771262821612
0.0552479401856
0.895418683972
0.766143064608
0.760636703638
0.761168300815
0.610320350685
0.180817097096
0.951179042203
0.504424215293
0.455196935621
0.993495971273
0.3630188153
0.0782197262893
0.724862640404
0.561751219822
0.721563533347
0.189140738818
0.0167660141086
0.485363385472
0.976753462176
0.0709996893367
0.538474647976
0.504688644517
0.798690432466
0.673190980421
0.991160937177
0.658796487587
0.69647940937
0.946232753118
0.790580548278
0.86075215139
0.634152186362
0.796300242084
0.653446663049
0.129681725088
0.681237861349
0.496563310599
0.35559342206
0.953286809994
0.0182609900471
0.476157455591
0.513165982
0.975408056665
0.422074241847
0.295512422767
0.982115571867
0.766329533317
0.876544704072
0.0352375248366
0.4351304525
0.0353242844328
0.83738120527
0.0534193189136
0.887376655044
0.069870982355
0.964697924398
0.00383808719613
0.0665535971337
0.0724262052316
0.946077524383
0.484033805972
0.40585459326
0.0284379713214
0.162077888536
0.389591315863
0.829851744392
0.859906927133
0.0537897116622
0.0386471066218
0.0988256110842
0.300084698263
0.972797205613
0.994805312269
0.881262561428
0.482515371313
0.935169331123
0.292391979698
0.022009877587
0.860749361278
0.104169357297
0.726503439523
0.67831969656
0.0166497287717
0.668280600053
0.0222380312994
0.0654593645017
0.89238685812
0.421544278057
0.426189342359
0.862244616905
0.899286150231
0.382318492372
0.0493601375285
0.573631917418
0.0131360915423
0.162138601403
0.0384474633975
0.90041743082
0.724174769093
0.141859763405
0.88600317707
0.0308166763481
0.71969613782
0.0150034067245
0.854445872085
0.60854944585
0.962598066567
0.642253600568
0.659283218975
0.0507824694422
0.316196053381
0.165162599125
0.937901575501
0.032684588131
0.271628733866
0.0241460825854
0.20834781286
0.0224171108221
0.438032402715
0.842249762991
0.92813298109
0.136067526736
0.584852370071
0.961089834622
0.4227977186
0.223178638342
0.850388305646
0.0508573949317
0.00389614366988
0.67021071933
0.736272978704
0.784629566864
0.175372313729
0.0441260817622
0.4258339891
0.113265192781
0.591877957806
0.250360899149
0.553240207011
0.0530536639351
0.0435863292643
0.344944798444
0.583936818638
0.637635840283
0.543721015096
0.462317459759
0.967144373723
0.0101042278868
0.941514209622
0.895755340838
0.885099714799
0.925977724427
0.114879486776
0.958666418166
0.0947003377837
0.983209914486
0.101185173455
0.119101538223
0.208160041307
0.995122558762
0.217857364263
0.259146593302
0.713172310835
0.713981913002
0.381049346677
0.00896185865407
0.713706784344
0.249266109726
0.350242789648
0.310018072037
0.879081446341
0.851688888418
0.608379770839
0.513314563543
0.512256004329
0.335201545396
0.0118570738943
0.355897888376
0.190668018885
0.0246452753939
0.583941876339
0.56299183082
0.94880507336
0.953310645123
0.0102273594336
0.916927556843
0.952021069648
0.552008430807
0.947114471649
0.375661293122
0.285706351744
0.070448051518
0.552123222696
0.62665387513
0.323227045193
0.185962563741
0.740482026287
0.970033796525
0.928684084829
0.929071798622
0.0509778842953
0.267708613399
0.892298128766
0.271044414571
0.777659232373
0.734221341453
0.0223844818033
0.127521921152
0.205480184953
0.548046481672
0.462079485466
0.354365451388
0.857155738888
0.0920132867442
0.135074169598
0.194010772226
0.103715212723
0.863595518554
0.182296372794
0.695794835226
0.317601021174
0.768996403208
0.225605352621
0.023539329341
0.76534771541
0.452498534607
0.0265058890734
0.444798129036
0.884350640077
0.608379770839
0.81899054352
0.87043493536
0.894913208503
0.866834500082
0.00454310645625
0.69956757522
0.00854440470758
0.748274462903
0.979886268067
0.586220226895
0.79250081083
0.282578671252
0.00362564530229
0.937586999834
0.0406852736233
0.921292847634
0.0850237363909
0.216578004606
0.929110561015
0.886797011473
0.630956131724
0.781256133178
0.895387594595
0.0930517189556
0.797750553452
0.560876757302
0.982288704167
0.28265471745
0.895067067892
0.168064573594
0.224910119474
0.208890904866
0.860144646293
0.777541585517
0.771176805162
0.104081027052
0.909270997206
0.248807859604
0.136876819504
0.678081148828
0.42255160913
0.921383422465
0.902019624412
0.0779560707945
0.886144314004
0.82783783812
0.213394586704
0.676722947515
0.83973043259
0.955271359593
0.29794496596
0.56272226239
0.0844973542373
0.0397235531623
0.0975713534755
0.297747992178
0.528129770221
0.26822769095
0.0339292288962
0.883430107803
0.87271747142
0.0136090785699
0.984943072318
0.092530165624
0.953772675672
0.530058275833
0.175800776349
0.714176756269
0.151472567585
0.72332288746
0.334604309291
0.797271058671
0.74617712718
0.64750086631
0.332521200882
0.00569606249722
0.542998970317
0.817583215506
0.819269418087
0.693154973438
0.148085220668
0.0732450250603
0.487705056685
0.990136299306
0.719174144861
0.976697684127
0.236764567716
0.878814735542
0.0679850015099
0.944603843672
0.765369133738
0.242215831977
0.993834712693
0.849095246215
0.0306539428919
0.587969445364
0.731486543001
0.71260844947
0.521631977527
0.935320538891
0.856480482468
0.00446186146477
0.92212448459
0.760768562383
0.878637320707
0.407667039531
0.666346945621
0.901844412257
0.244869522512
0.0662706110269
0.0571070621836
0.0202595257568
0.0554979902744
0.979073801135
0.980043988645
0.927666409693
0.0153410235543
0.397119693028
0.904685322466
0.920217143059
0.161542807132
0.0608193808117
0.21550445582
0.861461981228
0.237780879585
0.270815440878
0.0267035694017
0.147890222827
0.809729027383
0.951210917639
0.310227723893
0.867405514557
0.0955021222708
0.856123918297
0.527617603014
0.00677476130717
0.0123076694286
0.269900461577
0.825564001377
0.0841815742111
0.203118534023
0.0679197546329
0.973196326719
0.00120691458419
0.599500658961
0.0509816685849
0.293413018552
0.318839578629
0.942844705188
0.491504643686
0.782666250605
0.636591209423
0.859002328814
0.0657284624193
0.703817907915
0.0397086510359
0.311261020735
0.721083302853
0.0222683791627
0.70875600854
0.932469168146
0.424562289238
0.71601488717
0.476558088464
0.329799360415
0.728205754846
0.479337800439
0.518418652436
0.696465955592
0.0268617327282
0.208382411073
0.655039316426
0.625804246269
0.732567513647
0.531413737184
0.928201219677
0.618814881152
0.0784574065579
0.037755777266
0.977360876754
0.00657709481314
0.900619209127
0.264304144392
0.161107515145
0.869355334397
0.836792478658
0.161854808024
0.0451525157383
0.691718647944
0.97135562388
0.821111988922
0.963219817299
0.17863030021
0.242483357989
0.809396460997
0.510344265848
0.33382939684
0.53507803712
0.108426807136
0.969446730229
0.944560625648
0.965851943774
0.798653363378
0.103800538087
0.972599691207
0.30743946819
0.200334243588
0.597596530904
0.667712659839
0.180626349037
0.935628991883
0.972865069936
0.203290876988
0.810998165584
0.297908886406
0.979581298127
0.995218300805
0.231022304884
0.101979365462
0.51783150739
0.917858838517
0.094913266848
0.780315199526
0.0343673797994
0.0949491005106
0.0246108751566
0.800754002505
0.607221555846
0.00647151340466
0.0720571236555
0.489936137373
0.704361166085
0.607254031699
0.375466631831
0.854717115076
0.349265218381
0.849209270272
0.709181952461
0.507663730793
0.899745980215
0.183210474344
0.919405811264
0.0274277451738
0.717895385504
0.913587868888
0.588303176729
0.986173287131
0.612521560361
0.994559174395
0.407304063241
0.938922010453
0.394235844298
0.922149662968
0.386208885424
0.895253552384
0.175664786821
0.984590449369
0.832594909251
0.866489585931
0.808414892266
0.889378523448
0.905605910887
0.489826311232
0.0164563629656
0.470317280674
0.924823136264
0.847457177838
0.295196963848
0.711574683812
0.958492952911
0.434434753407
0.977816398571
0.911545957281
0.449638327454
0.0210140851038
0.735643726362
0.260705608621
0.816087453115
0.132070772701
0.717528786189
0.623621297433
0.905200944624
0.852008135518
0.169197950097
0.890397521431
0.881715811516
0.268992334474
0.598637218728
0.966370343758
0.15315041511
0.267506366374
0.0937390496689
0.0842009903802
0.95551782072
0.0796169679475
0.950646698409
0.106988168907
0.54166990636
0.128664979543
0.98261570842
0.448785562942
0.956501801696
0.106973560557
0.490194337453
0.127619365742
0.113525796155
0.137367517793
0.90678390331
0.843299765068
0.500778163287
0.943318778491
0.604506599297
0.834041344415
0.0900855168792
0.0467462560263
0.0559025779283
0.0229157429171
0.765054686959
0.0737324779187
0.0268491421219
0.0204307832187
0.206891958464
0.940278054717
0.287037975946
0.0936005187729
0.0452292137032
0.934749524725
0.545488563505
0.667173635423
0.119589505781
0.0367574995394
0.235420818298
0.705778173093
0.405013440581
0.973229012586
0.741384883065
0.883062338786
0.2403110994
0.561799384587
0.753462789797
0.355186193205
0.944795202676
0.11894458017
0.00816879019904
0.70269562855
0.835456324305
0.590681640388
0.684736782655
0.901063872668
0.634134273837
0.116408396662
0.979638767439
0.116886902797
0.597513248921
0.0393855169805
0.0340004944344
0.519953397241
0.0152231632077
0.764810211569
0.933026823782
0.739007273327
0.0208772314655
0.87417076439
0.497396876257
0.546279976138
0.0143921933125
0.935804628308
0.70356480492
0.051869213202
0.110100101997
0.433420941277
0.932152504382
0.288302757031
0.0958665882548
0.950254375647
0.0268897384354
0.163623428869
0.212729741331
0.881511764917
0.8083932666
0.656214389779
0.861437390491
0.96087172269
0.10687171394
0.0130328640276
0.0746093552024
0.15235632724
0.539401847164
0.197547012568
0.217762015302
0.502339410652
0.217976625428
0.576841746082
0.324752853249
0.963546326174
0.303083311782
0.161597250004
0.707127349217
0.526443926381
0.0488345092989
0.381404371229
0.062192290522
0.3254728871
0.0293918093192
0.19421785708
0.798517664426
0.863398851015
0.362241625744
0.729087800924
0.165892475641
0.480869931852
0.904186745769
0.751276843025
0.617923574513
0.676334705903
0.952598509748
0.0655970018374
0.722501741896
0.0261829233684
0.483519889091
0.879622064812
0.484927939658
0.966361928778
0.609939416857
0.611704025493
0.00868524143431
0.0020725716055
0.231459117431
0.438735907979
0.840511220916
0.29185440912
0.973918311779
0.00397904991419
0.743310803575
0.824616925489
0.736896227084
0.92067087508
0.192512928266
0.0589296746818
0.98237647852
0.885415188948
0.983804498816
0.302318130123
0.245131152922
0.279573559007
0.995278737527
0.184622021808
0.855068504433
0.53084126285
0.157370245881
0.100758461313
0.746430015979
0.0834114102831
0.239379669406
0.794214324887
0.0303576763414
0.934961936232
0.100986973304
0.95724231894
0.731368470017
0.791489415195
0.0690049264231
0.52398359052
0.924152282245
0.363491179624
0.160384658655
0.45522594275
0.388863818475
0.506541317329
0.0623486322342
0.908486433813
0.711761019164
0.500045668898
0.834904646124
0.950752339946
0.231377532458
0.62320501459
0.61597666763
0.349950659597
0.84809137006
0.32860585567
0.641103360012
0.426589285854
0.764815426611
0.991813434023
0.498449285082
0.504869542372
0.889681343676
0.905434794039
0.262192784803
0.922254878579
0.0684925361672
0.699919116016
0.69866547357
0.777134027218
0.97398229402
0.943224316004
0.981852475617
0.886488723631
0.930987312083
0.83216046395
0.154671108541
0.644656647885
0.958687051987
0.0361612400922
0.199207529402
0.0513595711574
0.258374274799
0.937842840523
0.497800666786
0.748197547263
0.736067280348
0.907310186508
0.0674805369115
0.931648966668
0.974703621394
0.848798900802
0.773792409505
0.231640386358
0.480255285125
0.0852119293686
0.00912807660442
0.0958734098228
0.0285534927011
0.819894524117
0.877422712817
0.0225938394381
0.0581286276954
0.709530177967
0.232596060728
0.821646851012
0.916848483608
0.994306037194
0.0299615356299
0.977059915737
0.419297321079
0.0236971752532
0.820276341632
0.0299623729495
0.905580635752
0.120375521822
0.731690918913
0.949202593503
0.659557521714
0.342060534142
0.0636551777691
0.0414185282274
0.576536364084
0.11187376208
0.914790097528
0.854810299888
0.303067200462
0.02194389579
0.0361440707479
0.576366495446
0.27258770029
0.483801360028
0.507890804814
0.187441233771
0.180399193158
0.0328770794698
0.263659054968
0.962373700448
0.571130056596
0.0627992752004
0.995308077209
0.969913759984
0.533345349427
0.0828471294383
0.970180546417
0.748204793063
0.568960976206
0.40904618109
0.239490814141
0.246783853523
0.0829254176295
0.0257213452973
0.76894437715
0.0861281899733
0.384461343729
0.943918372201
0.106302091226
0.49352335864
0.70505626884
0.268631053193
0.171556572534
0.499062083991
0.574341788617
0.223615505326
0.469216523006
0.256252694476
0.516671809838
0.848027204225
0.60938898711
0.458434355195
0.709682975887
0.372822469196
0.48415405525
0.852860526747
0.329011709115
0.203740602478
0.923110329496
0.023659780228
0.958323172537
0.955326629243
0.141938808618
0.97885904463
0.878368373485
0.876086682625
0.192962084175
0.0669421696844
0.138414308358
0.361556805417
0.018237020384
0.44436831818
0.291924419616
0.156700783779
0.675228476592
0.634150594217
0.664039477281
0.845109672021
0.76238568403
0.420452117065
0.417501887142
0.0174594830455
0.146023952117
0.0434566984205
0.972289036856
0.0560485406873
0.0724491796436
0.983391511024
0.75320902603
0.961181712899
0.541215971359
0.190501457877
0.494282264831
0.979099254558
0.9327654269
0.488323283094
0.0149735566095
0.0150500991282
0.870469824875
0.931556618272
0.772412845617
0.750251263536
0.471576025321
0.742718116961
0.434315899946
0.381440734353
0.793800473476
0.186825788094
0.944908603793
0.422074241847
0.891505435488
0.0183449875311
0.99429436139
0.800316450838
0.280507529869
0.248676847424
0.56782955897
0.364790267223
0.809649749399
0.21890145952
0.256124309617
0.681675598546
0.514702244724
0.373158979532
0.0287522958256
0.883267588129
0.981101183503
0.951298700039
0.98001590289
0.950266944747
0.744394278195
0.975552847618
0.103759209609
0.407817524319
0.0675848980787
0.769152677836
0.792963595398
0.573576260375
0.922378281575
0.984758609586
0.963301488761
0.965085512373
0.984527231371
0.997059147235
0.98174029417
0.621965555537
0.601887292708
0.869965080984
0.907355771912
0.0668677613349
0.0492433367198
0.0722593962081
0.329139702122
0.861990850922
0.00951377031402
0.0194052740507
0.486240679238
0.96589875347
0.348531033007
0.754399774029
0.324341737985
0.310029293142
0.108212487412
0.155521049245
0.453068668107
0.305625680803
0.899049957321
0.765125450731
0.601549737327
0.349695339483
0.191131718903
0.232895919459
0.298731213341
0.970180312484
0.972771021122
0.358353008567
0.971611355426
0.470838086692
0.402524014918
0.978990018255
0.740423805749
0.0742393569231
0.983761785036
0.26461770553
0.234635913462
0.670390978048
0.358385229628
0.159110821885
0.0452781279422
0.119784738681
0.675642519295
0.881241336074
0.913718407531
0.686558219433
0.704903144347
0.294510172575
0.803246018732
0.239028449826
0.13570532397
0.822800190157
0.983435962197
0.0100497083273
0.525024590766
0.4264896463
0.115028775672
0.958312921213
0.735485981533
0.942111646612
0.463002562673
0.18005209474
0.0370109425151
0.021600703265
0.518843441678
0.162040081003
0.491716344416
0.990957172539
0.927666409693
0.255697702895
0.814855782301
0.839892000748
0.97019471345
0.0365264266131
0.939694342725
0.745770031227
0.142467155661
0.472639466261
0.384672261492
0.222936947894
0.714176756269
0.959937597784
0.96749015326
0.0582284355282
0.208308067069
0.0334064773262
0.271760815952
0.102119105776
0.932741813858
0.798459456187
0.967327401553
0.615632461875
0.874629630752
0.975522703214
0.89253896708
0.11333424686
0.124983993783
0.781380503266
0.876561562397
0.451809143473
0.021337641566
0.83346181637
0.740703279071
0.854484652991
0.285081291452
0.84797827535
0.601704992888
0.938940459459
0.0362954545946
0.66819103
0.623667275612
0.94744854726
0.513165884914
0.718453783393
0.975363378091
0.400482946253
0.166478372459
0.244744483703
0.795713361421
0.423071632307
0.92262561911
0.892258355597
0.0509263394926
0.154768060023
0.866648344709
0.193492383811
0.561452918676
0.981563447504
0.758331958784
0.0498123029085
0.852710327158
0.730442714719
0.455967709615
0.997213617024
0.944316057603
0.432205845883
0.581861208737
0.109377396002
0.989059535786
0.598637218728
0.740023540395
0.390582631421
0.0088491948407
0.762335575326
0.0552874433545
0.930769462784
0.418765431681
0.931943714804
0.585256620269
0.191404369695
0.925086752844
0.856425139032
0.0510967367858
0.43543595495
0.94282860608
0.752922226152
0.00426677136192
0.699011884384
0.97950954062
0.0320023283243
0.46864280203
0.136626552299
0.44642931205
0.875934513128
0.274591366237
0.377514371027
0.786789536095
0.0809619848155
0.739836989195
0.746036761427
0.263483952219
0.294292007926
0.885526995807
0.058251786401
0.929250714471
0.260790693871
0.788265882145
0.284725528018
0.828710023827
0.079631106995
0.923442655409
0.523868807591
0.0128887962175
0.10778839827
0.963019922074
0.851690551453
0.540126493528
0.511545100554
0.650213666442
0.252625294819
0.0401776500477
0.0254105877033
0.397279440369
0.901593402424
0.977026223856
0.850300988704
0.381003973743
0.162088809185
0.143891846271
0.987159383164
0.484270002382
0.0813342769351
0.84021680661
0.460480046534
0.947228628604
0.067137741323
0.25284386886
0.698495972969
0.0551812744951
0.468018861862
0.123197552937
0.349971249372
0.46383115343
0.346901444578
0.663866171824
0.986722254171
0.274871217871
0.911234495906
0.521354797291
0.0881600823326
0.360057484608
0.15008591924
0.623671772837
0.714069343426
0.758749928429
0.120091536675
0.837590441725
0.430912107945
0.0376879604556
0.69803824086
0.421056175889
0.816897504874
0.99665699051
0.0111164140023
0.809127468026
0.837428948193
0.0652220994279
0.686359286902
0.769009500191
0.0867590895052
0.00407959168215
0.177849218126
0.213586162601
0.0979962953937
0.818433279763
0.357641113744
0.0373831171687
0.10334134412
0.393135426887
0.978450194173
0.143835579559
0.81136506753
0.457281555747
0.046384001072
0.932065822262
0.350542769306
0.0627992752004
0.0548291282423
0.18145864608
0.974623513536
0.7704207457
0.688197439817
0.287292522729
0.342127187365
0.239776197329
0.436437497056
0.0312742203635
0.867915885647
0.023593363151
0.897212911633
0.711079608792
0.463642270922
0.0676319612959
0.0234598669274
0.0231319864954
0.335470331924
0.209014898089
0.286286968172
0.833345730777
0.801249190396
0.683527980207
0.550148355726
0.425656235668
0.36558331437
0.23193437157
0.971544807514
0.390395153662
0.980468141248
0.955080336161
0.309870315244
0.93813296473
0.453780658606
0.540944400377
0.0560386234898
0.0442502659823
0.934007021965
0.0265539967886
0.042095721657
0.514942320615
0.754586462321
0.132273614545
0.322774213887
0.209752217078
0.584721063968
0.062660957968
0.103042640046
0.869174325237
0.566837343424
0.585929952599
0.149310657105
0.366990924918
0.561452918676
0.715314093843
0.90560037362
0.074506723104
0.335588353671
0.908459504965
0.0632731880856
0.370271935118
0.459716612691
0.981720884851
0.942460734226
0.886579157022
0.400482946253
0.682013665218
0.905062608661
0.0580514368477
0.458722051933
0.163916338969
0.979474326541
0.204018863139
0.0470490598094
0.532669286242
0.0239912102095
0.900704650023
0.890017005916
0.0297242582807
0.0964802359924
0.231573955144
0.438726802801
0.997475305751
0.0851953451744
0.482965038186
0.971654066042
0.992467930169
0.945085081319
0.175864536067
0.0139265180828
0.840051192588
0.268096620908
0.130618290849
0.941693196307
0.0736851728567
0.960788167409
0.0454315087479
0.52681790484
0.225753411095
0.515410678939
0.0607883209045
0.949752408231
0.964361198857
0.8199649388
0.0720679464546
0.0624264332401
0.310003634346
0.0654088402941
0.973198086747
0.218138289796
0.140670840678
0.0219686585968
0.867088072643
0.723308260335
0.202256536277
0.883587349192
0.887928318334
0.662829518493
0.146142442931
0.415720949295
0.851032770946
0.31198311518
0.95197254284
0.984644421789
0.95818435217
0.702310393767
0.100775062447
0.971766156871
0.0414092543623
0.292026234776
0.11658262827
0.662562137185
0.330530091633
0.268306713684
0.636309073228
0.0355950291031
0.0275808014477
0.911474273193
0.799462414772
0.784059803373
0.815987088397
0.139484635565
0.669278148272
0.111939887204
0.814194963531
0.678175772785
0.965266800082
0.556827808193
0.484927939658
0.853838771194
0.0180938415249
0.27946151726
0.0598857503962
0.611627907405
0.347555595537
0.942712127921
0.0340602306936
0.800512224542
0.0252655544145
0.0109904492995
0.950062693856
0.592738468072
0.176626452172
0.72448633939
0.189943362138
0.904523569957
0.171795452768
0.871935398279
0.905116415744
0.824003024074
0.823308197147
0.200671907975
0.18427265852
0.0569423417233
0.494654746714
0.0984418137299
0.0412241302745
0.575387901903
0.0350846825361
0.899916031262
0.00494121265749
0.350415916754
0.911815224498
0.669557918141
0.70434347674
0.0210158674445
0.568079425453
0.917264116037
0.602386325833
0.0141724170081
0.965405304722
0.983377711811
0.919896722252
0.875985520568
0.838588720099
0.578735011393
0.436536231096
0.129842416618
0.210549807245
0.623928146643
0.81107190967
0.186015722476
0.970277345196
0.35148934578
0.881375185122
0.931121831732
0.112211944415
0.996307874485
0.0618794320414
0.188184959625
0.817314258946
0.965307323315
0.489370935064
0.922129726247
0.115882488377
0.360862651744
0.0682636701058
0.127581492591
0.33059534962
0.538532983408
0.389965417864
0.877001737679
0.741078358812
0.0250173068935
0.121615615599
0.92385388675
0.061447012359
0.983061979328
0.568029041463
0.783066291406
0.0522386665514
0.733712865258
0.707863670665
0.549745450441
0.084023625092
0.915700788863
0.87427477512
0.144098746122
0.372974862244
0.44078200534
0.911780659821
0.337175673155
0.229808979735
0.723710878895
0.136749561777
0.931006921228
0.586689922814
0.498236927788
0.118879051904
0.56249430888
0.106104852918
0.0118362993957
0.443414873262
0.0420646275572
0.0457831763048
0.64996652559
0.224386717249
0.966164268304
0.0582805012478
0.843022303891
0.0267035694017
0.638321368349
0.62905140011
0.120438688933
0.962406359164
0.00842577412513
0.68517632995
0.528881717046
0.426589285854
0.197559671153
0.383026249597
0.819793198269
0.938007846474
0.137872101104
0.830651039042
0.0595722055806
0.465188294238
0.702292194444
0.758978535712
0.344673875112
0.924591298377
0.0554803464279
0.764297587902
0.419486526348
0.425824955099
0.125223384215
0.184561254668
0.965405304722
0.719810345389
0.15534779323
0.627651092534
0.0602902626736
0.921677746411
0.997475305751
0.545882150728
0.369385159807
0.132841901965
0.920839028692
0.515212425055
0.754175619624
0.451424273545
0.542860791521
0.46383115343
0.68206992418
0.938076635592
0.400164941549
0.844413832137
0.259194130026
0.625048022057
0.0488516620309
0.105246993105
0.435164728118
0.257012973824
0.315863078054
0.811916661658
0.707065500357
0.872741464683
0.507461198535
0.439268293659
0.730793583975
0.132767622969
0.0259984027235
0.208382411073
0.265348612456
0.0459278597015
0.316133737639
0.653847015172
0.611916364208
0.209317146495
0.297697534536
0.0401999936724
0.288299218468
0.440040256115
0.979449029261
0.304430423858
0.949080606717
0.0855181889943
0.968368735666
0.946295223462
0.487429206123
0.179528922957
0.808066004697
0.225034784127
0.8074586553
0.688197439817
0.87046916848
0.374443630385
0.863995913296
0.916240784503
0.284434043385
0.750062401225
0.911361531664
0.782572895372
0.175012751841
0.874212387987
0.444947523109
0.978403612409
0.673291575777
0.977046962183
0.281500814768
0.0853832662559
0.661062521984
0.211271642924
0.964192387601
0.404546663655
0.711790976202
0.336887342418
0.887928318334
0.947297903601
0.494413408077
0.914221287615
0.543264749102
0.0496762809952
0.595465744129
0.137244700872
0.0126750030574
0.933286242734
0.967193713341
0.942794167421
0.160678135061
0.552381180355
0.222313571211
0.232732035111
0.493927130466
0.875603419226
0.0920526739558
0.182042896812
0.0323632186719
0.0118795736809
0.90721262941
0.964261533796
0.131973720208
0.0314774287136
0.176293493706
0.946831830999
0.211792107693
0.978419806684
0.00893741365424
0.898806590954
0.891580598547
0.206380329055
0.069404919052
0.918200321418
0.124378437066
0.611391540429
0.973266460223
0.545956389168
0.745301234592
0.979234420862
0.912003299507
0.895125625697
0.207834768124
0.162017901055
0.872473858565
0.534401237023
0.950791979184
0.359692236866
0.477003789737
0.545474566426
0.0044259044059
0.171431029341
0.0611292770584
0.929843118121
0.918628232661
0.630561422117
0.112675541564
0.193651672497
0.656440353475
0.0745847357015
0.575802443759
0.0268491421219
0.923915750073
0.609222127019
0.0806759029566
0.622811926772
0.34841764327
0.981538465211
0.304508710619
0.805672118267
0.653502101805
0.76534771541
0.381136269258
0.687048253058
0.835112260956
0.563902824419
0.0165475176208
0.978830192977
0.785666598686
0.0744233234879
0.163406666219
0.20592077871
0.0537110721906
0.15451279881
0.797390084208
0.186229839352
0.64561604515
0.968584844572
0.307751676668
0.49699804172
0.215179457714
0.791619351972
0.655095237879
0.062678970276
0.227766355924
0.674955560512
0.0587832954777
0.63420922853
0.684048245515
0.829771845312
0.707460141345
0.312462673615
0.138724289609
0.525264801598
0.32465689
0.321954313522
0.522515495313
0.0849399215381
0.393521008059
0.279451361353
0.910619336492
0.095441123394
0.426849093974
0.940075177378
0.37413742
0.743337553754
0.123455305756
0.751149502357
0.784362077624
0.731217245554
0.990110969229
0.085821494414
0.712837315034
0.978617947701
0.844055623063
0.975211869082
0.558894244437
0.9369974247
0.615643868551
0.261971775151
0.301102590988
0.893843764494
0.151082804872
0.0370588855974
0.442682372656
0.340212943808
0.942175119824
0.0190074190936
0.981563200787
0.945106368826
0.493547127875
0.105611603758
0.359692236866
0.537202178443
0.252749824649
0.0369091216715
0.514834557698
0.474863628638
0.903962142983
0.0395011335506
0.784995138571
0.456955757203
0.85875326358
0.0720391458061
0.875667202985
0.0850276347746
0.97064936863
0.340680373684
0.3314433377
0.232062460407
0.575221449564
0.989060578313
0.975556004545
0.239303633931
0.050044603952
0.542779907228
0.946428911238
0.404768224835
0.937876386548
0.964274206834
0.360150438383
0.886598292323
0.944078143253
0.247733287252
0.404476785645
0.0325140991144
0.152458555147
0.664066951255
0.600993933841
0.624537948951
0.951126087368
0.713662464776
0.99251772647
0.639902227015
0.763098268699
0.972563454755
0.957068417761
0.446695753374
0.976940361122
0.426880909237
0.295929831063
0.300473132948
0.985041354328
0.279577587234
0.300473132948
0.0850974616811
0.49391441632
0.333282741617
0.136990319602
0.685634211206
0.433575239743
0.10038731668
0.849526136229
0.636116538436
0.735454721804
0.909258634246
0.963464080534
0.35839256214
0.0215861630035
0.0863474552897
0.885447252808
0.514181636613
0.0242530723014
0.522007743909
0.815986942207
0.0467471573816
0.00649649955129
0.0827764770171
0.87612987953
0.967464472747
0.970012692283
0.224706748144
0.94128162454
0.196454150143
0.967759427989
0.375183724032
0.805024813839
0.694128515987
0.705857509593
0.182797540211
0.91222842521
0.643818623076
0.560684692305
0.35511657702
0.891688700311
0.787386657786
0.718453783393
0.152128832227
0.879819077608
0.93694574818
0.0904859604977
0.159245559252
0.981260785373
0.626021450506
0.325356904033
0.892346138697
0.0192995268966
0.800376504523
0.57053783746
0.268069238873
0.831031782105
0.675898861918
0.972645557685
0.597029735262
0.874689413117
0.93682061884
0.444727612823
0.713532017976
0.975023244958
0.0922655361562
0.924263141228
0.350603768546
0.790288654211
0.143647430989
0.796688031759
0.713160557824
0.0464715937734
0.452557923634
0.189616601376
0.484660725361
0.581819013112
0.171473230562
0.546037735928
0.532748073187
0.0155787379907
0.984929587102
0.25469800136
0.101467055076
0.577999235426
0.187362849544
0.905662886094
0.958841583469
0.782405677861
0.976213565654
0.343057286363
0.00877999703954
0.128492861243
0.0607602943499
0.869385022668
0.63443088663
0.903574967718
0.701352672553
0.0242874530851
0.948548604785
0.867746278406
0.735669652334
0.924284615672
0.0248514020533
0.843510847011
0.283606047602
0.824003024074
0.500344043386
0.571028067973
0.986924616756
0.180862140903
0.165268681218
0.566323172385
0.940204811031
0.364956613619
0.391632922954
0.289540631181
0.967747777125
0.788948758219
0.957327428838
0.0349360350735
0.933762182213
0.0469621905562
0.332107547311
0.144817396637
0.566076665837
0.384342459221
0.0382124580314
0.379353156734
0.652934957952
0.112491431414
0.0114054892063
0.961721854408
0.726085747359
0.65009667925
0.00371747990116
0.868296824517
0.787829209667
0.973711709618
0.931799971057
0.812796184131
0.313391562184
0.953625662448
0.17397602029
0.678081148828
0.0253349892388
0.85809116682
0.0347518247897
0.953310645123
0.16309423532
0.298546374924
0.944328859324
0.0759421919453
0.0464986697306
0.850807288583
0.95532174399
0.361736536619
0.878360673593
0.911243838675
0.684078420095
0.0609558556861
0.598217388402
0.394204683369
0.819090844688
0.379058600544
0.551494720854
0.561076301655
0.344885214045
0.80514537529
0.505859378232
0.788286567979
0.370181295667
0.0665463407048
0.942424553198
0.354996204162
0.7945629949
0.885623401346
0.311065399547
0.560237329128
0.778639989132
0.871595310964
0.0667350805178
0.974555072507
0.923672943481
0.919896722252
0.9021026527
0.993165611572
0.542998970317
0.13652636349
0.0652917328246
0.0698762544991
0.983600077065
0.537672840034
0.380228882093
0.305060153958
0.137880199639
0.247144875498
0.161082072409
0.0815233717806
0.12585888393
0.94785418077
0.0148432388057
0.208532090693
0.482344921338
0.57097146394
0.280299976838
0.761988372013
0.150417113453
0.25334997891
0.146088999632
0.974892181088
0.0131595909939
0.0393719815034
0.366109781478
0.44421779498
0.10181791024
0.0196452197525
0.710925433038
0.212960291563
0.600019738699
0.805479649827
0.811840192497
0.00326712756602
0.597843957522
0.23795431066
0.843201871022
0.0389034242464
0.687148576374
0.231367907176
0.315447410454
0.987478310755
0.0314881553122
0.545839010936
0.60970269763
0.0734482521912
0.245791661979
0.142292040996
0.857560818664
0.536833998109
0.321564879054
0.326120638161
0.192047939729
0.941371393461
0.784241324806
0.0505175592403
0.549583731682
0.761058498836
0.870485552953
0.17504741388
0.0421609659898
0.425703307699
0.853015277303
0.0177081252535
0.154743731329
0.935834477157
0.522224281323
0.313693250774
0.10822935303
0.839372387157
0.931910269128
0.706496413304
0.808477183458
0.206899223723
0.28176150931
0.251564903708
0.521669946611
0.190862024812
0.353876575583
0.969393520882
0.589714909056
0.325035611534
0.471686545105
0.605097427754
0.669460671577
0.763904634832
0.0538069171508
0.457849476387
0.973462698083
0.261892222954
0.433764298405
0.266542811515
0.67650243119
0.62556936757
0.25348438559
0.740996139136
0.762756111259
0.37763154544
0.0285869669639
0.298930219711
0.560182008506
0.948129927073
0.933022927982
0.0217765790617
0.910567330788
0.14552637185
0.847334118984
0.621518543939
0.801387163768
0.681811815355
0.967127524947
0.632185358657
0.820057064148
0.980890133545
0.69029066772
0.141531526578
0.522396162457
0.206541089999
0.853716308099
0.20433935923
0.0229405710946
0.0792010964332
0.793787133267
0.0970855598757
0.863216924698
0.746816809777
0.979474326541
0.41128727036
0.991891901695
0.0139948835435
0.116799218089
0.703817907915
0.613179028796
0.287109442255
0.179439969856
0.573469888454
0.556851863977
0.840951525075
0.785554884807
0.117908026525
0.0267172932665
0.136636059167
0.795215547779
0.0920910430321
0.0857147656058
0.113864328595
0.150702396907
0.125548576709
0.41808834295
0.015820748179
0.00961248015078
0.988225848698
0.938859074082
0.317265474055
0.403981003133
0.961739948323
0.0462430086972
0.0435043383156
0.0140331345185
0.259070855337
0.0179038677807
0.37153711076
0.488372690588
0.925115884927
0.352939990143
0.762459776273
0.606101513923
0.804324711218
0.100189650739
0.646864529265
0.890112823058
0.871537952728
0.731753369436
0.514209859385
0.0927604500972
0.154566508074
0.362435273491
0.0743078876027
0.942495355534
0.922140817296
0.619353270569
0.0546567091929
0.471937137479
0.416374844096
0.128864500622
0.525471807611
0.60970269763
0.720609662257
0.227598209861
0.986375187652
0.501476379898
0.150656558738
0.0330034863555
0.18673381333
0.616417531894
0.725179414421
0.942844705188
0.789360503615
0.765585634374
0.0098489075899
0.88109597672
0.291404654352
0.292856475256
0.0231386698713
0.120344858325
0.762113900659
0.522249846233
0.265243308126
0.0684925361672
0.0540134165664
0.0507115020873
0.984331066648
0.283051841685
0.0462594803824
0.537675435053
0.00545373851382
0.95544570172
0.046752742058
0.738525176643
0.900163939181
0.12915613831
0.496450331353
0.944911147014
0.953990273435
0.508539510651
0.759121542139
0.783748777131
0.763196636399
0.329684301505
0.337212265133
0.117646103786
0.0891066442848
0.522393699451
0.198793620336
0.654438755735
0.938591545001
0.459476053609
0.726049918569
0.963046721588
0.153482080769
0.114971196839
0.91788169267
0.00867937459336
0.740591499272
0.32544099577
0.433070613154
0.983377711811
0.90939054643
0.940282197021
0.653747617064
0.512140199944
0.91621226681
0.764851216977
0.329452836587
0.361225030328
0.702352210502
0.770243894092
0.694102413081
0.422074241847
0.105116426571
0.917733886065
0.017765957602
0.790580548278
0.552379179572
0.936653169705
0.473797904483
0.47744640013
0.00532281632685
0.979893017476
0.84251981237
0.740853548009
0.143787798389
0.0127867486407
0.480667813634
0.0126463357991
0.617040438123
0.0268897384354
0.830075018124
0.10767994395
0.49423362706
0.164386888419
0.430695564636
0.825844072214
0.0190064696661
0.381136269258
0.109377396002
0.592319150556
0.576257445227
0.986476048783
0.677191795602
0.985486806963
0.792076434699
0.345844541293
0.0670327964958
0.0302170920377
0.509263840015
0.598946325978
0.0721561807941
0.661348645449
0.213493892547
0.823917663191
0.723036918616
0.505945407457
0.608844994978
0.646178198808
0.934566153986
0.972364780939
0.0838685388514
0.269079534225
0.559903450597
0.399058865523
0.823537218113
0.240327846087
0.885151872929
0.77271545583
0.396634602185
0.42580702056
0.873734294645
0.607759857724
0.453426954262
0.123316250556
0.959796439773
0.360961534825
0.417877801016
0.633548546592
0.85938647319
0.462588122963
0.18189215196
0.78428846979
0.22302715881
0.977560905728
0.294645194205
0.838361713125
0.336616869289
0.736257627878
0.815283677737
0.0918691054702
0.234426548964
0.00954186196925
0.92881624071
0.624537948951
0.756022510698
0.785131377654
0.737093864029
0.141938808618
0.874558073502
0.175737141066
0.177939662147
0.956593757065
0.928540573709
0.889364995291
0.808784860316
0.95551782072
0.761560543831
0.854901921065
0.751154005578
0.0852786970609
0.868559167272
0.868243402876
0.126495633748
0.275196160556
0.828898526865
0.891949312879
0.359261416327
0.910032607094
0.162717838475
0.34830381885
0.909294155445
0.959065117472
0.763435749256
0.352907536166
0.710964360371
0.0226757856701
0.254339307609
0.442966217351
0.0684122642402
0.374173422186
0.817314258946
0.572039552524
0.930941255555
0.741766847728
0.250577239823
0.608030431464
0.154641873071
0.532617428628
0.666737392475
0.3314433377
0.467677515198
0.781274852868
0.532748073187
0.092530165624
0.261027392583
0.920889933864
0.678685911641
0.0427503023375
0.480321721429
0.99348172787
0.825076099035
0.308344879223
0.966692552869
0.86164856788
0.988667441521
0.542554522525
0.894974723931
0.852576710037
0.422663722987
0.0539003672295
0.961644779681
0.786659902973
0.277962049754
0.910438160803
0.785177439035
0.879141023864
0.996076951396
0.236764567716
0.838019101673
0.27932683044
0.872401882868
0.88393735366
0.0717648695449
0.984136775986
0.159044530259
0.339729567168
0.742004119505
0.951271359582
0.961868842157
0.685763236523
0.903285831912
0.0283502524091
0.989938800286
0.531504054275
0.0694010049607
0.722781807313
0.86461075314
0.106688822663
0.368309025584
0.547979698103
0.916566804215
0.0543814323849
0.968909143873
0.0328986929357
0.652161490462
0.844476586585
0.970186875973
0.588985577607
0.961946408514
0.0203170606254
0.310021865886
0.318072421679
0.0435448486676
0.0741845752025
0.444221703273
0.101527164781
0.183386440081
0.887706674237
0.579304474463
0.313645002537
0.545085534395
0.55555850433
0.933223789106
0.648985673941
0.956746938844
0.382697913009
0.818509312478
0.915771332635
0.468643894669
0.573334296919
0.220505475623
0.85788106684
0.456167902389
0.616120981787
0.914567331885
0.73688135676
0.217117058366
0.884498107974
0.250996821321
0.765969789328
0.770302651959
0.00366579298479
0.801578749114
0.652464243344
0.046752742058
0.808622329818
0.00734515819257
0.0353983764055
0.94880507336
0.980244252253
0.279393751187
0.00609144112925
0.0254523548474
0.14386280055
0.794522645004
0.384672261492
0.665786700416
0.678928504396
0.445334017926
0.733815621028
0.987478310755
0.756496663483
0.342094198707
0.0173215898115
0.791127450003
0.83579813242
0.0135636606058
0.0392596125866
0.696852647684
0.997488992768
0.302717084662
0.0246578208331
0.123538926025
0.568126673444
0.0195716648538
0.161858378392
0.97376449179
0.821937197066
0.00795011894716
0.789621026666
0.300552082988
0.155039102661
0.501695880293
0.079975014385
0.49775990703
0.037395148287
0.103623872647
0.884498107974
0.0648200964327
0.115139136554
0.100592372812
0.878437752962
0.509399092793
0.772230635194
0.131296425506
0.00589532540047
0.997818710677
0.00887322926917
0.87822946457
0.425462839682
0.578898795584
0.814194963531
0.671484394862
0.695859483375
0.851554134764
0.781654008637
0.936653169705
0.963019922074
0.466591680384
0.8898611349
0.958003000069
0.928455762323
0.212527438708
0.574648738991
0.99487533774
0.689452437669
0.955883083032
0.153112686058
0.775564598163
0.0883602677434
0.823539650355
0.0172363439494
0.978023526362
0.0292928913709
0.0858007303186
0.83098663974
0.329139702122
0.859188899585
0.0593866404862
0.0132592071752
0.984612315423
0.15765067355
0.500562174839
0.425779954988
0.729921136138
0.183405602199
0.57683203116
0.0837988767957
0.0278558920509
0.860015778275
0.819329005125
0.102913903559
0.00369848869878
0.976709963848
0.988168043414
0.808622329818
0.500894715391
0.0859751968894
0.356177036603
0.0214174668183
0.610999725121
0.829214629318
0.174233124826
0.65314005848
0.611794608794
0.294607420183
0.591500814535
0.768048837236
0.976243676732
0.418765431681
0.485139812161
0.919481911475
0.721083532412
0.032321822834
0.952701239742
0.0541730270906
0.453780658606
0.747463046726
0.0739569446428
0.865986390142
0.0312134948941
0.956701379669
0.0224164379397
0.826255444991
0.944096485773
0.0522290689194
0.840272086991
0.125864719648
0.952623620516
0.543081322867
0.392528354984
0.579006954011
0.157340545587
0.0160634515588
0.059277393348
0.859035546154
0.018002834566
0.9059136128
0.381339073169
0.00902162692307
0.0824789192783
0.92212448459
0.159966006956
0.392668610866
0.249608111983
0.514196877826
0.657499236715
0.522745076962
0.346205434726