0.292626556394
0.722479107203
0.0529510712977
0.195521626923
0.743288333621
0.171451695835
0.38904155492
0.981941969926
0.03575906711
0.8344851027
0.318563049982
0.900053775885
0.619184044966
0.354589476009
0.908372055253
0.944941128723
0.964727602342
0.280135483378
0.894330525729
0.396136764704
0.877328044937
0.0625455994054
0.855853381196
0.777397130543
0.0688245683454
0.0232113377653
0.0727442552078
0.329422719878
0.0734678865328
0.743390250603
0.0689696744797
0.943364229822
0.913854645896
0.428279572474
0.801296591702
0.502780605798
0.399135054941
0.553973770683
0.759180835846
0.55183193244
0.75174384175
0.0810654144033
0.186824239049
0.981606880477
0.0637757364084
0.561814157955
0.369646340044
0.0571127489224
0.0750074675418
0.608075087131
0.139939888668
0.0680966267087
0.0692852483741
0.406951449638
0.958094223391
0.167477509856
0.179054753795
0.464642131131
0.0368811680201
0.98250867404
0.169298839048
0.479551026571
0.0753381237893
0.51017548674
0.643311076071
0.0876501565592
0.439058542724
0.325012527334
0.550855132851
0.495683527865
0.941697309313
0.262178179033
0.214569182383
0.56537373688
0.757659267403
0.874347820566
0.40929144057
0.706405000595
0.18214419237
0.00892559411422
0.345507419987
0.0227978056429
0.141920086435
0.789716635023
0.53555053812
0.330194372566
0.647342734129
0.14419767707
0.859605026573
0.665988063585
0.134280925227
0.0318697228976
0.933226976125
0.879641445606
0.22253957393
0.275266717223
0.954781592336
0.629160491593
0.71645399988
0.408040959306
0.489613530977
0.960893377218
0.913465374747
0.363433628272
0.518857305094
0.510042234734
0.220367127116
0.555364883452
0.2065813638
0.885070222247
0.318760716825
0.281105149739
0.907689155901
0.335936790493
0.966902268309
0.799804317896
0.51620348185
0.963695138158
0.955378341438
0.939634339269
0.940861977568
0.903890040145
0.029965150837
0.725308726888
0.813136675402
0.920694334357
0.797796204016
0.0368359530206
0.532402390152
0.92113283651
0.597788952209
0.219749640411
0.0907783384377
0.852697699331
0.0682719176218
0.456274645983
0.95787662264
0.261768768817
0.843570886943
0.224623801516
0.976946484824
0.900007373122
0.72128341994
0.908972032537
0.395006754827
0.0154969941262
0.25776123535
0.0305349251736
0.418073592568
0.882213311194
0.135726103324
0.0897562900635
0.967159672073
0.922706644591
0.566819050754
0.0793400021
0.759786854471
0.992988339807
0.508105638265
0.427464229796
0.673545460079
0.514040230112
0.769156897092
0.0434798723424
0.304381790202
0.655233194118
0.905955420995
0.936801369264
0.138786969182
0.129638132978
0.456589958416
0.427454777734
0.0956811275963
0.707547694545
0.247886462636
0.0730232548721
0.467614567442
0.976898690263
0.51684787248
0.930419815842
0.593685293838
0.407754069032
0.88662412407
0.500119573743
0.326014938731
0.806552200336
0.338000318196
0.0697495165817
0.662687912182
0.941333277313
0.856522528302
0.873187846529
0.0217355420377
0.490849329262
0.88970940554
0.949720042609
0.469617585533
0.961698735762
0.86793303616
0.622881991585
0.802206647619
0.950392942403
0.15913024924
0.159436376887
0.955745126492
0.0882704822988
0.00687166817204
0.896644379708
0.00509336088085
0.0376054443861
0.978317940216
0.560714608014
0.701668653882
0.803968369366
0.959739409116
0.18214419237
0.712872018397
0.947677585698
0.968832208027
0.0508688811651
0.618263772643
0.911725898382
0.435601374734
0.164548885018
0.214566239554
0.448982408969
0.970626941877
0.0219815866342
0.846848970881
0.410469158959
0.0216382994554
0.165665008463
0.0691844123187
0.895759548867
0.747881023556
0.715692570388
0.0314245106273
0.531780692624
0.467452714189
0.799537100597
0.976295770446
0.469796311608
0.471232565744
0.879597218851
0.0149720376852
0.710889942089
0.0166349656558
0.953338719811
0.954674688591
0.481539808503
0.959572365692
0.959576167913
0.547627949581
0.474529503813
0.0468348534425
0.0538272021392
0.11612099575
0.174076388143
0.35500553325
0.886724827126
0.0442659209829
0.961917074094
0.76879168349
0.942735056992
0.876083798832
0.149793820417
0.733417479396
0.455481627887
0.820035064222
0.874577016011
0.224928143049
0.969973053432
0.569622175487
0.0642896208748
0.925914232305
0.15607775369
0.959705338188
0.936456430337
0.651233678121
0.360005166817
0.195978747014
0.785860849587
0.925462595945
0.741666796039
0.586115607713
0.752125654569
0.622725220154
0.945147692213
0.752341331163
0.115246711174
0.946517318667
0.913184402571
0.885562794387
0.0560287303482
0.962472280361
0.318962036184
0.947956870411
0.963139261501
0.961156372373
0.868114753474
0.0156323647849
0.53555053812
0.610169739623
0.277865160485
0.933251585057
0.17506586174
0.0128630460076
0.437465334126
0.726680612653
0.0510975974466
0.347362859031
0.0872900886995
0.247276584862
0.700642177856
0.691463676247
0.865890229906
0.957274276133
0.0719517021123
0.219563850972
0.568631005664
0.258622596623
0.71186982135
0.00896281674544
0.89404286311
0.966175090283
0.0313378582409
0.158628370335
0.647269590926
0.943399508822
0.439058542724
0.185300626354
0.0637757364084
0.937436846428
0.0364300275396
0.835551748039
0.892098691286
0.599195579974
0.742305429451
0.788665168312
0.824001720033
0.964565588682
0.89526941723
0.943872584322
0.0453503948179
0.355834068349
0.137503625199
0.845538316693
0.501498373768
0.433605348904
0.0955039771872
0.87250067906
0.370597970813
0.672021525184
0.0275136027596
0.40898369284
0.856851141175
0.906795351891
0.785209429911
0.0844734899658
0.973875069537
0.550665594336
0.871743286419
0.753730788552
0.0430472570289
0.906834157113
0.0492098662354
0.00318293633413
0.546645556813
0.890817260884
0.915766456984
0.171452124261
0.167568763243
0.682566014124
0.342618274444
0.515009965346
0.905012709306
0.874468576336
0.674864142716
0.11648002592
0.626989504102
0.0117695789096
0.667007282618
0.931141904953
0.509335757923
0.0819567715081
0.601555456915
0.234758904304
0.290681634682
0.670872954228
0.937395787146
0.892561486145
0.120790821086
0.0752294210677
0.0373331280361
0.447856571294
0.277580295479
0.412874882273
0.460974358831
0.690852634238
0.00881588963711
0.744040704304
0.615500053627
0.125989466703
0.0856667297248
0.483358696393
0.979811557834
0.495124721501
0.949731371361
0.72796242254
0.0233964977372
0.0300621254013
0.632547044587
0.599594144217
0.738731830618
0.580726035198
0.0388032999091
0.306340192372
0.0464207762142
0.943681542509
0.947968540773
0.207897554443
0.199655771619
0.868889871265
0.0716290091737
0.00786356813695
0.170659821665
0.37386774951
0.459433358355
0.891118637419
0.802378967998
0.045761669188
0.127187972752
0.8517501308
0.0963026585138
0.41109988703
0.840925548596
0.563724718185
0.437721706655
0.235732411843
0.873612591702
0.599784651275
0.718784004083
0.135816083679
0.443804204127
0.768895187333
0.900636574979
0.132491233179
0.427198855608
0.310105517155
0.689986685966
0.310355178373
0.793035019884
0.954152033966
0.670686496591
0.845718370937
0.0584259957676
0.13787824499
0.197525246361
0.0572391276117
0.201555132227
0.657132656821
0.86921698731
0.269254728641
0.384259669184
0.0103517646507
0.0439739259429
0.111801852971
0.695145295318
0.884314477024
0.909884423038
0.815942627614
0.961393326225
0.797658728597
0.100464445001
0.423496964615
0.0196485946545
0.718444281887
0.897629408769
0.652938862566
0.947956870411
0.77076070148
0.975031779629
0.0977958080744
0.979176396068
0.559124229972
0.0478153248057
0.0318683969294
0.211928527463
0.925382000705
0.640915453181
0.0593167442905
0.0380539370835
0.973824681006
0.415292936689
0.84738260346
0.873410017125
0.722230240458
0.552511144065
0.932688044099
0.713996949039
0.562058602789
0.154252116046
0.372958788595
0.896540433782
0.967670353611
0.847271296299
0.145488185395
0.926071816964
0.034306426482
0.03131157686
0.275891500958
0.0963472493568
0.0466839296465
0.37423334191
0.0362987649891
0.0333972222456
0.0168147648321
0.844835094981
0.97346016221
0.309639950481
0.755239136284
0.393730266817
0.84522536718
0.887446254329
0.561332049106
0.56985082547
0.680394322179
0.745268752846
0.913213883912
0.0937146183582
0.956925815191
0.859094121238
0.546129540324
0.766110482867
0.0286466730686
0.969428029143
0.886872040282
0.400797805978
0.261997565819
0.0455177016464
0.050413268822
0.937406907199
0.437482800866
0.874440850464
0.79319058839
0.181872999274
0.434028715419
0.121237069483
0.86354103517
0.00753868086684
0.166034178347
0.0355168342207
0.412047573485
0.707230669541
0.942131285609
0.0149720376852
0.942741312337
0.883810558845
0.930560347543
0.351866132726
0.884751510929
0.214483753673
0.774174417176
0.570538342293
0.885562794387
0.0727921702961
0.849383497957
0.472971298788
0.0108815324529
0.59332132213
0.899399086415
0.358481931634
0.935254507515
0.0739386265238
0.983521774091
0.0489026578616
0.0113685570027
0.646658862053
0.00671013324204
0.94556892095
0.955924872878
0.937955741793
0.101526005656
0.432068460078
0.353375494978
0.931255887142
0.608632734419
0.0312748547226
0.06918191582
0.395374581257
0.672299022689
0.519988149699
0.35981741616
0.857852401997
0.904741014465
0.27648906833
0.766544354645
0.840177776465
0.0557813680218
0.5406962885
0.416777545277
0.846995051364
0.39427916187
0.932574821814
0.0234171680106
0.319413659991
0.45067377732
0.0815186386459
0.0569097087708
0.77582769933
0.73909059652
0.0263888674547
0.567105723241
0.191910695307
0.435831439808
0.608315578691
0.0504267095343
0.0187185425337
0.620640032774
0.909331188901
0.896644379708
0.0688387327411
0.906122930914
0.839590858212
0.0167619779442
0.62217059429
0.98404780352
0.152555196725
0.223468418338
0.930559596942
0.681986421667
0.985017323147
0.268240143175
0.15645788873
0.609512172005
0.782829468487
0.108367574842
0.567067666209
0.990782525576
0.0640975457784
0.860505082686
0.802450566584
0.138825805098
0.500278169591
0.966418083179
0.872836018495
0.596899288555
0.237181413769
0.914956548282
0.777377251846
0.921551850683
0.320174822255
0.590153368468
0.0881746380175
0.0654329987974
0.906812907457
0.42353323024
0.493931065407
0.00497206117684
0.876721114714
0.209053388899
0.507357903298
0.916699115459
0.680621866359
0.410950241338
0.0251694468694
0.231152005834
0.500343997375
0.509627395919
0.98745851628
0.862791320185
0.0121320971119
0.218788997885
0.597262227112
0.497957125474
0.0404829194285
0.443332265144
0.0161341978574
0.381410633534
0.948863053108
0.633274244974
0.44352559167
0.528834266483
0.71312879635
0.946223583324
0.0724532937104
0.546548613667
0.102279961023
0.38850027475
0.684756127007
0.986212998031
0.0244118210978
0.811848090199
0.738037841039
0.470200410446
0.789546814622
0.908910499089
0.882500796035
0.0641997468924
0.937708232395
0.534334743271
0.0682636811877
0.215473509378
0.45259499645
0.664296457426
0.146509043937
0.0841094883818
0.131249527158
0.947409574575
0.837254994376
0.356024320643
0.0261628409028
0.455586766345
0.622287974551
0.0923628724478
0.480080482938
0.972696509936
0.954110940364
0.0441922777928
0.50230047631
0.662057240876
0.333707014664
0.239690016261
0.0485472376725
0.496159341543
0.958041643169
0.0888220678943
0.134553688142
0.427811038126
0.416900672885
0.585800968903
0.500560118373
0.81265038511
0.939977140583
0.502506461148
0.802026943832
0.358181828028
0.0618970821394
0.0710954133674
0.100736660596
0.826285101381
0.919300813917
0.116498721548
0.968468135901
0.598790168743
0.966801370505
0.317725290757
0.100462676702
0.813364468975
0.576417719058
0.178578245291
0.575968582284
0.0163254401484
0.562031154312
0.180076563158
0.882169479505
0.607607960643
0.297070258861
0.511121783902
0.935973011736
0.733215453246
0.640474204894
0.640949824223
0.147006623972
0.0788997301412
0.402142875051
0.254733705226
0.159375762561
0.894828392039
0.94808303234
0.29553269887
0.144103014312
0.0604520387178
0.51842253533
0.0659617328087
0.473802288733
0.164620129335
0.979037703639
0.0492072628017
0.0476251114456
0.949097544432
0.965484100058
0.476495360375
0.396614697914
0.71382898179
0.887826701332
0.57561198165
0.136534850985
0.340776476201
0.958923797763
0.850723247478
0.623279169862
0.111421499098
0.409374530068
0.685923903728
0.971595615598
0.18622446425
0.0612527487202
0.0589000038055
0.086062927914
0.944191039502
0.689738846352
0.0594119133419
0.863165634897
0.397303360653
0.334868081074
0.206394242097
0.876438847356
0.582381934398
0.457104349898
0.467633522289
0.825138747565
0.434624452574
0.901387148699
0.941398685238
0.412864327047
0.870685103536
0.9613888876
0.0923298064349
0.158392440842
0.341872251157
0.222778320993
0.96192044959
0.0327234662491
0.44804267522
0.0181045990158
0.638904556649
0.796692399118
0.493931065407
0.839424605102
0.0768871107103
0.849106846672
0.981786449117
0.962435952954
0.429628889232
0.654477433044
0.951927939734
0.833008717009
0.02762915414
0.361352517804
0.311688609117
0.280687018365
0.0462623396358
0.289659217634
0.949069690673
0.960961869521
0.497883527714
0.0132222876235
0.564033420303
0.558672557675
0.447347953599
0.963155679717
0.95423950762
0.907205354922
0.413903713706
0.756836230459
0.924529973725
0.864855678196
0.772608072606
0.791451523806
0.87189646437
0.384011771219
0.385258484207
0.0134326597129
0.66705572532
0.0287855803697
0.667963484352
0.945433043832
0.877641234891
0.410091880044
0.879414417292
0.0101702454479
0.561335546266
0.889566814098
0.0511456177326
0.979142610976
0.972175432394
0.0911794235475
0.971439419116
0.653812042537
0.782545541483
0.74525193278
0.956444092473
0.133643938271
0.973365136845
0.302059016796
0.225192137657
0.165038954492
0.922698612225
0.180863189804
0.808717145648
0.417280268109
0.867818085418
0.0580649727913
0.760382708104
0.240016743755
0.103911078535
0.0335097085772
0.0460067627972
0.0704134273641
0.356214990382
0.874670753431
0.910021437965
0.784746656683
0.397661373516
0.628553582032
0.612379808316
0.12160865706
0.577723883923
0.971308765503
0.694550735435
0.728301451233
0.764289535646
0.0319261032166
0.117269398166
0.247670888508
0.236388001329
0.326709619652
0.682713984609
0.873025803933
0.933806818566
0.0318922837391
0.0789731203706
0.161137705128
0.0640271634788
0.0437400136971
0.591653382681
0.883077627452
0.0348741030269
0.592617616278
0.0758555757541
0.144551672014
0.238561817064
0.565453804764
0.785486110508
0.22536418896
0.612561116963
0.0844734899658
0.952825979119
0.116956344105
0.0280771892318
0.955653599006
0.258618994621
0.00961162950724
0.615237837968
0.379389320679
0.381941981422
0.177462084475
0.0484612342122
0.313579933206
0.15213316207
0.816396901251
0.484212455443
0.612379808316
0.0799646025978
0.910296065008
0.830571867929
0.0231853701678
0.884981071149
0.192629723137
0.972275566527
0.565201196888
0.952777186443
0.0344024450565
0.860386605562
0.883095642055
0.912030027283
0.62419081077
0.22870383248
0.915061652755
0.636507717482
0.783903933238
0.88835530976
0.862297151059
0.427003229188
0.252687783414
0.187410998866
0.180373241108
0.915350195677
0.932467238438
0.760407934058
0.0441630348185
0.0935309669321
0.801137982289
0.979112668726
0.0340253895589
0.673055211205
0.225192137657
0.906695189833
0.54351360969
0.561620655451
0.774753837055
0.857855913147
0.0667619175195
0.149486592892
0.919857325174
0.924527733511
0.679746897245
0.86878393543
0.495000943805
0.958165199855
0.0528171110219
0.976949449476
0.402773135878
0.937753517174
0.631749317595
0.453145938113
0.921724021567
0.947054457859
0.942485451467
0.967756611726
0.596494651723
0.220772560577
0.52389286491
0.11758908114
0.953779845431
0.0491525322024
0.463058869223
0.889787787147
0.336241202034
0.504118567375
0.342304284378
0.78224768666
0.149684989289
0.855321578857
0.32628802473
0.0533366328164
0.0431779196693
0.0363993886023
0.224928143049
0.0116342230692
0.703070446877
0.958051071218
0.814187152816
0.972764328717
0.101691057599
0.79883994157
0.853435916288
0.462749681044
0.45647332102
0.30412817469
0.914558862487
0.782850242849
0.458842508433
0.465390286738
0.624240895256
0.143814333362
0.187563367525
0.918087611629
0.782224294458
0.928548034454
0.36840454481
0.218592638806
0.396457820776
0.0518871909364
0.322102090639
0.193181744782
0.940320752884
0.00802575812177
0.961274286264
0.737127738627
0.147126588938
0.904501536842
0.730360573131
0.220977686419
0.783377658478
0.783130608053
0.406126679634
0.466233284092
0.884043535284
0.939534317411
0.898378176852
0.10908810865
0.132506324948
0.369703741787
0.679241273878
0.839247714463
0.252695193449
0.0159879813329
0.0274886155985
0.983147473703
0.142829518504
0.276676593628
0.0122483099411
0.139613844097
0.585481590392
0.0230842762226
0.307589353407
0.0442286854085
0.972787916464
0.461199513976
0.816995811501
0.644986747308
0.57883093378
0.0462623396358
0.960868066681
0.699525523146
0.945399340589
0.936495633519
0.980348557621
0.734887267868
0.367418984187
0.744403139585
0.979986767438
0.854377143092
0.116959192817
0.926654914187
0.046373933573
0.103409761842
0.369097617246
0.0874425530606
0.857507967246
0.0846167751733
0.484968635435
0.227940238049
0.744893978305
0.0241764017531
0.415292936689
0.0798628666611
0.292032434252
0.888884516906
0.359089930368
0.0291767112392
0.724103766815
0.64939323625
0.368156695068
0.573562865568
0.34040091938
0.0311654206689
0.384051918089
0.342304284378
0.924529973725
0.0980889189492
0.966650328909
0.327011663994
0.100858775988
0.366269004662
0.607681448795
0.872606968
0.22253957393
0.734772110364
0.466909328068
0.144277197256
0.0952707689499
0.977895187087
0.852520394662
0.948556931661
0.325723877833
0.711552895911
0.473763106997
0.166148377385
0.501976284038
0.824070769226
0.400540062661
0.801601969886
0.842871377017
0.16908657418
0.239309077687
0.512970691145
0.857396997972
0.0785296743745
0.603700901352
0.269584615402
0.455412704815
0.949420488244
0.0130487059021
0.0366880898529
0.641641981005
0.386175580499
0.0489437798669
0.13542785639
0.155614026012
0.0821622698975
0.0893163125265
0.938370761267
0.297649734609
0.469810709479
0.0083039927083
0.156307902645
0.725490136491
0.8356787637
0.452215200764
0.971908069027
0.59343908385
0.47091865916
0.127596346096
0.0823564671651
0.0533710985595
0.953622025122
0.0726636974873
0.253663134286
0.495941881334
0.945636187512
0.973058533824
0.616358533605
0.889776232471
0.286271293875
0.616689524923
0.900759239931
0.759786854471
0.340857537397
0.0691471406649
0.952076060252
0.920807598126
0.974874627757
0.356224675644
0.436232149984
0.0244885500177
0.640382356794
0.684974945296
0.0723225519427
0.321041082836
0.365074005221
0.128043800271
0.590349332152
0.212620024026
0.932245400113
0.251685120184
0.931392918595
0.971277057297
0.902257048227
0.824046400181
0.8820486382
0.0695514930558
0.390083630734
0.944848797229
0.797373118159
0.124303238987
0.754029017393
0.952783664756
0.554714915321
0.67397920285
0.692548628524
0.594146217959
0.61974655995
0.567453016051
0.0476929206124
0.306899326977
0.00794331954104
0.306871966393
0.0390811705022
0.0248735253308
0.109805954943
0.616991208122
0.31843137293
0.6080436847
0.614220641172
0.551648891147
0.953226613367
0.870634296818
0.437804662785
0.437482800866
0.468192251993
0.908770460935
0.250154445311
0.937757619044
0.972977385463
0.982051645219
0.791574320359
0.287100313877
0.949992774844
0.0739098991517
0.650922549071
0.283091262989
0.444955153564
0.217296815838
0.976303508536
0.494992131821
0.951655970797
0.936425957477
0.371599456404
0.829585966064
0.783747189161
0.535786987249
0.0628402395539
0.216931300399
0.766211612169
0.393799672741
0.884298915688
0.590389228145
0.098242631145
0.150466332971
0.963882131505
0.371340706724
0.457159211736
0.850584144817
0.289659165937
0.992155035799
0.263058379271
0.25818073355
0.752547591421
0.159719538412
0.0715275780649
0.263774900436
0.932651195271
0.933075397744
0.0541403895625
0.12055216705
0.121658529142
0.953066270296
0.0837649898442
0.0142789662849
0.659369546136
0.504387843148
0.844987681282
0.711104231451
0.692314613963
0.0613681879305
0.742743856006
0.0740133982129
0.549913699124
0.04667459566
0.0635351099355
0.500569044248
0.0761245919234
0.880256565843
0.935396902098
0.707264028971
0.937719050017
0.947390114241
0.891667087517
0.599507450449
0.122480998717
0.269716271542
0.136324356346
0.926658689183
0.0409461215371
0.167204787425
0.0659621421391
0.604720236489
0.0174355551878
0.961698735762
0.830675383397
0.935174387888
0.952070649774
0.0635406868822
0.8265455601
0.0286394835534
0.201992194675
0.72226019009
0.0461400779244
0.287119831399
0.148194837878
0.0478867285535
0.951071106733
0.685425909189
0.0499682511761
0.307554223129
0.808569545744
0.985354958063
0.246136190333
0.289138609903
0.843243163177
0.669560532587
0.182433939886
0.290525323545
0.0990202726858
0.738097737773
0.429606703105
0.544169114272
0.938812348944
0.778911105894
0.949612959527
0.452312253227
0.905954618754
0.458586577426
0.925775110043
0.040911189164
0.142829518504
0.940062590421
0.222707396293
0.0688245683454
0.693565506429
0.754767412715
0.869643689818
0.822061552933
0.0733574858464
0.942558694704
0.698025135135
0.401305946002
0.216236910266
0.374514308374
0.513144441307
0.0995297757253
0.0453370096375
0.579142228535
0.317591905996
0.54491559741
0.952222145155
0.236804348351
0.00801210725471
0.720920631252
0.939437516196
0.423291253968
0.458796497765
0.916305674679
0.337812674802
0.327813832688
0.990952075921
0.419143353485
0.313547130146
0.609562173087
0.609044525078
0.286891269282
0.729268551367
0.873664169681
0.933355987572
0.277334186288
0.202343230925
0.935889968845
0.888102944193
0.00972571771547
0.0510975974466
0.0251526958281
0.229788000164
0.970051726431
0.958127984834
0.274377838023
0.480246101298
0.78955856257
0.468681410995
0.0310417105392
0.0226901190907
0.471558908774
0.989122935121
0.602716104276
0.8431329729
0.00558276306568
0.866058816693
0.798061461622
0.917989251491
0.837546181929
0.0655412929779
0.412477026779
0.837928043302
0.856727204209
0.458943745813
0.663775476689
0.876368399706
0.579961655243
0.717788534347
0.271642831269
0.87825715865
0.238681387299
0.979866839526
0.954255663883
0.791705446624
0.544652784866
0.307031670175
0.470735780694
0.0696843245501
0.542712291061
0.873165067106
0.174185245121
0.182313343869
0.888866899607
0.601826665203
0.839453496909
0.126965866778
0.179692621836
0.607408982451
0.367552951031
0.470835013686
0.446431005191
0.0422375531401
0.754304474688
0.449362352668
0.2706596535
0.969483959973
0.879334202248
0.458696348486
0.122356185387
0.74490030146
0.817178902734
0.973934537168
0.818996606443
0.0577344944966
0.931701282136
0.778862655737
0.886903557291
0.71784829036
0.950821825699
0.0718876756415
0.943050049538
0.0259788448617
0.0945218771814
0.981153207067
0.844349382902
0.76920585723
0.535408774728
0.691991330756
0.430075351282
0.775960680606
0.900367392914
0.0948414687996
0.707176307254
0.937973530173
0.121396309856
0.925996052547
0.557892549357
0.222871965253
0.153169862786
0.858243219089
0.941685564893
0.820035064222
0.550423206397
0.879448351616
0.99075655418
0.213735409441
0.817521937159
0.0506746811089
0.954259472287
0.950584929557
0.559250149558
0.92523873044
0.619672295624
0.502737093275
0.666773074464
0.508906841013
0.848984356083
0.165967338367
0.687728341225
0.965907439104
0.355140406492
0.681802934043
0.715246494792
0.0252976258144
0.510582314994
0.872018652443
0.593508449257
0.466178557771
0.74379643052
0.577305887603
0.157427511567
0.871087701589
0.191416145028
0.0179794366297
0.569203363267
0.956778905813
0.246824439564
0.795125302519
0.101647331279
0.0727337818601
0.872761973414
0.955111786314
0.642213105366
0.476910469549
0.350032900688
0.605632616636
0.0780221518103
0.856669602716
0.161934638258
0.977762002712
0.676825739123
0.41312117352
0.0508049587347
0.0843825951634
0.977271086272
0.610942637597
0.546509250606
0.380459983497
0.0330060778417
0.216272288358
0.645878655512
0.285366757828
0.0637078761723
0.958013745293
0.92010065474
0.0182378781776
0.870840228012
0.743148625882
0.0263808201175
0.570470628833
0.501174968011
0.784445070179
0.702217374611
0.0423458672886
0.130358074225
0.299473702592
0.207824106742
0.159036434468
0.849323317052
0.862914814589
0.0163870154093
0.236197617921
0.0182029751448
0.862297151059
0.742022897927
0.610216015992
0.903138028078
0.39597578417
0.892632310093
0.803134552206
0.807476166287
0.100719393319
0.641687745066
0.751830239008
0.653540874548
0.243590992991
0.522724857009
0.064353750684
0.951388353796
0.435807963044
0.922289814013
0.110914856218
0.0234663753345
0.659898734489
0.669143957299
0.00701964212605
0.901803775205
0.693093300214
0.838542480076
0.0154615988877
0.830756799606
0.0238088091361
0.547094682604
0.899237402802
0.506127720614
0.884373376808
0.181694206645
0.797643352234
0.0672371909648
0.236838838582
0.580120330197
0.467937239506
0.953607145246
0.283336338796
0.960858754856
0.0622127721308
0.54090206183
0.974192234663
0.460154746999
0.264460366352
0.245907569045
0.983145697435
0.546840229433
0.0357284544116
0.77662769932
0.0840750986238
0.697567917898
0.969595172103
0.96861738507
0.436227894572
0.670649817409
0.585769676827
0.953106485305
0.896875944577
0.978897925789
0.533091900475
0.0875809312415
0.0668762378573
0.96927897474
0.512178568872
0.723155473188
0.892804268282
0.91957140539
0.472827887417
0.512992869554
0.0556568737795
0.084454840086
0.740105865146
0.976260855319
0.0255345935744
0.938645327141
0.948979817242
0.442930038645
0.14688266397
0.109085961101
0.176549931842
0.524568616987
0.662895230401
0.960197847618
0.429090619497
0.217972692565
0.831214524736
0.194850591934
0.382635162641
0.732143773913
0.822482394283
0.0580220783761
0.663139164954
0.908188109891
0.575025342658
0.529090001904
0.219970960389
0.75294593492
0.802797504659
0.0914282520532
0.641259066619
0.0292751086293
0.969279103094
0.280242729008
0.958149407896
0.432547761944
0.581890841099
0.500200498712
0.0688709914902
0.270401650526
0.831853640767
0.763349743932
0.968942796485
0.378745790841
0.585166454934
0.892740741598
0.249636295986
0.279837452907
0.047619377615
0.2985876372
0.529004569688
0.19626178932
0.890943428658
0.151299696381
0.529473093729
0.906695189833
0.587836900272
0.926936916226
0.929349052631
0.534992403767
0.624881122162
0.931011709939
0.340907180025
0.0143353785014
0.0615164773307
0.0577854708759
0.0834871559227
0.896795484171
0.375078440164
0.707176307254
0.490849329262
0.884443856989
0.0352576069775
0.0287703996432
0.0359381389064
0.209893474718
0.578523995095
0.924108628278
0.808125718287
0.512621117836
0.218308071274
0.533551104079
0.7105153755
0.871069176112
0.860851878621
0.247142626959
0.650336398687
0.916208115435
0.886792683997
0.644638649227
0.240274288623
0.228299524778
0.773016137283
0.396472078551
0.824273355432
0.592573638341
0.25125778786
0.917989251491
0.981952158896
0.212194738317
0.175722991873
0.550009257723
0.949740151321
0.811696186652
0.152604533494
0.0182029751448
0.139634417884
0.952022962035
0.276729337639
0.947685746755
0.554789207623
0.0618917529516
0.842010326434
0.281388797806
0.35947804144
0.584139903132
0.931504789117
0.455586766345
0.366167530845
0.458381973095
0.729298128675
0.0133336925073
0.216206242317
0.607680414613
0.99359699966
0.0205382969227
0.0402197718298
0.560889236845
0.304498757316
0.87879077467
0.652298570168
0.60152575007
0.30418546764
0.560040745834
0.920342891427
0.0512779044976
0.958470322424
0.94447098619
0.779593259839
0.297757399718
0.0389777213607
0.165719896055
0.317243775438
0.96766056105
0.885479775359
0.993038218012
0.308202355915
0.729980534091
0.892890827547
0.901900554833
0.957663107075
0.17350885699
0.331334385778
0.870101572281
0.288048379777
0.820788314491
0.0132180519447
0.0940654350041
0.0995130177956
0.892573638717
0.407029770605
0.961393326225
0.927762747647
0.313664555828
0.151144009114
0.81939213383
0.673752043453
0.938237337182
0.966801370505
0.478648343059
0.237416452901
0.737568864766
0.0428118153666
0.356471860868
0.862198416456
0.266159491571
0.0931491126876
0.919082921668
0.940530991104
0.234848523863
0.0597932237057
0.842325519217
0.952868236569
0.00859810152581
0.90956321091
0.0692227818892
0.965368279865
0.0133743940989
0.640419042465
0.0625177248082
0.0369907769822
0.740989802963
0.171001723031
0.759602711596
0.0737197453057
0.391644931828
0.0425778452833
0.335089457767
0.0725494315752
0.481427863599
0.136527538533
0.940062590421
0.927292284435
0.533782928723
0.808332800294
0.60334260735
0.965258552661
0.0853216146128
0.134397761191
0.0397108439863
0.969927869788
0.256842902592
0.873637850956
0.146312386378
0.269423052917
0.210067399971
0.923387961993
0.17049568185
0.540606696213
0.093101647221
0.0241197299957
0.182170310695
0.786111860009
0.189094062439
0.453362780746
0.265548273885
0.0613387245783
0.927318788103
0.51552376265
0.373431299149
0.10498806831
0.812593678135
0.860319317227
0.576465705698
0.140817738253
0.43643693344
0.783830806831
0.15830281367
0.0646430780975
0.959291157627
0.853882073004
0.364649932661
0.583981169484
0.388524860522
0.157454989765
0.054705187927
0.0882793047965
0.655364627837
0.830309484729
0.109990928666
0.786841782908
0.0395613664114
0.219996156899
0.245765751047
0.306642607392
0.498568873955
0.356510504517
0.316631448949
0.778378291622
0.648611953215
0.0261391254147
0.0443636077515
0.688680224165
0.514682119878
0.0961950916533
0.687686136523
0.0860469047974
0.0927570026146
0.112227752565
0.737660610976
0.933591201986
0.97283030337
0.603424737524
0.955226503662
0.89321364328
0.593758776461
0.63818908845
0.953106485305
0.955556799864
0.522286074041
0.454790666775
0.698245808539
0.979225106474
0.0769300884179
0.921289328311
0.0507133923445
0.77670715697
0.620385884733
0.973734070758
0.00526970204148
0.0388882398302
0.313764260767
0.294023948453
0.286891269282
0.0198727606447
0.817504455907
0.660902193327
0.406951449638
0.845198155575
0.114553555437
0.501558485647
0.691589702106
0.0546301028096
0.180188513883
0.712771608732
0.44771781958
0.0127015966761
0.204342602454
0.90064179192
0.275906098545
0.189773963292
0.693218111832
0.31536401903
0.909515300179
0.197320727039
0.528645841482
0.0459442393808
0.0977596053552
0.837895014644
0.31946632078
0.95912494778
0.98250867404
0.203964786949
0.0511165855476
0.316089975426
0.886575369735
0.932838400085
0.112388140851
0.972013682806
0.915453510338
0.200607594847
0.809747741998
0.362617619491
0.785368483667
0.0370847232687
0.302627425285
0.67532470008
0.615426121585
0.448134056073
0.962837908238
0.0401947492645
0.273360915749
0.0569243948645
0.537415474335
0.900916951472
0.0749493488716
0.942128420608
0.597590352224
0.433655134655
0.393485103674
0.262732900005
0.866800005645
0.925034086711
0.136857833443
0.442318522022
0.921149900034
0.865885626798
0.017932367566
0.725853560686
0.878921912338
0.49536242907
0.0136208633954
0.829954786424
0.983189003145
0.124045803389
0.138397749429
0.0340427108608
0.991473988918
0.342018693073
0.461076830679
0.520808468721
0.965443940139
0.0403644002081
0.923408492892
0.92830117637
0.624102742922
0.973846926375
0.0122504187145
0.298359956749
0.509769436275
0.460793160181
0.436461575343
0.306028523714
0.97689873754
0.739348555197
0.12599246601
0.341657911902
0.592627892894
0.968431175269
0.912933657768
0.890600560661
0.206960788297
0.770571248832
0.89726127476
0.0144796586301
0.786646555724
0.91866128788
0.772656218944
0.0294351874171
0.483452492067
0.129544848678
0.672409784215
0.023219938238
0.626910205803
0.819312969256
0.949617881779
0.922714805605
0.743148625882
0.970263909098
0.582310099462
0.611417962655
0.24720984434
0.0479701500457
0.0127236604939
0.575722949014
0.921699121165
0.0611259005126
0.650476127641
0.599955536914
0.0604966576479
0.894151138046
0.920307457629
0.882837658099
0.321631144289
0.953811803535
0.126870961053
0.252311916795
0.199920448216
0.88383575628
0.497957125474
0.371704202349
0.30048739853
0.593630898638
0.109687119125
0.0714297589825
0.47673713594
0.152216647969
0.245464941417
0.500131136709
0.963897313801
0.607408982451
0.828186081922
0.146230062781
0.786825231175
0.492886825124
0.379995704475
0.518168112733
0.900249980147
0.455853372964
0.373164520486
0.889764021667
0.227717676632
0.52356918792
0.275936551214
0.429242173638
0.254994246097
0.432520452038
0.530429621618
0.193051093823
0.288589982425
0.779011785871
0.0399147213451
0.0669879738764
0.70113258491
0.139301054023
0.802981715753
0.400847899138
0.016741441299
0.46168067479
0.977940523584
0.893174263675
0.040540463113
0.0536392594227
0.0480871814796
0.288682627349
0.544910807871
0.906593113133
0.267568453367
0.0120457635839
0.765360358047
0.448348864277
0.541916876428
0.90366447769
0.282902767008
0.293608883383
0.0654392631553
0.914689140351
0.334519565689
0.667824054708
0.865843187827
0.0532721668314
0.545381865542
0.702667919118
0.0905646975829
0.165050088629
0.263579248282
0.598216853101
0.0911115911206
0.0388231755958
0.220816650544
0.821504968012
0.18804274606
0.69911663957
0.133471522755
0.19209723468
0.471655616901
0.453371880828
0.987618889658
0.669057438051
0.399690654827
0.456849906561
0.87544151167
0.136717100663
0.131889583725
0.314302398895
0.66963178803
0.771591095757
0.0241762013187
0.11434413124
0.416400291282
0.692103214726
0.412107571062
0.276407243288
0.110827253671
0.0702722950162
0.467552455098
0.039723223052
0.164809564435
0.257961381426
0.07314407301
0.478607239673
0.0231765053373
0.287238284013
0.346629659131
0.98726321413
0.952456940722
0.524566134044
0.0485714171287
0.836544035243
0.323681824956
0.0580043349529
0.951388353796
0.852098424052
0.846710125282
0.424561577525
0.981808176325
0.170679522749
0.353839720712
0.883010769572
0.701116217631
0.273687467966
0.71861902273
0.174870384179
0.493746357098
0.336406269889
0.626316887818
0.925035129582
0.359317442566
0.89836130015
0.166183491129
0.971407307312
0.993899172548
0.485234700713
0.941093300704
0.652172690521
0.854904391742
0.0331077609799
0.452539491472
0.0237141924434
0.0430750842119
0.366815699016
0.752453809701
0.839428187399
0.512566588808
0.880058055232
0.632460892806
0.764503914004
0.591102995414
0.895138950051
0.144681943426
0.796240606188
0.813508850187
0.93475348976
0.474527116301
0.944470572301
0.261875156256
0.195278985956
0.86630813412
0.988162037397
0.792393905857
0.154839270109
0.945521026884
0.838156653904
0.452755635363
0.116079198423
0.575933358778
0.9594683334
0.447344903085
0.0909605380731
0.860806268141
0.222871965253
0.857299067105
0.0730879991398
0.347625479617
0.860971820185
0.863824964807
0.00801210725471
0.418598224443
0.030941347168
0.79460127172
0.963478029279
0.164787094511
0.0813159347464
0.385809476883
0.922603060861
0.947821858077
0.981507725383
0.486070447892
0.040109603871
0.143264649167
0.592768740561
0.988032608013
0.065239935095
0.819645684443
0.780165327354
0.265650581589
0.831940504983
0.264714544958
0.1445120109
0.213167465587
0.0745537725494
0.111362325759
0.310134389285
0.951413955199
0.178505392127
0.135735377249
0.669477341872
0.118615073857
0.425611839651
0.480049761287
0.605605024165
0.384565169841
0.644743993573
0.96930546343
0.965647090754
0.179417695512
0.755306582826
0.079384782445
0.5643794611
0.380171032595
0.352459038105
0.194003271305
0.0288502194549
0.0288672428311
0.742727325766
0.259114476633
0.275516657696
0.923926619685
0.658130615988
0.740844246467
0.224659281157
0.0476251114456
0.86457255794
0.168344332963
0.48645540244
0.818778537018
0.434028715419
0.583471036401
0.706174790387
0.798019830401
0.335389015152
0.729763126989
0.22532038625
0.0359381389064
0.208545394473
0.930008325807
0.926210897168
0.683012221283
0.978812379802
0.900020592982
0.0792990981865
0.207084037884
0.8657155012
0.359597087491
0.614517088693
0.965329780192
0.441784078395
0.170412471175
0.0754439687055
0.186299957094
0.875942075465
0.942646209724
0.162781245062
0.41131982226
0.0109865255647
0.696864279474
0.953284813637
0.944935357056
0.729605875779
0.943024528121
0.566584260793
0.890994284703
0.902180969126
0.917855432699
0.946903851026
0.61657377736
0.444638031732
0.108431995233
0.165604226082
0.936851333811
0.906542411308
0.387508460453
0.937649350672
0.778138834336
0.238702951272
0.284347750897
0.795814644835
0.627407345322
0.80916756793
0.273229473377
0.892520240661
0.326172545332
0.941819491807
0.57906874771
0.0282690275908
0.292771271057
0.0425778452833
0.906302222332
0.963918799122
0.691832172011
0.223010135309
0.252415896138
0.313301802794
0.0612484281582
0.862493665652
0.908374369487
0.300957983653
0.341875969417
0.705054882273
0.0139427015072
0.0653318594241
0.886800630653
0.498568873955
0.589327853333
0.117268976421
0.955703267943
0.376641486041
0.399110622614
0.894302238674
0.0258356206538
0.120464209324
0.106630636164
0.254748982106
0.0294923553664
0.780393615
0.456357914883
0.743693905111
0.112419982209
0.622240457747
0.878881327448
0.100431374944
0.491661135935
0.264145724735
0.463588769007
0.035451556772
0.294031425121
0.245961582829
0.460949567687
0.910628917733
0.792608593244
0.668149889776
0.364607066674
0.810545079743
0.0532048271727
0.219500484142
0.949206098895
0.873686787253
0.87458475079
0.634524988059
0.0711094325092
0.528126846953
0.167552664465
0.891180154299
0.961960206509
0.221914910255
0.989536752776
0.766335325374
0.0338546359762
0.130486215596
0.866342958754
0.304950499624
0.502447848131
0.0337832014142
0.57826772975
0.42839567437
0.977983376405
0.091920304498
0.767551061001
0.675942658829
0.164989474616
0.953522123156
0.993494167242
0.844302861477
0.435831439808
0.940327859235
0.123334150265
0.788665168312
0.566496217564
0.0861752333795
0.962653081654
0.502224774648
0.150110170592
0.757536864107
0.64125454571
0.966916076886
0.716023094783
0.594210246126
0.963131881533
0.952531436065
0.769991206092
0.0231659456678
0.960603943224
0.317338400333
0.131859147868
0.620570768713
0.704827649053
0.931209513632
0.170408859613
0.954170284902
0.0925131576536
0.134273265681
0.966625203281
0.760366576402
0.764814391205
0.610673656429
0.857533192763
0.0056176745552
0.599416353164
0.00264993580457
0.338210851065
0.486479603349
0.194003271305
0.190524349141
0.633451401477
0.0418101279961
0.96936532481
0.0691870203066
0.347981896778
0.0690075550491
0.587154951091
0.867692463177
0.423785146622
0.103409761842
0.650553609719
0.689789560078
0.0419764570092
0.810353817407
0.020338200532
0.54538944136
0.429101927415
0.0256456171899
0.880267760819
0.911325601521
0.175909467681
0.453936145633
0.0480082797657
0.872301431865
0.0790392964023
0.0136593933457
0.966914718349
0.0426537723278
0.520079882192
0.479859371894
0.703825010533
0.576200218224
0.973846926375
0.767872878774
0.561278477873
0.88809975972
0.948855314581
0.714103322338
0.642691633744
0.716904426039
0.354249122373
0.895357823115
0.521332652807
0.0433285030541
0.0164273386574
0.269725044124
0.811030321745
0.958051071218
0.388646784465
0.459986788028
0.963983052455
0.599592921656
0.96652435993
0.607782986909
0.636964771729
0.313497865349
0.640562115951
0.0738339196174
0.641994615528
0.0961950916533
0.203553453969
0.0869758767882
0.0490483202396
0.80463043689
0.707172727596
0.236796029429
0.0494868813676
0.45396181479
0.906983185809
0.7121314456
0.948053006554
0.325229290858
0.30308164183
0.449520449101
0.359239714699
0.710535323248
0.184901985304
0.81953243861
0.603700901352
0.866250051584
0.108489547777
0.437198473985
0.749579287448
0.597954905919
0.353554466443
0.419143353485
0.938374895166
0.289659217634
0.887760926324
0.771359996662
0.969268042268
0.0661217480049
0.333467374514
0.821844509945
0.867898515479
0.258819123242
0.0718718499916
0.0575689322381
0.603008289971
0.967188614349
0.0701604056695
0.382866083791
0.952070649774
0.577979179307
0.121926301596
0.117198061536
0.0366841211129
0.48146080304
0.4185693821
0.838037285282
0.886768819391
0.119666319742
0.950313171528
0.0948440358321
0.181415502636
0.269423052917
0.510042234734
0.725132715721
0.307128223619
0.043708592201
0.951170608784
0.606794534089
0.0371865827816
0.401948008871
0.516544229722
0.699942330074
0.0796441288333
0.83797973392
0.739819498585
0.948478413397
0.493733401302
0.268569242334
0.214825598978
0.808733571847
0.990720706159
0.0344131711682
0.509680159107
0.0114886415755
0.668003273682
0.903923138051
0.0350707053801
0.0224799639325
0.71330258404
0.370244406644
0.897860351556
0.65263761801
0.364210896874
0.68502910068
0.532858779575
0.980693195739
0.649510124225
0.82440524651
0.205839751219
0.640904416506
0.869969845352
0.89591873732
0.746028843572
0.425946723656
0.35500553325
0.953171596432
0.839045967213
0.0349511744717
0.763580269266
0.482656866447
0.0564727383102
0.233269758577
0.552856172042
0.120689651694
0.078139455263
0.920588054752
0.180049742734
0.205674891505
0.275136893317
0.356716527406
0.160420015655
0.476789708248
0.0778145500173
0.290508998185
0.267333592928
0.630193143959
0.0856562881431
0.677472775632
0.692548628524
0.246130572415
0.225169835457
0.161351132643
0.961588433079
0.0272812039381
0.283608059177
0.946424186353
0.975364864976
0.339988143896
0.0120496281941
0.479092176044
0.50495367021
0.0829206319479
0.967107423029
0.949596493709
0.592749424158
0.634958282435
0.0412803159354
0.835054390644
0.871849527105
0.706285879694
0.351145440786
0.35089299508
0.944119181262
0.0553825139381
0.820880947387
0.258042673915
0.603490303332
0.907705681059
0.522464128845
0.385618527898
0.0256808188669
0.136777794635
0.903677539928
0.602037988674
0.153648308927
0.461229662357
0.806064205708
0.509185505447
0.0239436782411
0.142180435464
0.825075362608
0.877494278255
0.973636629725
0.0436818164215
0.630896428793
0.373795724661
0.947755081143
0.547943023104
0.0267450240871
0.187426032125
0.518009267633
0.91760571579
0.274188582073
0.0371201192075
0.763118592562
0.849747712426
0.89328422745
0.368576187135
0.946623879365
0.647480511554
0.16459904929
0.935946142494
0.967133853262
0.0470998902628
0.550423495352
0.875657783677
0.192194222154
0.151148169822
0.215159695487
0.0858655411997
0.831768028613
0.807160035783
0.099522326464
0.991047619589
0.282158532848
0.088310498536
0.213682705986
0.91017381116
0.137872289929
0.0883314380577
0.754661367783
0.736709121065
0.883082412408
0.834101245697
0.0840750986238
0.551363833863
0.0371201192075
0.919731043608
0.210748637614
0.866716928121
0.131239279307
0.818844560913
0.2065813638
0.0504731907036
0.970263909098
0.523262392012
0.15567089137
0.607023014797
0.0537771251328
0.78224768666
0.765304267006
0.0460537078627
0.789898350513
0.902017280212
0.85643306374
0.0365550490028
0.0285316867602
0.766648495348
0.128120225882
0.721260657904
0.377795090168
0.201907854127
0.524568616987
0.869152864631
0.451514078126
0.325611486939
0.521066753628
0.0366576125593
0.699152842374
0.872309894137
0.775322199774
0.462242991349
0.027770650499
0.778057167119
0.651499683043
0.0091484811682
0.602268862499
0.927732837251
0.959970031543
0.63047939416
0.665216933563
0.584158421222
0.964501975239
0.476392542487
0.107485031418
0.460655147425
0.0587211500506
0.988744746513
0.692183853353
0.887019232882
0.496247647999
0.319343670772
0.218264439544
0.0239473516561
0.507572804592
0.3298802525
0.963295484396
0.229089088317
0.202342318983
0.364514850068
0.680456646945
0.975709659617
0.0503117897597
0.09478113763
0.646278975668
0.712695246339
0.180951715269
0.633953429405
0.0386458148295
0.825114282296
0.658540116254
0.757957115349
0.265327452131
0.9613888876
0.909515203676
0.94351729368
0.950771397557
0.131916462396
0.947250997431
0.238582083743
0.990180455649
0.424549952115
0.963157777042
0.00719418687466
0.306708157647
0.515106666838
0.44463007948
0.398270099839
0.653450779453
0.824145364009
0.927097199806
0.951413955199
0.930782481828
0.0912948846403
0.342343126319
0.941339902379
0.154568603433
0.312965596779
0.735452135105
0.621866513316
0.103581195802
0.566137039359
0.68318228072
0.931067054009
0.674359393172
0.530349869649
0.29518511693
0.0532661443848
0.167334532731
0.045940183274
0.591479903471
0.312057835393
0.0174476705437
0.294614678509
0.98026353913
0.571868931376
0.44689439974
0.695669725337
0.446529731754
0.604267690334
0.0108658376047
0.830575306033
0.646458770181
0.358019304102
0.955591266287
0.00777511795452
0.062572560971
0.769484988461
0.936242981494
0.29045046804
0.848058925363
0.895084298322
0.870024916896
0.990399198251
0.695555595351
0.469217355758
0.552809857059
0.0745350096944
0.880370559011
0.145051247314
0.212506374805
0.752407040027
0.623207181416
0.828425061269
0.660200793678
0.462989248205
0.682338555549
0.398136565347
0.523080142614
0.687120788431
0.476051096542
0.445937549713
0.938659245075
0.169695897202
0.137117602206
0.577174557642
0.542752227425
0.959711754931
0.370294283547
0.518810462175
0.258281227999
0.294763382073
0.238718719228
0.198195696507
0.945019360616
0.623355740887
0.136694524132
0.628074896212
0.0369745529992
0.926587381946
0.0402418734473
0.72128341994
0.541811408844
0.926892057356
0.236197617921
0.851043421939
0.869932894044
0.155648358035
0.804866384855
0.263170938207
0.725935004322
0.871153074169
0.169371676305
0.748606235373
0.687733876965
0.220514998039
0.293809383438
0.599638437019
0.845403220516
0.856569994031
0.565136534707
0.0218500180496
0.133742612266
0.11276383517
0.820089342861
0.245940485173
0.905154998013
0.482117532054
0.777905425106
0.0181245108515
0.374688693134
0.900515697748
0.734136733787
0.89553592774
0.161420711791
0.67820092904
0.01874935918
0.0467959938905
0.942444215263
0.803508395325
0.163345548385
0.49147139678
0.0169548549415
0.613693921645
0.512123382
0.260932654231
0.0440913964049
0.270153631009
0.270939691653
0.551897756387
0.0790812314188
0.900154394906
0.402142875051
0.409098751295
0.0607290314287
0.0607290314287
0.560059704948
0.454034892304
0.047619377615
0.871425505924
0.649172492004
0.0892734348771
0.969250471316
0.873637850956
0.650577506149
0.75597730357
0.920214216173
0.154568603433
0.924386793022
0.188229571461
0.309736647474
0.213683936132
0.930265619761
0.585800968903
0.733964697629
0.829088898027
0.290354582773
0.977459772485
0.823610414566
0.310380377909
0.765202029082
0.411481282987
0.966664939899
0.951112545857
0.374101308414
0.895877111335
0.961609942932
0.943681542509
0.0244905503807
0.892284346279
0.747583186126
0.576411774138
0.0997824142689
0.356969129226
0.878583202636
0.2065813638
0.362858675661
0.950109523518
0.296400232497
0.478774864961
0.977570497617
0.592937408794
0.974092687018
0.929417491188
0.482873625803
0.040109603871
0.948979817242
0.946383746247
0.965894837382
0.211947960175
0.108808898239
0.749117643368
0.409993481718
0.977195837189
0.920908221907
0.925154764994
0.579943447929
0.0537757635947
0.157427511567
0.836764398967
0.921122939074
0.823598255679
0.882870271561
0.0990202726858
0.729267162128
0.153865159357
0.96831533164
0.12418420961
0.226212241044
0.0371951340105
0.956076982099
0.0462623396358
0.985977453679
0.977211258968
0.970792579153
0.560481602733
0.830575306033
0.168090284364
0.627382927395
0.935165512634
0.175515806701
0.976729856584
0.115145463264
0.242980721304
0.740741986635
0.117930064029
0.992594514926
0.607408982451
0.652379584928
0.111779347307
0.12634731567
0.51247797464
0.975220836005
0.663530061233
0.461004140203
0.720281567843
0.0648911652753
0.272389515189
0.256893278702
0.968177478155
0.0147555726174
0.02063035467
0.0886900373237
0.247718829148
0.571106870184
0.919913790358
0.482091830524
0.400570692583
0.878994487986
0.367396465441
0.718604557773
0.149642248309
0.11876093045
0.869796628567
0.911478572401
0.16456928476
0.191228134476
0.477119055949
0.162139050028
0.0184851318367
0.39864771012
0.910324865352
0.599446632002
0.939577347787
0.903788548082
0.288142790949
0.925964057408
0.939447572522
0.82440524651
0.688955403604
0.928410712577
0.872503267949
0.828535429797
0.135735377249
0.0493332591118
0.787656983952
0.218592638806
0.92814567918
0.823667481007
0.0985690467083
0.176418801374
0.960741669947
0.594042709138
0.171452124261
0.865356747019
0.0701855280743
0.945561283104
0.244859095417
0.792054454037
0.152084683839
0.20212002056
0.968098707211
0.499187072576
0.0190014273824
0.691185122638
0.562481736274
0.843554815477
0.227410076491
0.535797185369
0.654305186874
0.502921844789
0.955223857208
0.937635146423
0.146341976588
0.660507895588
0.884381338141
0.436184041637
0.0290871288876
0.932734358249
0.433561626553
0.0628402395539
0.919855826066
0.453352112413
0.850909070709
0.265259914357
0.47633384219
0.723441451295
0.0583998051155
0.553973770683
0.0257264129579
0.0570544351648
0.709274199192
0.488360495274
0.321332435219
0.980855842712
0.0145486611029
0.473595006466
0.912285264608
0.0570439244176
0.357995761927
0.770426534634
0.497299949988
0.548291675058
0.437400544622
0.0386596583802
0.878889956567
0.534763511704
0.0390373470914
0.281443336059
0.360582511012
0.227214002048
0.877476607955
0.740373873448
0.965684008948
0.620570768713
0.480354612934
0.464693674999
0.78345921931
0.774951551503
0.189498675139
0.637984665313
0.108827402881
0.406951449638
0.0465499355059
0.614519997829
0.108008157402
0.896484107264
0.633209426564
0.810358779069
0.0911887642468
0.371934061725
0.620516301197
0.10459899941
0.578961242393
0.754638401394
0.0361642748353
0.100572567123
0.143794731105
0.240545896291
0.809115905044
0.029344998537
0.513545963049
0.221302045747
0.00598761704807
0.143084665197
0.270333336255
0.870833489644
0.291215267611
0.675886791644
0.862198416456
0.239128870916
0.92646892601
0.86266618708
0.691701933125
0.952818056157
0.927569711215
0.00509968577518
0.455197457495
0.97637111253
0.502110777758
0.939933043416
0.0118639202698
0.332119057532
0.34594113123
0.587031199311
0.549886165505
0.641313106109
0.437470110968
0.0669844122343
0.515041048565
0.0102502193142
0.589305247018
0.955042352121
0.653203870974
0.0512779044976
0.0868981363799
0.0963383658376
0.454534506573
0.60887691213
0.791613705394
0.0446270202175
0.71522896921
0.925968037674
0.37029753115
0.95928976906
0.961671459801
0.881665911075
0.820587485944
0.512166646113
0.953089334771
0.163474335845
0.0444682842674
0.422072662297
0.322473661912
0.236062522804
0.978249536813
0.296958780671
0.963531977362
0.745027248708
0.707862128881
0.224900276405
0.972828192995
0.650120190007
0.249068780138
0.190343729748
0.450376864731
0.122541945853
0.314302398895
0.251394618754
0.0465670282767
0.0231765053373
0.120817139179
0.725225206605
0.927472005559
0.395820492992
0.197426491444
0.559364323038
0.959753036611
0.228355317785
0.83739054745
0.75880754014
0.265944816332
0.941063906786
0.707373087936
0.477234403765
0.231851290687
0.369739284485
0.501498373768
0.0846595428563
0.904339566215
0.901751464122
0.687686136523
0.465682404155
0.110214376555
0.313792359927
0.508661187658
0.0457153717186
0.552675862945
0.697694411193
0.00914738678911
0.880855334041
0.0391012806658
0.0977437006386
0.923838011033
0.233792342031
0.0844137616707
0.698170020017
0.220122308205
0.905329754657
0.388701475751
0.240100187985
0.0973717078025
0.257651016577
0.631718769783
0.807414037255
0.523675814294
0.95065827257
0.859930296792
0.308568863133
0.0602064470018
0.943035883457
0.934844989746
0.651692859979
0.726730823379
0.97906382567
0.0444815881205
0.665811223045
0.955588591467
0.0394989792869
0.1445120109
0.512566588808
0.506816699937
0.336999817212
0.458471395599
0.442513250795
0.975851434142
0.303595800057
0.960772756371
0.0330570275712
0.935564088112
0.30984891665
0.522916036657
0.721705167121
0.836363172259
0.144833989227
0.877600808237
0.0123846047135
0.211510794116
0.729268551367
0.808018434185
0.107435461698
0.838381821361
0.495532074254
0.698145021797
0.753176141302
0.479859371894
0.116302727468
0.9449855729
0.624164749876
0.427811038126
0.983975851107
0.347994123434
0.0675396837888
0.674723951112
0.458261493918
0.966116959431
0.205608487001
0.0358308260766
0.486479603349
0.952198904262
0.0688320972698
0.364764752941
0.576831020069
0.837858192484
0.716833659467
0.981403152723
0.541811408844
0.370013208779
0.913843861249
0.845198155575
0.825178187556
0.724254320369
0.738221750301
0.494438689022
0.0293507576756
0.712369483174
0.552091665967
0.297527106463
0.958492525796
0.0271340238584
0.528600828299
0.531052647913
0.966245124477
0.478865635454
0.182590510794
0.968858959672
0.766335325374
0.766015360431
0.114676657029
0.413076409638
0.0655384656586
0.756300156387
0.0605799953893
0.882308707361
0.0894411611867
0.931278374908
0.00693833559774
0.0735541759849
0.0556967227982
0.906652444212
0.763047443087
0.412332080929
0.0399361998312
0.194375599817
0.0666015194803
0.911329627856
0.889026993146
0.0920898454306
0.0550783501959
0.0709014130228
0.273290747096
0.962845768119
0.990755091281
0.850586262724
0.581953762581
0.917100283715
0.490795550273
0.0207548973884
0.606417938212
0.089813615833
0.576402291346
0.789158793958
0.0287081117241
0.634230602801
0.0460428155611
0.066477780453
0.909025348055
0.334764735219
0.538174722917
0.849941034885
0.883436842461
0.358868358207
0.0619626229754
0.617534436407
0.0217928715339
0.225991569078
0.0494764800846
0.878157731775
0.606262003553
0.123588053723
0.893848351936
0.0407073750433
0.693200513295
0.0347723113153
0.71861902273
0.498633641572
0.948002076978
0.675214927374
0.692170601064
0.0553099244453
0.28223543793
0.181126408923
0.86457255794
0.045761669188
0.695812231422
0.0957402061626
0.161052067761
0.0469436689708
0.522636899042
0.881874582435
0.850286701361
0.12418420961
0.583088696272
0.920242921993
0.503391190337
0.387200161664
0.90651477055
0.0248451279784
0.00903492360392
0.715222355539
0.567230374534
0.810161204618
0.208102581643
0.0464424648422
0.676773978052
0.133186416121
0.521207352512
0.277392858717
0.887355495363
0.0886283518732
0.0702561673138
0.329944954696
0.583977817067
0.569183224302
0.563119272099
0.441211075926
0.945515365466
0.0208416381763
0.90146330938
0.837567921217
0.832322621634
0.955285620994
0.0100795012969
0.939688467518
0.108961322798
0.974246341621
0.169026581391
0.130179561975
0.437975750089
0.991739515319
0.258906730788
0.0974282523096
0.640346200079
0.772308635808
0.263774900436
0.0134232764767
0.607881285351
0.428380962691
0.165604226082
0.409010642748
0.850084590652
0.899542850749
0.601380909656
0.501612914448
0.52940308794
0.418164737665
0.0436809635599
0.402448129292
0.328256202807
0.15568588876
0.473472527459
0.703427302552
0.939289547142
0.940673303726
0.015180364727
0.916699115459
0.954774705502
0.744065046732
0.927000419177
0.413903713706
0.139777819323
0.10173710048
0.447175290531
0.532722063073
0.375424998302
0.152394850777
0.794712116703
0.971163282207
0.939963192119
0.903004795046
0.0632008161718
0.38784470291
0.821758202439
0.208968846343
0.66102179235
0.651763261859
0.0899804327019
0.148798648984
0.144051588875
0.509328711241
0.68466983806
0.329478950141
0.891974854266
0.124270582769
0.106430617777
0.27026791596
0.127090510924
0.924643958611
0.169229503366
0.799015091163
0.342613758808
0.821332204008
0.365850323283
0.0366576125593
0.742958954899
0.444704665623
0.033592625544
0.430863448167
0.752625530961
0.601380909656
0.724578370531
0.863119802594
0.871825009199
0.898972740223
0.00925893399449
0.593225963929
0.0263808201175
0.801532368553
0.974066117617
0.500608100575
0.852393442213
0.300687132673
0.00808524638743
0.908643102801
0.0457337399781
0.879448351616
0.144551672014
0.327645662669
0.929596203725
0.897702914023
0.693542047128
0.818898052401
0.840024263886
0.0987697163401
0.8799195129
0.607236231024
0.971908069027
0.32381194484
0.911325601521
0.191359972795
0.143945972583
0.454070251226
0.849159173395
0.734274648552
0.687076293559
0.13467522739
0.879765438127
0.20712626153
0.141633787337
0.789898350513
0.462814759367
0.779569075523
0.916614520144
0.0963633181495
0.887725517919
0.835754840767
0.20150238953
0.593626080435
0.85146897091
0.933952599374
0.374619105284
0.556914216127
0.057672396693
0.035389258984
0.163336014516
0.250427642774
0.383766231607
0.203567442108
0.0359393774625
0.901978184722
0.619208235259
0.0341977364642
0.979555057079
0.0128978819854
0.9411342732
0.587479347637
0.194440115282
0.767070414035
0.322393425615
0.707507140743
0.209177215776
0.835690365569
0.664226368479
0.784727124919
0.367743191637
0.0103100329743
0.603138573052
0.707467670576
0.880728920225
0.732494017367
0.214483753673
0.0456997136207
0.592504819698
0.976780649063
0.759487799245
0.977196506498
0.206376488404
0.817931976743
0.0841769030317
0.925452577392
0.843247766641
0.249099615038
0.984000170543
0.709781316775
0.04786475472
0.610942637597
0.609543160907
0.785681671827
0.43405227737
0.890384605322
0.79119894087
0.00883421056663
0.86164384846
0.713157691259
0.924291888316
0.306871966393
0.649148411403
0.903948919926
0.196290231784
0.0861343261712
0.0659621421391
0.0390910647782
0.0559430481151
0.945565755635
0.959572365692
0.908212839586
0.0210479721495
0.332159918419
0.847472145032
0.884412549894
0.16577796112
0.0635351099355
0.151476515908
0.754033640785
0.307817679891
0.38973161074
0.0478903436167
0.140333501102
0.654937134344
0.94471344045
0.387536900126
0.89629158256
0.0978010584832
0.711508277214
0.888751783449
0.0216382994554
0.022054854945
0.270327710304
0.866285533755
0.0668678224626
0.186701130794
0.102550508713
0.954115664797
0.00612842520429
0.537824825422
0.0527552535301
0.326709619652
0.2841826554
0.931209513632
0.450169508846
0.770687271694
0.644150054531
0.853820350362
0.0688431655306
0.845687007059
0.0532589721649
0.236579152549
0.705054882273
0.0555501170813
0.632806802419
0.926865530755
0.481786349709
0.840602600485
0.197720249271
0.422254645228
0.733270252643
0.538038224621
0.552160741656
0.700235132974
0.0507317385604
0.179837487176
0.750434881755
0.66605305455
0.825130486122
0.496528626119
0.854232173236
0.892847368288
0.0778297482538
0.0454789436079
0.959227648926
0.0157548963842
0.916892902588
0.390089211128
0.334679438396
0.826989352014
0.862396536274
0.202623980773
0.0654329987974
0.599625737744
0.972330878685
0.859859245229
0.935254507515
0.213069855415
0.155668622354
0.853314345038
0.450214951001
0.395958699453
0.599828380801
0.0944214287886
0.961545309771
0.934190348812
0.956086090609
0.798828215301
0.0972433765043
0.969737199872
0.3314622088
0.206842521877
0.547717994625
0.469148751009
0.219117881338
0.914714213575
0.921705025898
0.158774570615
0.634366571943
0.305704417248
0.957241659873
0.992988339807
0.168801186443
0.125525126148
0.50801352463
0.874061020411
0.0705422872221
0.857777672071
0.0378984227472
0.0959121731143
0.0421801882175
0.835553445964
0.522370909793
0.0122618108714
0.122125798865
0.416944752247
0.636246757698
0.829821948292
0.506777410637
0.871830520014
0.255985421827
0.852825211358
0.545987083237
0.506930152827
0.846447685561
0.416895715567
0.871988050506
0.0399147213451
0.714968865441
0.817466484203
0.591479313894
0.96936532481
0.644778082245
0.991378215445
0.407029770605
0.911932563596
0.47045676423
0.900758287005
0.620655979629
0.949729888758
0.235633022783
0.969089011029
0.837437361643
0.746771234657
0.685923903728
0.895776558623
0.851890852402
0.425914645022
0.0326940289546
0.472316621762
0.896988842553
0.921463759264
0.205463969692
0.591107974641
0.969910216539
0.476570686098
0.97354658954
0.872758889515
0.412608353692
0.0440453083318
0.763956524815
0.263909980101
0.880324991301
0.093804344947
0.737880728649
0.619660164338
0.921551850683
0.814948910108
0.154376750388
0.903691111786
0.817464031551
0.418073592568
0.712864262994
0.956782618528
0.22834966354
0.545892094257
0.0225180915734
0.0696084600822
0.928258563179
0.09971420349
0.957232042917
0.0790569230435
0.475419646836
0.102871029706
0.963106468152
0.278285438454
0.932394011038
0.109914631338
0.335512777263
0.166600032598
0.151347804772
0.149926334044
0.935809199368
0.802616460163
0.742727325766
0.901751464122
0.570749287406
0.837459040458
0.107266485664
0.062441938531
0.0394914877665
0.0270077501511
0.82451558152
0.0737516077103
0.0287535850587
0.070444769305
0.138366948091
0.959667578491
0.411958345676
0.308311153265
0.0787260027372
0.943947154018
0.334163151082
0.66963178803
0.0765805281498
0.118790618656
0.306119661704
0.6401248247
0.42857399415
0.967772096615
0.597706428757
0.816577851741
0.143319254318
0.55246546017
0.702829995578
0.240970569617
0.939356136391
0.0791139057057
0.0128561747767
0.726952790843
0.872894411549
0.609562173087
0.629317784176
0.754867675445
0.658480740665
0.124538437365
0.973134757126
0.12323794057
0.64326288014
0.0688274082246
0.0457849157458
0.566262349226
0.0321756821632
0.849078788135
0.901319053034
0.712015954867
0.0391011467562
0.866920968694
0.500722067637
0.797097723549
0.0440839590521
0.936256161167
0.652119733959
0.0443863000397
0.176779035562
0.408423995942
0.919645595531
0.287001104068
0.0827778435939
0.932871680647
0.0581363869425
0.018413139814
0.260846282162
0.82798021206
0.809115905044
0.634880422729
0.860837269725
0.945431425923
0.112753502087
0.0337896689189
0.095867735557
0.0853547123917
0.56379748255
0.211190783541
0.125629805857
0.484183034922
0.274092391358
0.420716508336
0.305709783136
0.938915460904
0.455403423445
0.145384703985
0.687120788431
0.41832120161
0.0557108492136
0.246225105107
0.0510763452856
0.316627862332
0.0640975457784
0.30292835197
0.856908828734
0.838210533519
0.365243599388
0.67710162021
0.212957596394
0.433523396526
0.842232321844
0.750489710822
0.506238375913
0.725617521508
0.943463479715
0.047619377615
0.791727111867
0.0349610836802
0.27867374846
0.873024401512
0.623725779767
0.953903202305
0.524023403753
0.590534296997
0.0186829830127
0.00555444377795
0.375319206496
0.56425023982
0.799804317896
0.210788077224
0.976430108778
0.00814998466315
0.629432431062
0.748353547497
0.820185727535
0.892282676586
0.163019445499
0.0741721615119
0.979453882828
0.891066963438
0.984482367722
0.328050385766
0.34791106617
0.291107935722
0.990624550469
0.300508602831
0.738713837045
0.478408693894
0.137163279735
0.101620793799
0.704908694128
0.0820752769725
0.550343229058
0.880181511802
0.0543543564611
0.931473741535
0.138483835088
0.929343400337
0.925968037674
0.84221154057
0.073769330716
0.501023861333
0.912856618439
0.458350619256
0.217781560259
0.394046828776
0.363142294171
0.482091830524
0.0560635794818
0.849283623787
0.623222354981
0.472269129038
0.75602837862
0.973623379421
0.29412560954
0.627964127194
0.740170402732
0.539632976647
0.795033966498
0.667211194618
0.534496965108
0.469283214665
0.720018650143
0.978064319823
0.372600665683
0.568921985736
0.898080322158
0.90222976902
0.300077262556
0.893865662376
0.0755861391944
0.754027560457
0.587757164902
0.853052666425
0.930633077401
0.892881437943
0.973664765744
0.903876839355
0.939124867454
0.716728829824
0.246711612816
0.489895174309
0.895638373798
0.0500246252385
0.135231693662
0.0503244175673
0.352474080188
0.966415901568
0.699195718083
0.644821005811
0.646024733076
0.814554490064
0.126663092796
0.902218635474
0.96157789536
0.867593118894
0.841970049087
0.46497346035
0.538501733164
0.0989824581726
0.0154906725406
0.176563923872
0.038249329646
0.827465641585
0.778352997239
0.0357479117301
0.0430472570289
0.74379643052
0.230066252829
0.759586134871
0.860806268141
0.990986429123
0.0384266352148
0.944524101301
0.571413854659
0.0368988151426
0.827328962174
0.0495569034086
0.916980994995
0.118887483932
0.725665394609
0.90522113077
0.793105574074
0.444773376644
0.0559593666003
0.063524160432
0.399940976772
0.102109332499
0.900184441733
0.752729686238
0.627143109632
0.0258916417521
0.0271446940316
0.414451402521
0.24391073552
0.479321375189
0.449651243365
0.188751869735
0.21708552818
0.048676501698
0.223184587802
0.942159286826
0.538704751644
0.0688709914902
0.990067991316
0.967871950394
0.610493823737
0.155025636257
0.964532897498
0.78249063525
0.576455223024
0.859887791071
0.237383571133
0.381098001715
0.129394885314
0.043266928502
0.772441070157
0.0879158964314
0.589345944752
0.916420143994
0.390647550441
0.508670752133
0.713756990683
0.396552379984
0.0941191701497
0.469830835464
0.63119236641
0.264984615531
0.367265023112
0.600473796672
0.591326782931
0.737953442924
0.705008251277
0.441814247645
0.542070632178
0.525064110146
0.340242465322
0.900750771177
0.362065587422
0.0457158068507
0.916778848201
0.00600726837268
0.932969096447
0.947986316263
0.16843129406
0.974316829457
0.82649464886
0.771691208174
0.287217012373
0.0618090863149
0.170693003342
0.346117593713
0.0211865812674
0.331809174077
0.340427237673
0.181082863042
0.792527686119
0.525600257883
0.707319786726
0.83803742533
0.777186956317
0.433669753698
0.289574232392
0.0401061118116
0.122394498503
0.0556882482051
0.958929827699
0.0371404176069
0.105548832231
0.974037437374
0.645336113755
0.965647090754
0.663250594583
0.254768849782
0.271826310495
0.953806816228
0.906527312379
0.664270287137
0.0246927221275
0.0247731624326
0.768311292854
0.926899676684
0.688833279952
0.873187846529
0.425089441655
0.743421045565
0.514702751477
0.459511227173
0.783691735712
0.199656063041
0.947685536752
0.478865635454
0.807908812302
0.0468551517385
0.981709844758
0.720058831819
0.571209237959
0.129717945504
0.544704730826
0.407283109682
0.791117057281
0.262657600496
0.289789022958
0.597780469455
0.299289921706
0.408765223554
0.0589620410887
0.74069073878
0.971592824977
0.906435135232
0.972648513566
0.959439182431
0.523665399571
0.97052869051
0.0989479892347
0.37007353753
0.0839710824861
0.833805442119
0.669745288669
0.305953948112
0.912601848182
0.953031193765
0.933418852906
0.940834937855
0.978241495437
0.984533828694
0.974344590808
0.464638951291
0.541722833786
0.856523418479
0.923468194626
0.0557973951355
0.0588987886099
0.102222715308
0.395066548125
0.876112557627
0.0212444911623
0.018231677762
0.581776635824
0.946088219926
0.295742368724
0.763526298481
0.338808098456
0.337280373811
0.0631618539669
0.163374052445
0.648454564857
0.267765184601
0.89544474192
0.777934250487
0.649240317897
0.477262659162
0.201021673948
0.20054609721
0.254538483209
0.961355208085
0.967800743838
0.419429564327
0.954170284902
0.245069069356
0.575167331738
0.974042403683
0.793248943157
0.102023221339
0.968762427347
0.293491791738
0.301188434354
0.693319703566
0.428853745251
0.160109629435
0.0688104804049
0.179201272725
0.524267738184
0.842988717322
0.886908824572
0.588923679542
0.528003170241
0.271310901542
0.671076435036
0.188957286055
0.0975346144663
0.839906262612
0.967001525473
0.0140118136029
0.577864560535
0.300553922337
0.13882323342
0.910619674674
0.667595449925
0.932260262136
0.53555053812
0.188779759947
0.0752148246408
0.0594890878177
0.418527313577
0.167473642293
0.561344547699
0.975888743353
0.908212839586
0.340215057297
0.746841723595
0.663395388229
0.965247348798
0.0568868419694
0.90618614959
0.597825961609
0.184475363183
0.489422030614
0.358001536571
0.633712482141
0.767070414035
0.933100010212
0.956973418207
0.063862298082
0.294474101788
0.0412542192981
0.254066920157
0.109630036045
0.910477670581
0.848900248526
0.974967396239
0.691185122638
0.874651022387
0.965288123577
0.941699180532
0.108136560265
0.179645433868
0.788861023375
0.824639144848
0.547712356403
0.0364642037542
0.623355740887
0.791875911078
0.794930017832
0.122428310136
0.72754547643
0.703485888801
0.946800743179
0.0429225110831
0.722043090567
0.635473566743
0.969865696052
0.51727674028
0.649002264367
0.958201789192
0.432653144726
0.158401828638
0.440167580143
0.790157943214
0.416381041745
0.958406975219
0.843317611083
0.0486220972507
0.236627277838
0.780619528369
0.18348690317
0.319058740689
0.960244457316
0.610030948943
0.07578162515
0.883709447154
0.688565014328
0.411929641295
0.990370052896
0.965747582358
0.341631442514
0.43784059834
0.121959574016
0.972458818189
0.712864262994
0.532402390152
0.412857344789
0.0145788113668
0.762040126044
0.0849482510609
0.883638569587
0.362227360112
0.925629678359
0.748972583456
0.147223008657
0.906449240719
0.783869337465
0.055746307811
0.401952941202
0.936369146999
0.31304769339
0.00732358867711
0.629206653145
0.972306095622
0.0253181047922
0.498856199046
0.156103876189
0.422287255328
0.907681390048
0.199877498087
0.413710870577
0.851325106994
0.0917529182505
0.735934516662
0.774039245226
0.37629378462
0.243053343104
0.888704336084
0.0730463634674
0.911549130057
0.175219450815
0.77686774098
0.253600041126
0.913317985845
0.122050052888
0.895612698697
0.746092030994
0.0218029211014
0.166928708705
0.942622088494
0.90320010224
0.579381157016
0.686920046403
0.552286368776
0.262580158121
0.0602147127056
0.0458003432742
0.352778299438
0.914090418976
0.959162400343
0.898024738419
0.210339009931
0.128272316802
0.154198816867
0.970909567693
0.665502158706
0.159851984763
0.848058925363
0.753808271286
0.953926381251
0.0591495338985
0.246621354531
0.607979773172
0.0506202289148
0.551122381328
0.100431374944
0.727671174772
0.267878716146
0.215892515306
0.58885872088
0.968969526589
0.331749109284
0.867803840581
0.419893800843
0.0895927420181
0.610715149991
0.273809645746
0.670291881693
0.759151850348
0.646266283166
0.250595782003
0.715169098207
0.446964830547
0.00540037592438
0.734874081478
0.497114281345
0.792322956601
0.991674736502
0.0190059973694
0.849831503438
0.859467160048
0.364591270731
0.609861702852
0.836192639996
0.0894577768422
0.0101037212316
0.217376499719
0.227772510233
0.162201172629
0.867337633304
0.294261632193
0.0413758362598
0.092583835187
0.536932252006
0.959726224553
0.126235400034
0.825787519535
0.40955082444
0.0574348106997
0.870101572281
0.735212191333
0.0688709914902
0.0323016527865
0.438079714632
0.959783840114
0.670686496591
0.527521158987
0.211593850243
0.57826772975
0.289877054921
0.492708230795
0.0725000372972
0.853329579606
0.0367327741375
0.928685881268
0.471655616901
0.391674451684
0.0855720269809
0.0287535992618
0.0444682842674
0.841431603685
0.362164611534
0.262098163724
0.818828000625
0.77477923804
0.799304069423
0.334998856645
0.598855056365
0.391793454085
0.110592325103
0.963830225444
0.305922680458
0.967607880461
0.94664989588
0.263867464347
0.91112844004
0.556343798619
0.463697144558
0.0586823635462
0.0743692544161
0.863901299804
0.0361664357868
0.0373797642652
0.732999495338
0.621592013363
0.228642704499
0.337391913657
0.256852360832
0.404424245774
0.119764116538
0.0870158931521
0.801335766726
0.468123238362
0.615447882106
0.127110926758
0.369743436066
0.319058740689
0.823461212282
0.916407013558
0.211052186799
0.230456398563
0.879874133072
0.0626169635278
0.372329314054
0.461665117385
0.967123323741
0.926115679398
0.841534086217
0.432653144726
0.63508418091
0.882534659108
0.0560743211104
0.587839598877
0.215682573377
0.964553276813
0.239405494219
0.0704950011598
0.333151507724
0.032662647756
0.77087982609
0.915653191471
0.0388231755958
0.110657372848
0.293959799431
0.476667730448
0.991033626932
0.146358644307
0.59241838829
0.95364103876
0.981570795949
0.935811479873
0.158278978055
0.019608888015
0.769734180333
0.272365504649
0.133481793394
0.925896374408
0.0650107895563
0.969584383977
0.0984528404077
0.622337035082
0.319274344045
0.597791354523
0.0929502113799
0.939255859902
0.957269286591
0.697416285829
0.166909058358
0.0670443494055
0.26659939409
0.0934979323864
0.954729132545
0.311738775578
0.0457950497953
0.0221453037403
0.894848831555
0.719831897504
0.280086122295
0.784445070179
0.839063321849
0.738192117792
0.191368779401
0.414458056211
0.826021387015
0.263337080444
0.935071425324
0.970674578447
0.943086089457
0.640774243832
0.0650850650195
0.928385415113
0.127544376876
0.21659540281
0.144754578544
0.651233678121
0.296953269084
0.228944609966
0.766060032558
0.0452099100705
0.0553825139381
0.898086897257
0.845865333072
0.74475189625
0.662027077317
0.167437544631
0.670425134332
0.131147660362
0.731561310623
0.482282123672
0.947291451628
0.626018497668
0.623725779767
0.808161496045
0.0278982604952
0.19619613804
0.0693345845642
0.461615869213
0.547599242721
0.905266929754
0.0447056886736
0.899837956918
0.0343224187116
0.0232455792232
0.952952436408
0.318950069712
0.167563317969
0.643491118126
0.119604017299
0.908000635412
0.143240643631
0.820748247311
0.895463255267
0.833596316132
0.800422957995
0.611301568304
0.190019193351
0.0659666580981
0.555205319276
0.145400003763
0.00535075875169
0.526530997885
0.0659611770375
0.911579285682
0.0104342315969
0.375089540336
0.904224883935
0.555384286804
0.801130638714
0.0512542010936
0.701809133132
0.889847258674
0.785398204189
0.00172420597472
0.937492855422
0.976877346283
0.930452957313
0.714103322338
0.791846910089
0.442318096218
0.370723960913
0.167356298798
0.153971109514
0.496324237818
0.757189875169
0.298600342767
0.968896938964
0.287783798211
0.880976122996
0.837606899483
0.138801013361
0.991693955949
0.0524615267387
0.153696188796
0.705104007497
0.972866237878
0.47023638105
0.879287872604
0.110447681628
0.510560468307
0.0729008522763
0.0837381311278
0.264197905039
0.598823112194
0.475508377418
0.877254082106
0.749006231368
0.0371459782923
0.098294614823
0.890042522606
0.0624283392701
0.971167598597
0.567312886328
0.766683530964
0.0541369078718
0.833620434641
0.665882157034
0.597474446296
0.113623955562
0.939591456122
0.858951089211
0.176810110056
0.623450926066
0.0705582314413
0.912820073025
0.201778674422
0.333534460774
0.528847481657
0.154407614437
0.864959718284
0.408217014976
0.556786281843
0.113011497259
0.527404493733
0.168606044025
0.0294351874171
0.554780412987
0.0518719842787
0.077403607351
0.578836141406
0.134019199197
0.965605286638
0.0830066034093
0.888150374157
0.0478903436167
0.511001214162
0.619075028902
0.168564050014
0.927681865989
0.0149399315217
0.774721454319
0.390351717647
0.469283214665
0.203276499479
0.301555065573
0.499135408522
0.918814642179
0.168000580399
0.867208778249
0.06218420324
0.393788799992
0.631749317595
0.579161515101
0.380840833235
0.878201105488
0.0450591923202
0.71149372741
0.31946632078
0.179388474134
0.0745581594971
0.223525006336
0.937388690518
0.677625507491
0.187661605367
0.700783776507
0.0709397587756
0.943564734884
0.991033626932
0.533941409558
0.414109530557
0.195087006944
0.887194506416
0.649921483781
0.716956875294
0.193468953315
0.544652784866
0.267878716146
0.628000797324
0.942782075659
0.667490330917
0.903578527979
0.165591947338
0.640997297333
0.247224634037
0.13787824499
0.244311340447
0.281100566516
0.338346208738
0.799674519801
0.763780917261
0.912866099788
0.593412272444
0.489193507255
0.545472197702
0.0846943651406
0.0488442389651
0.179837487176
0.260136388717
0.0742864183905
0.277777303524
0.65295019855
0.55954112143
0.199247437006
0.372341252435
0.0481396449727
0.425560133197
0.449974543049
0.954573618531
0.190191380012
0.967871950394
0.125358950287
0.967385254488
0.941715914175
0.325361972636
0.10921440424
0.800387706085
0.264626549613
0.841902137351
0.527521158987
0.896132805365
0.525132266324
0.862318566079
0.893111621065
0.262022089027
0.697760160297
0.873886075029
0.874832584301
0.144844539256
0.720086854546
0.448522861396
0.980391587116
0.56040906979
0.965667726934
0.385451089212
0.106790134698
0.4951308214
0.134900603155
0.957302034289
0.429675280562
0.461696447457
0.31201003751
0.854914969693
0.882862191996
0.43177720407
0.899642450146
0.616861710022
0.0640287670797
0.528028293028
0.0984111012135
0.0369661124918
0.903704617693
0.926529334346
0.953152976207
0.110871574603
0.715472504621
0.320882096587
0.324099623717
0.471613957701
0.894498137697
0.106052304937
0.158695095028
0.0673798599702
0.020462040038
0.915407470558
0.953284813637
0.122177125231
0.0447782348867
0.214403536563
0.893638689924
0.169436257337
0.954055396428
0.0112214485471
0.878157731775
0.866439978446
0.145692372592
0.0681891534096
0.89537130939
0.0756756607
0.722230240458
0.96322381332
0.470489282422
0.676764164604
0.970918918038
0.916814519817
0.877970332121
0.390160837811
0.181333273346
0.891476284429
0.645522788941
0.891002940111
0.261891567416
0.365733712754
0.703090423509
0.0143750859376
0.264781157344
0.0812000551563
0.937377730702
0.920659825419
0.550238898894
0.176552950702
0.146341976588
0.62830035659
0.0595393889748
0.692876260206
0.0287535850587
0.929852427542
0.693339398157
0.0673373439303
0.45396181479
0.363673239207
0.970860378761
0.332440608337
0.879398116305
0.560137110045
0.742958954899
0.17531066988
0.587514826046
0.821281369842
0.542083815431
0.0300382163072
0.96629750953
0.752257249464
0.0773719370538
0.518272964598
0.352583821614
0.0775311906174
0.191154997901
0.819233905355
0.533519142864
0.704000777725
0.954645792901
0.403568361207
0.567772794607
0.204774345849
0.817006809113
0.644872728961
0.11083157462
0.222882897969
0.634210148128
0.110930442
0.597032102622
0.626561072675
0.9098373094
0.717934391149
0.637027950684
0.162965150643
0.403625504269
0.26608266589
0.371371689668
0.470310372944
0.0741925456502
0.518208706472
0.164156858001
0.904745324832
0.170517690371
0.295076854933
0.952356542461
0.267418836326
0.719088266587
0.300069366805
0.676272649192
0.939309422325
0.785815132911
0.957129850911
0.0519233037162
0.704046250515
0.976545537868
0.780000428772
0.974523475109
0.534352366652
0.888379824707
0.380605597436
0.267009496526
0.355536693515
0.913945108398
0.143684128979
0.0382751040834
0.264513129177
0.502498780986
0.956371241415
0.0240881791723
0.967682949205
0.933605327671
0.260283402962
0.109035981923
0.261891567416
0.576077902269
0.220546422161
0.0399480193625
0.296213775102
0.738721944387
0.872309894137
0.0401653099753
0.883038196943
0.485839947174
0.885020241461
0.108892815171
0.868379278735
0.0849418873789
0.952279355682
0.379810256674
0.668967490916
0.303926180951
0.601930880326
0.975799312385
0.959634759954
0.402791267042
0.0766523110086
0.580074250504
0.95151830282
0.523862823505
0.898434007772
0.943824017887
0.0790812314188
0.875434700076
0.944954463652
0.265363712145
0.362161866803
0.0704583265388
0.11218366289
0.685790743725
0.615653056646
0.681560443675
0.950125817518
0.820841453549
0.979086471452
0.414038575778
0.75174384175
0.947432869229
0.968205726912
0.42928788421
0.965907439104
0.419936290093
0.296546224698
0.455145906479
0.987668673625
0.247575842649
0.455145906479
0.0745350096944
0.699711170986
0.269423052917
0.12526112245
0.533280904299
0.35114384671
0.143838152012
0.798645276731
0.665882566015
0.577247692819
0.930265619761
0.948883714432
0.227603309314
0.0537301741812
0.010865044997
0.898383015729
0.480346856882
0.0276148412565
0.463107017577
0.749480320136
0.0447908225395
0.048839547577
0.0740133982129
0.80226857513
0.94208718179
0.9613888876
0.363338532037
0.949339055052
0.218592638806
0.941869574619
0.336881736153
0.770005951675
0.377246212668
0.384597395936
0.199655771619
0.870404941941
0.603677655219
0.461274801264
0.358460407187
0.913568423616
0.789600546779
0.649002264367
0.206869007666
0.887446254329
0.926818558484
0.192654467652
0.108171650531
0.964477170205
0.497413313658
0.370134619101
0.683288656295
0.025207441497
0.753202478731
0.621904014699
0.273193477883
0.773036441422
0.63038657021
0.926221524324
0.526075622813
0.929494794831
0.922457339014
0.398314795193
0.576117385535
0.96583974813
0.174662014236
0.917848317936
0.26471472356
0.79947257415
0.202224886355
0.783104191695
0.736610575553
0.0904128959714
0.378899560741
0.224521796824
0.396430329811
0.574069693484
0.256176470788
0.472508434125
0.506993398471
0.0195060030062
0.970691211534
0.252845360001
0.15269634362
0.55673860025
0.195730224237
0.871488383604
0.965623290417
0.733112037593
0.9153008889
0.483290722316
0.0203790679751
0.223419955858
0.0721640618695
0.964609889318
0.456576397926
0.719203668942
0.562299878348
0.0849326694646
0.888638247531
0.829902800913
0.593456651321
0.881338638466
0.0381327840508
0.878435840241
0.210546914206
0.833596316132
0.480612385204
0.472351416879
0.975995177804
0.377383572303
0.159819437671
0.372081482818
0.94952044278
0.576875321717
0.328082260732
0.322721638821
0.961141630623
0.820966361081
0.966042830308
0.0369539842785
0.675366269348
0.0566144630158
0.39444234364
0.214719243793
0.681814119782
0.444625402747
0.0796754290143
0.553462340768
0.312755284038
0.123930760289
0.0236312703148
0.969110578759
0.668579724697
0.533982109202
0.00788071723174
0.82571382013
0.867847208744
0.944183375014
0.946948741314
0.780657736779
0.358765237351
0.932616457162
0.217953611995
0.703983159215
0.0501078947186
0.720480300708
0.0683952293391
0.940673303726
0.298319389446
0.382927871736
0.961826277899
0.11634954436
0.041524483462
0.865713723605
0.941743486921
0.309156402259
0.901754292254
0.859058445617
0.843874949148
0.0729774316501
0.496024537464
0.344914813036
0.792639402943
0.223978219518
0.606366391604
0.602890021978
0.365772277329
0.670162439153
0.675864042239
0.733316386469
0.22731368116
0.0605778920087
0.951698889938
0.526072459557
0.781779948685
0.868068229836
0.500262943478
0.63410434342
0.782088150211
0.872729072415
0.0723767156542
0.947951153706
0.929156894454
0.930452957313
0.855664898038
0.982169889767
0.603138573052
0.156911502506
0.122064773552
0.0610119436154
0.977740646455
0.558460031633
0.411079232529
0.244095667083
0.118184344603
0.133686141993
0.132135550821
0.0716110069424
0.1770647812
0.94030002051
0.0333934684008
0.210563150498
0.428843898956
0.546216018113
0.212312856608
0.585856722389
0.245606803588
0.203558474878
0.182772892278
0.964727602342
0.0233047492343
0.0556596585176
0.376641486041
0.508953517013
0.0831059140329
0.0424759931402
0.814627784572
0.376072820212
0.666884952921
0.785687022418
0.935670900365
0.00700925601186
0.576496629563
0.270401650526
0.797075297787
0.0504731907036
0.613166485936
0.335816230915
0.330390621834
0.972618160841
0.0469128767887
0.405416463506
0.521437018164
0.0929426164252
0.245785761005
0.288103106916
0.817987786167
0.531093697743
0.271907187347
0.306708157647
0.243413573691
0.917199440363
0.683972996851
0.0663135365657
0.482493645703
0.89317348703
0.880972833464
0.219737325111
0.0965588309479
0.427232474465
0.803874301134
0.031308826926
0.227793711902
0.923184167442
0.555330255948
0.259769156692
0.122517036473
0.801123694005
0.93740567049
0.768242509546
0.837845613887
0.15589933292
0.187198918471
0.284622497044
0.468458346858
0.150877165398
0.415325366615
0.910234157402
0.650098974888
0.399255184943
0.386099878832
0.471169964092
0.741183181701
0.776299035866
0.0475006164614
0.447927256141
0.95423950762
0.37386774951
0.515852026334
0.150504318518
0.703644870612
0.614478645133
0.249805019612
0.578856664292
0.646278975668
0.415442969029
0.0328298084404
0.234566050471
0.654444438713
0.946387718398
0.923476431305
0.0419350499687
0.913077087167
0.336950296192
0.80885743324
0.634876602143
0.68446476224
0.625786484066
0.951423477056
0.619432503503
0.78975273256
0.974513482998
0.890301517409
0.0966264574698
0.546922372805
0.223304790969
0.783649578699
0.188911268376
0.0366841211129
0.0787827378702
0.75617491553
0.116335221551
0.875471637359
0.732075627619
0.964553276813
0.511876495756
0.943896770866
0.0214009955976
0.157914674233
0.845687007059
0.647375786032
0.228885425994
0.184348675287
0.584214434431
0.541062040803
0.768896439894
0.706278958248
0.0999242518615
0.0446548394319
0.179908100562
0.821376480235
0.169389895732
0.0622202309617
0.155444805611
0.235870233566
0.160102593129
0.401173777262
0.0228891657796
0.0158353939545
0.970134823638
0.866511542978
0.322357921299
0.325147727998
0.932774751025
0.116993427045
0.0529535682749
0.0154318795232
0.258618994621
0.0265373889276
0.401409251792
0.554549519743
0.941946152254
0.274015496198
0.788391318218
0.597945070809
0.81761055839
0.00860239784284
0.724577436564
0.851966677595
0.849646316391
0.757372342511
0.667946883756
0.105331060174
0.0843825951634
0.432893944686
0.089738792697
0.891748213955
0.935237116534
0.723559930563
0.124416387425
0.610511980686
0.245961582829
0.14554985558
0.40849016323
0.521437018164
0.834716303076
0.320752934421
0.95928976906
0.513996704624
0.149486592892
0.0388197396867
0.196401301217
0.28079711089
0.608315578691
0.931209513632
0.455942583594
0.760257030701
0.0125735007284
0.83797973392
0.269423371471
0.238752932554
0.0259728520869
0.0655693281384
0.727580912915
0.538176692477
0.338605021619
0.0755861391944
0.089742563162
0.075737239046
0.963667524612
0.373164520486
0.0858163962361
0.52095388972
0.0109899696322
0.944853598575
0.0589237474064
0.673128585985
0.843583393717
0.135612804686
0.822576829726
0.922613624971
0.960916993457
0.562661538636
0.611037363399
0.894176725513
0.71574618849
0.36453363534
0.403587273872
0.118959099073
0.104809555317
0.490731013167
0.165132985489
0.416860518717
0.909626086739
0.292365205593
0.806608982208
0.898454586953
0.152877258671
0.109572428704
0.906471783209
0.0148945411424
0.741604018401
0.218407579282
0.535972611057
0.976877346283
0.906933673492
0.954127076742
0.614584865306
0.397610529655
0.896513651107
0.667788228218
0.380623927541
0.509335757923
0.630948379193
0.699496369496
0.610762649763
0.478865635454
0.0719893215499
0.923352968339
0.0250844803526
0.845198155575
0.748150646522
0.965319426507
0.505804632707
0.526903065624
0.0131380773284
0.962017336945
0.761592163459
0.782829468487
0.169827071022
0.0290871288876
0.630776207304
0.0291475987302
0.654674318546
0.0581363869425
0.851313709175
0.0115586266398
0.0661370959553
0.155285836627
0.355385709435
0.80804969796
0.0302078194551
0.17531066988
0.121959574016
0.614071399847
0.604099120146
0.957129850911
0.709498145112
0.967670353611
0.750023556066
0.304653509944
0.0813362342885
0.0404519720805
0.392606045242
0.584269069291
0.0865611669036
0.662638798611
0.333134077451
0.790295071243
0.657868127753
0.49365238897
0.502129956755
0.640919669646
0.901129046139
0.955772185082
0.120817139179
0.26186291061
0.665317682502
0.455944577887
0.627717490399
0.23613573742
0.850523005689
0.855000916598
0.542620081331
0.347589566842
0.846649928618
0.49221213009
0.567105723241
0.122614661533
0.921398461954
0.522718650775
0.324075061518
0.80409903347
0.844941406988
0.547094682604
0.128315184085
0.614444000068
0.170676938988
0.964154201217
0.347594732892
0.777101273232
0.41369299818
0.709004781068
0.849301431126
0.15653271284
0.187142120657
0.029344998537
0.894514934168
0.681560443675
0.725308726888
0.684732038205
0.705894157845
0.179993593526
0.747263772256
0.0651410974109
0.224173510749
0.957985543392
0.925001275839
0.835269590693
0.778629786397
0.928258563179
0.655242152616
0.784024453205
0.782677640356
0.17853362823
0.827436866476
0.814237728343
0.305926492609
0.35518241601
0.68258013071
0.881942277014
0.281113216585
0.877243584988
0.140429598469
0.451164153042
0.811897066377
0.932431792832
0.898085151029
0.298658277578
0.656303118992
0.0649262348745
0.296645214604
0.476813889833
0.0881862781912
0.510273729411
0.705104007497
0.542961279613
0.929736618094
0.694921074619
0.176411300199
0.627966361011
0.16908657418
0.542090455897
0.777183049981
0.668967490916
0.503868471149
0.86630813412
0.506993398471
0.0100831078171
0.166086996752
0.833508030257
0.88846995579
0.0604872580163
0.378248993882
0.988279760969
0.870039451283
0.494218523866
0.910535994674
0.784639331175
0.904720340093
0.478080101586
0.83566663404
0.854762344704
0.380501262838
0.0934851002114
0.962936046924
0.773928687016
0.192606967258
0.959316760038
0.76066953115
0.807414037255
0.987903602971
0.206376488404
0.890086624039
0.305784434041
0.881151805479
0.91344894856
0.0597003248093
0.965103934793
0.135434515679
0.244964813507
0.85774757082
0.934710627943
0.953276934001
0.815087498689
0.906822958702
0.0293496561569
0.981408726345
0.323139527363
0.0586193348065
0.627384145147
0.773663333042
0.149405389788
0.241157921159
0.624888618113
0.869316914847
0.0704134273641
0.950430943495
0.0430303017102
0.504332536731
0.897322506869
0.953606253532
0.682852835028
0.952315578601
0.0214447839852
0.14746645209
0.358184498086
0.0662539753455
0.0592588133112
0.525987003011
0.103588211537
0.171854334666
0.891732558268
0.442956511225
0.412399105056
0.631187423627
0.38119385514
0.933963913018
0.621213756219
0.932280106114
0.181940730338
0.772272044912
0.935089818753
0.43547902224
0.56589814642
0.235379422611
0.625323391238
0.735863369131
0.645009987143
0.846777529264
0.580246836315
0.267981785061
0.946963939858
0.238464235356
0.668859816091
0.564306607809
0.011022695973
0.741466808887
0.537892588153
0.0589237474064
0.728035489571
0.0154186979181
0.0908289503232
0.939289547142
0.961334957999
0.190470697752
0.0125187830098
0.0344078634368
0.151935735746
0.820119539544
0.358001536571
0.479675323494
0.683185719364
0.354216907792
0.827341452398
0.972269450828
0.472827887417
0.849696642385
0.0295214446732
0.794909914835
0.861630610735
0.0229421079913
0.0778605173715
0.766543404804
0.985286120598
0.415135019075
0.0349578948587
0.200636293126
0.599422981632
0.0284081619682
0.170473431637
0.923674298635
0.721627951949
0.0175700288702
0.79669447502
0.553384686434
0.168146345098
0.567888367447
0.110572649481
0.697728875275
0.0524556555897
0.121742404119
0.946963939858
0.0814232184997
0.219969366992
0.110894635287
0.87879077467
0.475094765097
0.828186081922
0.113211625984
0.0239171415806
0.992594514926
0.0147764011883
0.81808963085
0.510514578861
0.582106343637
0.731561310623
0.730753455781
0.632175354196
0.742987693471
0.750908015036
0.965319426507
0.942622088494
0.449520449101
0.894755886252
0.973753317822
0.887244035071
0.167487659199
0.552102423412
0.989003886993
0.763167631652
0.915371715688
0.481455678461
0.73429324697
0.0926132312853
0.798660302424
0.0394473579154
0.959829561769
0.0516241280739
0.141947368106
0.831318220531
0.395066548125
0.738512314401
0.0682929506668
0.0228867525897
0.962301786868
0.152754798639
0.589315010571
0.563515734203
0.74885830034
0.312160272196
0.449048018258
0.158959433624
0.108675185813
0.927314659948
0.839247714463
0.0932106997913
0.0119615109164
0.964972770996
0.974857264719
0.728035489571
0.67215673561
0.121396309856
0.232064902538
0.0497556388871
0.570555986734
0.838472758374
0.192410242749
0.677431378621
0.525922660812
0.326179858986
0.56832108042
0.621225290495
0.965093579873
0.362227360112
0.305247098174
0.881453955802
0.677099348564
0.0447889992324
0.919426847092
0.069481730337
0.556343798619
0.885346171738
0.100663314416
0.748710543034
0.056925057475
0.88951857128
0.0876780489279
0.568260933568
0.919182051692
0.140450124945
0.788936973072
0.123874513488
0.954226454564
0.539995003097
0.681835123973
0.444795077172
0.111239173325
0.0258356206538
0.0297712266418
0.71581435814
0.0204733417113
0.925638296289
0.37360479523
0.0129459336901
0.0738215774835
0.86164384846
0.306807072227
0.416900672885
0.293280304892
0.599770151708
0.680697293598
0.530073572835
0.371040899012