0.184465123918
0.809369753457
0.0490450298385
0.136759489297
0.603904271823
0.207874655644
0.65785509399
0.97870007144
0.015948113347
0.916781131539
0.237426024789
0.932597857785
0.703689983965
0.411069961062
0.938378067008
0.883829463787
0.983246629441
0.432658640248
0.901909762263
0.5591361095
0.803118051708
0.0444411278079
0.80728948515
0.718798775379
0.0639396920163
0.0214851530368
0.0830981242355
0.404354388005
0.0514123035868
0.638339568589
0.04709108585
0.962633796215
0.804901080532
0.822477932741
0.776238335163
0.571386445934
0.558642651963
0.484274149444
0.742801227589
0.771490849432
0.614666783023
0.0866264981575
0.140866646498
0.990634585169
0.0704004043898
0.561372470791
0.691007641826
0.0329639682138
0.0836476047392
0.509647629429
0.0737690195881
0.0892045179306
0.0620073939283
0.463295901286
0.968336293769
0.121000411014
0.134351271349
0.543371154696
0.0316719936885
0.989513193408
0.237653218029
0.515817366949
0.0739023123442
0.566544291533
0.766084199416
0.0586137009019
0.407492381476
0.301041320386
0.376853755106
0.363499402682
0.904599842243
0.231753215144
0.284146295924
0.851613425837
0.77665110622
0.896624213209
0.261174391751
0.55844004707
0.326781116735
0.00388916381405
0.333970308173
0.0297952710556
0.157406534599
0.684854406885
0.48023914912
0.317191037427
0.575121580551
0.286111352471
0.864474201895
0.712016271769
0.196811532422
0.0176418190978
0.925631571508
0.934217087683
0.205175812129
0.128029549253
0.943602515881
0.590327234844
0.675546998764
0.613866663905
0.368127433656
0.962216337809
0.946785553929
0.5539892898
0.432836437478
0.428142164874
0.24672563511
0.758324251632
0.20595416919
0.844390968748
0.329290716663
0.172682025264
0.912492970732
0.299318039094
0.980085217729
0.865748748499
0.760864613382
0.973255475196
0.895379536557
0.902619271892
0.910803166915
0.935190037841
0.0179434897103
0.845861543343
0.828140507574
0.94892207634
0.784413642653
0.0205915259193
0.674311258802
0.915580934512
0.64838705738
0.142385059367
0.0343162292692
0.9184936402
0.0659577837438
0.687010189823
0.973346806451
0.262545478758
0.805364561253
0.106978621519
0.976379484591
0.942759759777
0.688783298644
0.951715425386
0.267502878001
0.00608064193662
0.0993217052194
0.0120252673587
0.262217645987
0.914086033183
0.203394679051
0.0864089430363
0.981077210171
0.947523451991
0.411134381369
0.0530091955343
0.780772920406
0.993172360266
0.65947885144
0.415710602133
0.838838401559
0.375736637607
0.738063242586
0.562836452062
0.68744018879
0.54073425245
0.957945325238
0.961802967754
0.194254864247
0.0676189780544
0.620665714938
0.38102485387
0.0825152662719
0.789245737109
0.346087651206
0.0630619264894
0.470700687081
0.987873787028
0.510803691928
0.966081357051
0.828465873209
0.272249515336
0.857845325535
0.375229580319
0.360994256681
0.822657652591
0.354790063835
0.068280515529
0.407186018375
0.96208979364
0.858253821522
0.760671837767
0.0104541963757
0.764656674827
0.902305691704
0.965763551707
0.41438402573
0.983128928522
0.940879999283
0.693986623039
0.586192512031
0.955105662932
0.288148885676
0.172868724167
0.97959306174
0.0521509421417
0.0739167654048
0.946718190184
0.00257046739185
0.0292022799
0.986704434541
0.698943361448
0.687801757976
0.863542621547
0.974597960097
0.326781116735
0.785383376315
0.961601356756
0.958933029056
0.0290361722656
0.772667221897
0.933502691794
0.632962005869
0.0604703867819
0.398771294738
0.438289370397
0.983506093029
0.00438967320343
0.863895839881
0.491001163413
0.0075561627042
0.0995276313543
0.0782048338048
0.907238030491
0.678876732446
0.609273889231
0.0282376726351
0.476183443988
0.30134260485
0.756137290832
0.9831810244
0.324995816931
0.442689408747
0.914398157872
0.0105938313257
0.636864346054
0.00702946299401
0.962003369964
0.975484670052
0.368042295166
0.982125889846
0.981195263239
0.457680099791
0.542643115294
0.0286444173537
0.0349827812728
0.246981778945
0.149225934883
0.617114910106
0.867414865278
0.0439231990444
0.985606468593
0.732039781342
0.951175210919
0.905177107146
0.149281712996
0.823695049317
0.29356629617
0.72900605737
0.83286753815
0.852367144905
0.974036427439
0.625999263204
0.0632609783315
0.910953515757
0.24200038082
0.969954243842
0.900296840765
0.685407680841
0.320216771568
0.123822011077
0.81854316444
0.92414136532
0.872974372814
0.586591309086
0.623428701754
0.694929259286
0.959239584135
0.78932488492
0.0993804395677
0.929757998328
0.879763822461
0.84026002233
0.0438853616067
0.977602486532
0.400083747407
0.935346293573
0.96992402094
0.95693882634
0.812960868506
0.007188306027
0.48023914912
0.626838506893
0.155391556736
0.937673095662
0.109634962625
0.00484666269453
0.56523308046
0.82886250763
0.0519975040656
0.316186714237
0.104408021195
0.30885573756
0.696852629479
0.798714288305
0.815779792346
0.974171154536
0.0692066906224
0.475643073662
0.658319945062
0.367682774533
0.713021004053
0.0141821300346
0.943223324002
0.97646339704
0.0199901543111
0.180346190363
0.571427232741
0.961053615112
0.407492381476
0.189087218798
0.0704004043898
0.929642587401
0.0201948654932
0.762055565882
0.914871114237
0.639998452094
0.61056028329
0.729354348497
0.832536237003
0.983201240981
0.917155570208
0.936721194335
0.0202270887475
0.354573429921
0.0930739068127
0.937470603497
0.405391875854
0.343601002567
0.0265603167634
0.782944416078
0.40155394854
0.747404859733
0.00875644395545
0.487081470946
0.87670753781
0.840993201435
0.731842801956
0.0848620230894
0.9879132095
0.359888977784
0.84725765989
0.824970334333
0.0528645795795
0.872048723086
0.0212515372339
0.0285677363746
0.460958251107
0.894926173723
0.960320799595
0.169052126829
0.110698648871
0.665143628613
0.364221641274
0.586981380791
0.95028649402
0.834335574275
0.599436583636
0.0977238049521
0.580882483258
0.0288266729656
0.651541315101
0.951335939666
0.330572288387
0.0360285370993
0.441116206659
0.233056248725
0.414624679738
0.69673663195
0.948500472648
0.850033390183
0.124045644355
0.0696248124804
0.0515314508875
0.284257165057
0.384134966936
0.312752321824
0.344353463033
0.689413414407
0.00771326400845
0.760149345948
0.541675131283
0.07463421644
0.0690911142304
0.759328739389
0.986070777975
0.52635476824
0.970252924456
0.544812830932
0.0117253961635
0.0168653967115
0.616275548813
0.803172642363
0.786344618002
0.56336628336
0.0166800440321
0.533135938528
0.017641232118
0.944409495861
0.941027361661
0.0913207692502
0.266564014255
0.8945503456
0.109261036303
0.00326030604092
0.0791254824181
0.193518632724
0.527208544615
0.826906044041
0.765200742227
0.027750902635
0.15893438008
0.83778573198
0.0742239708544
0.531915964302
0.96010459945
0.675629195771
0.598788404088
0.167477487335
0.837668220528
0.521341647589
0.628605990685
0.0673687538556
0.409498526323
0.723082920762
0.928661885934
0.0729165930701
0.450638196324
0.240431467999
0.402781824931
0.42462480254
0.747120538494
0.912288991468
0.710572748312
0.884668128038
0.0675261156779
0.0957663118619
0.230192529949
0.0367266294167
0.214009930062
0.632473164944
0.90613292058
0.116674618557
0.226349524081
0.00508499332277
0.0379177576027
0.132479470383
0.618790360894
0.912019963446
0.937604221861
0.773542065788
0.922344346285
0.888903564296
0.0789626450482
0.336695907336
0.0142697281413
0.738150424622
0.893576707376
0.792653496105
0.935346293573
0.851195320997
0.988739625595
0.0730159882595
0.956203306899
0.585920267972
0.0401919438659
0.0281315063388
0.232483970048
0.93932396665
0.69259939905
0.0683553415226
0.018501283545
0.98178076037
0.384553008991
0.909864691113
0.891854111968
0.655979101169
0.742068858118
0.779352270967
0.708887849582
0.579804269368
0.24807013604
0.429386283024
0.912013179074
0.978185932486
0.581375057751
0.077636010884
0.962474425305
0.019050597056
0.0165210368411
0.305877148796
0.148886306976
0.0716303080936
0.242015140703
0.0227810490976
0.0142669866506
0.00552347054033
0.91788015454
0.984404677026
0.505476710852
0.711274597617
0.375967483946
0.809794079068
0.931646149612
0.468225444701
0.632347154011
0.708578899474
0.827905761376
0.847649408148
0.0769028506372
0.974704037089
0.825521024789
0.700708934804
0.71212573629
0.0209309790769
0.971176205832
0.851330390993
0.242870730107
0.118877185741
0.0386196487761
0.124192902262
0.88888238596
0.268581549015
0.924493674335
0.784355787868
0.13101080635
0.46672867179
0.0673994518983
0.904789908904
0.00371337712256
0.274605995068
0.0286453862028
0.405610744971
0.76070759634
0.966192388682
0.0105938313257
0.872374564686
0.930478458396
0.952961443556
0.264744247425
0.934688306304
0.270595903172
0.776887103879
0.518623123847
0.84026002233
0.0802227926232
0.887992923544
0.307500630207
0.00685079714935
0.417169833474
0.95498211557
0.33222921811
0.948707632802
0.0640127510648
0.98401019076
0.0255539927591
0.00431974570145
0.636866666174
0.00345400846049
0.934950685946
0.961612919778
0.945328714377
0.0693959985868
0.289426697214
0.221144321651
0.877276184426
0.621930164503
0.0213621001638
0.0404659200734
0.363744199991
0.618993442147
0.563632276317
0.213056400725
0.73485190932
0.864935683412
0.203795372331
0.523436850207
0.931097961393
0.0514344215195
0.599474123651
0.705013661895
0.872687452357
0.277872584957
0.950565882236
0.0212061068406
0.28209631419
0.403587736587
0.0846235220384
0.0389611181266
0.750722730915
0.83760792377
0.0165425808619
0.412925577462
0.143306935153
0.455789821995
0.72135491949
0.0418779784512
0.0125363306001
0.488038886781
0.919146390343
0.946718190184
0.038329974647
0.933314039267
0.84796413386
0.00503054069078
0.565168805665
0.991517646974
0.324144948737
0.163591051308
0.943194054703
0.699921898697
0.981902694668
0.0771787664806
0.153827008501
0.510385390175
0.698885714307
0.0950370479573
0.630445305106
0.99069113305
0.0204834160438
0.872778499698
0.864402575884
0.0698395017401
0.316792318854
0.967566016494
0.874448341675
0.607393620207
0.403683293829
0.886275104713
0.785078171985
0.933307619445
0.353692964982
0.477617567796
0.119453641105
0.0499120740587
0.918030301372
0.51619352531
0.277287639384
0.00188726173472
0.826720360129
0.136705638648
0.40952315016
0.947269748013
0.61545407935
0.435446798302
0.0124836180103
0.118488463841
0.538797470913
0.614290365056
0.992782477621
0.883291149873
0.00585078348611
0.131259231895
0.554429516089
0.461727059319
0.0206818067861
0.396620254765
0.00890455412905
0.288191763276
0.967281029617
0.507137805903
0.369468217593
0.673256485859
0.694663621593
0.96185813239
0.0430694014501
0.435468812811
0.155091089934
0.442693407773
0.555911066127
0.99277166398
0.0258987063391
0.860167041988
0.723341261148
0.571598467337
0.75220674624
0.912627706692
0.939607057527
0.0590253970902
0.977339749838
0.567642163576
0.119374693918
0.433744573718
0.389081795818
0.761026917976
0.097421218921
0.0987646850327
0.177022784495
0.960986138331
0.842604261974
0.346747414909
0.0132225470781
0.461064624499
0.759285261617
0.0687018444172
0.300053107559
0.975795405319
0.976861870663
0.0176587043376
0.5082350213
0.7741007905
0.242456070769
0.365343643231
0.0379921408694
0.535613606761
0.980695999924
0.130303116027
0.342776721452
0.363897079099
0.412695254183
0.644452947741
0.564693172586
0.789633948986
0.935925677891
0.641809322001
0.880274256548
0.303866452271
0.0620350962446
0.047253979125
0.0592073564947
0.847056978652
0.969421323399
0.104113029367
0.96807040649
0.599345608797
0.971964521433
0.316307758998
0.0760689049022
0.907823999552
0.609033052104
0.190152266238
0.610769337718
0.0121499597676
0.322916847271
0.249771290927
0.883142240974
0.445629093595
0.19716618249
0.745944615478
0.935229299734
0.724782326999
0.659208294957
0.543007475651
0.195339456493
0.0667657553282
0.456619954401
0.213964453053
0.216316821096
0.91161705816
0.935818390896
0.459315169446
0.0971505216237
0.077204221092
0.35100293829
0.0485374938847
0.663584945086
0.123281477827
0.980060383375
0.0288079015493
0.088438644431
0.965980999463
0.980391570914
0.533277126795
0.471411732523
0.490354347281
0.810647944547
0.389157367059
0.0776718339851
0.348789339567
0.88401760191
0.738466648736
0.703676439441
0.0838949180864
0.29206447293
0.889908510217
0.985346393946
0.242936642115
0.0453152654907
0.0261281580311
0.0493098001005
0.923790134423
0.781381888625
0.0331944587572
0.622352544532
0.481622427099
0.34153831922
0.325658101429
0.895925836292
0.606509785755
0.501826666486
0.491119812902
0.85673311489
0.624414571676
0.905624552844
0.955199358648
0.251189875193
0.885817159416
0.957450386338
0.0700154895031
0.277719936645
0.243749842669
0.307499870917
0.942082243865
0.0287597245625
0.332954421556
0.00835405256229
0.67414155431
0.832813362476
0.277287639384
0.810422683284
0.0652839814468
0.897791593468
0.984739844569
0.969559208562
0.200391738956
0.72675402328
0.93436838407
0.877612192423
0.0143785377551
0.40365305217
0.338577102947
0.178056867844
0.0264859000367
0.27459051342
0.967091132799
0.974251277284
0.552673344086
0.00678198427449
0.567375052701
0.587111726083
0.730249443269
0.964139245719
0.954920762758
0.972208873921
0.262472218364
0.765292921027
0.906997641265
0.912120990328
0.877634226448
0.737249531915
0.883761129536
0.449895419081
0.144811552285
0.00910305875381
0.737258732516
0.0239161179055
0.602856370398
0.957881661808
0.920299744062
0.386329389378
0.940909789869
0.00837381483766
0.540909329905
0.964628719587
0.0231925084241
0.988810070258
0.988126088256
0.0774934296437
0.931093168433
0.706819829116
0.819594163589
0.757727367495
0.981482959703
0.170052617569
0.990295276226
0.180428183287
0.230920978567
0.224705978128
0.918013076446
0.108811851942
0.867079251904
0.488296869454
0.865310972182
0.0308748521779
0.833648411027
0.267587174125
0.177806024953
0.0184669531415
0.0477415767848
0.0324804488916
0.340034072479
0.892158156676
0.921498337537
0.656046182969
0.348660971263
0.644263161191
0.553212274141
0.171988182064
0.538166123451
0.978787509381
0.643838993769
0.737880400784
0.767180691767
0.0179773573582
0.0481083474678
0.198984641135
0.261964560881
0.237602191017
0.723383839896
0.798159414886
0.905468443534
0.0426941444898
0.0656048851578
0.129544886901
0.0612619827231
0.207538168347
0.422606731138
0.952474482676
0.018275445465
0.516871540656
0.103563698865
0.111126744116
0.165187556681
0.726369827448
0.741987782115
0.264029958441
0.526400311371
0.0848620230894
0.95146349264
0.129289964914
0.0112118640908
0.9610780652
0.290112051264
0.00297089332184
0.598030129857
0.344411695371
0.299203720638
0.134730706491
0.0345816895405
0.384323989343
0.157617106285
0.805301936256
0.455820504856
0.553212274141
0.053373706485
0.902966419361
0.823912316815
0.0211847117179
0.907833382694
0.332747933393
0.986815631051
0.617140717476
0.974713682294
0.0384693731691
0.889168620591
0.856353650864
0.907598217086
0.620876128476
0.194863134259
0.924682558657
0.680587143737
0.731494471019
0.709481217588
0.860200395424
0.335697725171
0.123573005826
0.339396617472
0.127427626708
0.961699507594
0.9237907819
0.733569417014
0.398688393363
0.105007175174
0.621114073182
0.982504085658
0.0150976036693
0.692307815564
0.230920978567
0.889274540211
0.417981705701
0.707672104141
0.686592395899
0.911935375924
0.0568294949101
0.196663356205
0.820194015327
0.944204020526
0.675402839117
0.701962595616
0.558890151347
0.973090379493
0.0145998346088
0.988382039174
0.38743849691
0.9314002205
0.625262238265
0.489799681255
0.965608543358
0.961664479578
0.872925746438
0.975673213085
0.567486039477
0.219972615522
0.499856647324
0.103013463868
0.974079166752
0.0376206356103
0.513011780251
0.916100239319
0.216358092502
0.406710443589
0.102963778597
0.685353721901
0.100418639115
0.860898238092
0.183953343121
0.0707704453413
0.028783823342
0.0237933887221
0.852367144905
0.12540930736
0.707216620162
0.968365903071
0.709950639037
0.957362753975
0.0675528846154
0.758337119224
0.660207472111
0.432891047031
0.40547533006
0.253931059078
0.934871482685
0.816989197957
0.299696136786
0.648181598657
0.675195299337
0.113061367789
0.122754432395
0.943282283759
0.820751206778
0.956482127
0.384213660373
0.198373887788
0.404991905817
0.0542998638323
0.476149428125
0.261188455913
0.940529318949
0.00262565821735
0.964230006483
0.87565661198
0.0647489169239
0.856643989946
0.86977032102
0.251305187697
0.848635123662
0.831721530246
0.545143675211
0.74935981051
0.801452444844
0.964803545215
0.960305771814
0.0761952438057
0.170269168912
0.393019327551
0.591763710344
0.804788066661
0.354264828893
0.0181560071985
0.0114431661263
0.983357045842
0.0788558737212
0.31830553805
0.00745615498799
0.10678816576
0.499360169484
0.0103975617288
0.3857124618
0.0632318741372
0.976448372925
0.55247377849
0.789623419029
0.619143894915
0.898783964065
0.0264859000367
0.933729849108
0.693614158132
0.946008187778
0.961934773527
0.991913489063
0.877940191938
0.430113150306
0.784375507183
0.990145250116
0.815429581634
0.0767398549362
0.902014525445
0.0382588862958
0.122375909306
0.401598649897
0.0934737737197
0.704591382863
0.0552618217038
0.496129904186
0.170827180498
0.717874755069
0.0105335948787
0.384553008991
0.0773796694909
0.291828825965
0.911372886801
0.645656347095
0.0179518966593
0.796252424513
0.495860562876
0.357939365718
0.626435397337
0.390697157138
0.0256680281068
0.27432455274
0.102963778597
0.906997641265
0.0964439482061
0.947479308639
0.48034913368
0.0311346611278
0.205563049211
0.867938686408
0.896952939801
0.205175812129
0.768206748201
0.670685065073
0.194484617384
0.0567990035742
0.992927863422
0.822090429178
0.95486421252
0.381135753737
0.657489644397
0.44988074841
0.140232989089
0.536509719597
0.79064198429
0.340997048637
0.881323342387
0.876036771248
0.150285431647
0.404513627846
0.546685059047
0.92999381298
0.0734386105373
0.602510083378
0.203572547197
0.5145446343
0.95941530835
0.00499599966173
0.0277573049759
0.655024141063
0.338621557405
0.0383867146044
0.253876646277
0.066287509357
0.133397346242
0.109432365561
0.937109765256
0.198850863946
0.579637459001
0.00297504258638
0.223126551137
0.803931779442
0.878324893135
0.209804000719
0.984676541537
0.797571067594
0.446137944943
0.0653390303394
0.101616392191
0.0311029086865
0.935895386167
0.0379427919272
0.282479184562
0.565947588698
0.928817912293
0.987909443321
0.755849373139
0.894966540945
0.406422511035
0.695959275748
0.884898522654
0.780772920406
0.356245912438
0.0586197836541
0.963288377687
0.938813654701
0.981755715346
0.230772532765
0.458878845805
0.0183246312251
0.638376745863
0.632133371652
0.123779203681
0.297047002158
0.41605235382
0.147382881072
0.663838694648
0.224535858761
0.955033561455
0.248589885586
0.92125971424
0.972118078626
0.87523979623
0.915459192264
0.883899071255
0.0570588704879
0.357319170387
0.892158579544
0.703306384119
0.172413624252
0.613704235307
0.983858385743
0.54736015442
0.65394256522
0.701220629528
0.502396251134
0.596227433569
0.695004782989
0.0309392879802
0.308520805535
0.0037908769424
0.369400175391
0.0285411558317
0.0164443602287
0.101379299188
0.71036744514
0.486596673813
0.541914309943
0.615846457116
0.67564588235
0.967036632342
0.894966164944
0.454625881144
0.268581549015
0.309111691208
0.946188777881
0.314091727075
0.953916808755
0.982688859563
0.993525936577
0.85008907481
0.423499783484
0.961203065182
0.0616779691505
0.564843097628
0.178515715001
0.361043053987
0.179704412232
0.991410767188
0.584051360285
0.935340750954
0.957712257755
0.243716433703
0.875612999574
0.698179059823
0.58628982065
0.0677290704009
0.142236060404
0.771690268234
0.413215822502
0.863599341942
0.669149336852
0.0645151354183
0.155651679619
0.975106970602
0.208245376172
0.372194413711
0.893370649448
0.40002620452
0.995341607411
0.187025604854
0.248491861865
0.904860362205
0.102100632372
0.0518796857551
0.372820550173
0.952529232564
0.955896481297
0.0512216955897
0.153300263905
0.209994557975
0.952391484618
0.0410625509021
0.00633908520902
0.868399680266
0.484928774644
0.737908160467
0.666444529588
0.671550935527
0.0478494369999
0.784034962054
0.104747914221
0.750005284912
0.0328956379705
0.0646013116949
0.542318540204
0.03457287432
0.895379110305
0.957742536968
0.773642273432
0.967355331645
0.958939727783
0.893497676087
0.717839797947
0.115770965348
0.258493470714
0.0773202322128
0.928575067114
0.0333600173091
0.126513296675
0.0532885713528
0.683012714658
0.0104483214563
0.983128928522
0.817014202816
0.96515584342
0.984327229217
0.035897362765
0.81737926417
0.0230352314304
0.281444927441
0.656932370069
0.018749561718
0.414666133917
0.129887063344
0.0450374651974
0.979478998467
0.581958386623
0.0592255829525
0.353067663812
0.668894075111
0.993600198658
0.270341971022
0.236488191437
0.560922454045
0.611022638069
0.163893862281
0.450583447722
0.05849821242
0.905279145669
0.302368367645
0.691827837386
0.970686751877
0.756309828301
0.962739466519
0.399327081415
0.919471777977
0.444476325018
0.860362760383
0.0533948685351
0.0788558737212
0.972914460421
0.310062465825
0.0639396920163
0.726246884738
0.706832015275
0.90101030442
0.890080588188
0.0484045728498
0.933196454904
0.652406826308
0.272775249502
0.216941284565
0.303359669113
0.504540795954
0.082494590893
0.0283922274377
0.664459948769
0.275225921411
0.693319780659
0.967654203613
0.228174816625
0.00335722459881
0.735575230091
0.975012755953
0.299575911257
0.408192897437
0.943693427621
0.221462467615
0.24814288258
0.990054287671
0.508291531354
0.18027881045
0.569054471957
0.605245133252
0.172717962949
0.811478223826
0.861931328436
0.955997864895
0.137747056974
0.304710215212
0.918083074759
0.913126286009
0.00807438727882
0.0519975040656
0.0177736717595
0.361388703045
0.989419635423
0.957271036431
0.468921779253
0.642098230797
0.470030306416
0.486767030999
0.0401129069331
0.0151766433285
0.266862891517
0.981814453839
0.615230178176
0.781173778894
0.00324052491205
0.890875152376
0.794871802537
0.922856965414
0.905552944634
0.0495996492179
0.406822360784
0.886225377847
0.862939490968
0.407128633264
0.640311844554
0.911001173599
0.616667767986
0.790845595833
0.308457392557
0.948777305267
0.159137342247
0.982964739854
0.863034445024
0.764277934539
0.456489484869
0.18576131532
0.467385075019
0.0498408871956
0.624736957722
0.852713153814
0.155083846373
0.112069077079
0.867494987056
0.584118737303
0.868362604825
0.0917416205387
0.18473693444
0.574765156141
0.486812978016
0.616956568805
0.380648785632
0.0123667995275
0.74633332973
0.27058227853
0.327780112604
0.975608069841
0.887995790005
0.268370047527
0.0623397513545
0.604384128626
0.732301644819
0.985378616133
0.733348011382
0.0444990788783
0.88881097684
0.738699142369
0.892712410425
0.710973687635
0.986062178478
0.105565580364
0.959925561917
0.212583882897
0.0565865326309
0.973762145656
0.874496011496
0.828988048192
0.632083490627
0.642347923382
0.495195261035
0.745544437627
0.831823983335
0.0739965267004
0.827296863924
0.959928121794
0.0663819890673
0.916217086267
0.41006642343
0.296810213968
0.226660129532
0.788404124735
0.973579884205
0.753425124445
0.378892310766
0.929861035754
0.99379193039
0.146803642086
0.828002076323
0.0686020768079
0.934202785795
0.960651829488
0.36940272617
0.934582662789
0.530845764821
0.539928066095
0.659231648178
0.590709914924
0.779177621854
0.176728507591
0.756337397371
0.97336779268
0.492430209348
0.665190176021
0.6896507569
0.0215923337007
0.525091105261
0.952387561921
0.684242892645
0.651171579753
0.674792603564
0.407051098061
0.173287370085
0.917410863534
0.332480179783
0.00421818981313
0.469546554327
0.97231968221
0.127051317186
0.744131963017
0.064406511193
0.0623741548963
0.896155213567
0.974997467098
0.645215238885
0.563718870758
0.27334552524
0.60069153724
0.0454278011422
0.780193932978
0.0865065314483
0.986307651291
0.726160283618
0.324691828129
0.0296319925684
0.0837311056152
0.986694887218
0.511547097525
0.370309695288
0.731679667481
0.0412072027027
0.345607022336
0.658672471662
0.175329631039
0.08062473213
0.971415794785
0.945351498096
0.00801612924047
0.884849392129
0.838822129684
0.0118241117289
0.723258148565
0.584333190287
0.907776507155
0.676852190256
0.0280560332864
0.211049490254
0.234330536453
0.235905305539
0.154901410193
0.879134717188
0.850223000709
0.0118062826581
0.200939147496
0.00914909188106
0.860200395424
0.507273363806
0.696268379469
0.871212563433
0.460849752397
0.881641543149
0.88217903891
0.814839612497
0.104670525472
0.656979447687
0.78105812216
0.549500934704
0.189027687391
0.522093919675
0.0660450970353
0.935893962289
0.365955353848
0.945766304883
0.103053578746
0.0161974540239
0.843458890796
0.610537504695
0.00391752285225
0.885624497996
0.716630126719
0.849127747393
0.00544904431413
0.90020248027
0.0265051235234
0.368735427213
0.924190705294
0.569421446914
0.91081134026
0.290113759107
0.898932531101
0.0605325755697
0.172926684001
0.39628953967
0.428126020464
0.972208033632
0.186462618194
0.966534338648
0.0656792764055
0.698679717923
0.957520009421
0.361763994363
0.259606391717
0.23117342479
0.985602438477
0.478646581697
0.0227219757953
0.789982019861
0.291005659408
0.603202396941
0.98965202641
0.980516214237
0.47359356386
0.737084330577
0.758150783106
0.930695396559
0.87485031543
0.991644224956
0.510174593027
0.198351691126
0.0873523797057
0.992707626897
0.500484113507
0.57922208644
0.919165928709
0.913212798511
0.573313216543
0.733817240803
0.0537767422293
0.123946257497
0.70886280565
0.971810812321
0.0195115271666
0.971200676432
0.939511183561
0.564157246559
0.112935508165
0.0843849540001
0.134927258736
0.402624841039
0.831470328795
0.976421267345
0.53303103762
0.370633901568
0.78194914618
0.251087510608
0.4968963153
0.813947701641
0.924961128559
0.0478072965257
0.689296585549
0.916495880903
0.715505508287
0.553304985838
0.145851918084
0.826836760116
0.839515292176
0.0630053526321
0.621692613276
0.0227285059203
0.944645719618
0.344361467975
0.930379636321
0.240047019409
0.638016001685
0.426528633147
0.0335618123574
0.437735533398
0.833502050873
0.737806196336
0.909841217428
0.231889028944
0.7794561846
0.944948740814
0.247592147823
0.210264696173
0.0541592546644
0.48185657926
0.613960817653
0.129211570027
0.868478061193
0.10413395561
0.586470476307
0.889274540211
0.68927311894
0.966696458364
0.930755161805
0.714672295859
0.549052725701
0.972280284635
0.264940187262
0.00614059161612
0.0223493037202
0.0285512777462
0.089386022718
0.842929516823
0.353540819595
0.827296863924
0.764656674827
0.776367790183
0.0277241955858
0.0255682770494
0.0195752207129
0.248828135667
0.563799156428
0.933950550787
0.779716905352
0.51270413822
0.175656742719
0.302161592881
0.748334123897
0.869684729306
0.850311235578
0.375227397714
0.735840994835
0.949652072128
0.861075252157
0.686241130866
0.398214310583
0.227018885497
0.84105566719
0.351372642532
0.854982937942
0.531035038497
0.283666025401
0.906898226502
0.931553285258
0.259217869019
0.242278483371
0.462276156522
0.774971309839
0.907583418313
0.170641841169
0.00914909188106
0.177135918423
0.95956990723
0.348182428188
0.944490979836
0.583505693634
0.0309461261932
0.782352427081
0.27551402952
0.303408210291
0.732166787
0.964224892605
0.461064624499
0.27296927264
0.303002711097
0.818819092461
0.00465027308021
0.253896632283
0.441168448835
0.997222910028
0.00905175884714
0.0224869640364
0.237889558686
0.254310193757
0.891743141825
0.460113794293
0.576455214305
0.230787164141
0.502321630759
0.963363835396
0.0557280146549
0.982123038121
0.983063565743
0.841541747676
0.350620320302
0.0155784842857
0.20198730405
0.244449672387
0.979662157141
0.90582923858
0.996005175842
0.284500867241
0.775921311478
0.901280354013
0.902413403234
0.962059690132
0.0657961401621
0.442277325053
0.944115748659
0.19383022387
0.800617301451
0.00455106763504
0.092099211674
0.0931313739818
0.854424626122
0.424658908287
0.922344346285
0.819014859334
0.456502771751
0.205624410219
0.788588036956
0.7440506154
0.958675681932
0.971964521433
0.33218297335
0.270918063286
0.665112414226
0.0415797187842
0.201349939202
0.861117944752
0.220407044419
0.0400930976252
0.883973737203
0.935872479632
0.289430955848
0.0522259816173
0.846788517276
0.960477432027
0.00341280266909
0.914168654085
0.0410653350249
0.953219329431
0.00524435651873
0.480354027931
0.087724931927
0.0415697160756
0.83475496292
0.219987365318
0.877134102512
0.0556934887969
0.374461940574
0.031619113023
0.352635544969
0.0563250899655
0.510385156585
0.19242994318
0.969152053966
0.954898805206
0.611406887208
0.904472949458
0.561426738089
0.972421031187
0.157759005421
0.130099923271
0.0276935636941
0.968806632551
0.239777258586
0.888977239189
0.167134231543
0.284315376304
0.286463293653
0.910665303505
0.0864084797989
0.612159585182
0.0355181822592
0.0177475878901
0.219956128352
0.681792859057
0.192399600555
0.398950162038
0.168407761366
0.0629845134216
0.937714277741
0.625481918079
0.25383753927
0.081441005679
0.932756174443
0.715174343048
0.517963505223
0.163868548455
0.655717332895
0.629543453547
0.164527542526
0.0807151773133
0.979451880647
0.709044046628
0.391977574958
0.52901317689
0.398971356488
0.091569482148
0.0272761563034
0.0815182858671
0.763144174118
0.877982888736
0.129720898563
0.839681252075
0.0247833578632
0.124342293561
0.180177898751
0.16351838841
0.607791561608
0.450552273025
0.41755345082
0.724596660965
0.737515695781
0.0160648828268
0.0266220552998
0.609125706946
0.575017820925
0.102952401741
0.681697704358
0.052888026319
0.100217872796
0.223558931673
0.690717176295
0.959502670792
0.978160299363
0.651564579751
0.919058964438
0.959323141293
0.474454471212
0.605524607808
0.930695396559
0.972941195976
0.454079017271
0.567189474226
0.771643609592
0.985677668579
0.0189758370085
0.933132628268
0.0507080798177
0.705865173972
0.698978221342
0.973609213089
0.093143428749
0.0399154866529
0.6279436671
0.330335726612
0.172717962949
0.0196124209956
0.847736768597
0.64612116803
0.408794152774
0.884430727335
0.0783848439386
0.753540689068
0.850439970593
0.0186598166606
0.213790959845
0.647112883521
0.413137103568
0.00517546038943
0.0764507290574
0.912680278781
0.38872424475
0.244209363422
0.62203942785
0.413754699081
0.91836083351
0.219169046217
0.426858216219
0.110401170476
0.0836027360259
0.878147438812
0.481986761358
0.960085613226
0.989513193408
0.180340111472
0.0188767235359
0.434305582719
0.884605454517
0.961668005117
0.141349839162
0.974274756997
0.915572114733
0.201777289952
0.778090132588
0.300433152714
0.697642861168
0.0162928903483
0.432993250037
0.669016176816
0.558487003304
0.408386686075
0.975472886461
0.0310686462207
0.275304724663
0.0511427344568
0.743011733169
0.887697516591
0.0672961929746
0.925884448985
0.513909804767
0.556397039757
0.421414151503
0.157575194689
0.737866340622
0.947455844328
0.0941384061038
0.508724332161
0.966948762634
0.916237327883
0.00976417701879
0.8188888345
0.926740921159
0.443541938679
0.0141092731535
0.903561782767
0.98017300966
0.148784587425
0.0840991601517
0.0208109705671
0.993162594069
0.44324520475
0.440670990784
0.283379999269
0.99143150678
0.0253867151802
0.939842768055
0.970062299243
0.495506734932
0.97674910048
0.00456911453457
0.288288883575
0.642407592279
0.545465319295
0.291141898733
0.329471507323
0.989311346033
0.785127639582
0.179478945781
0.465788615439
0.680284746753
0.973307017275
0.910644862843
0.961042669599
0.0951688793162
0.782448841282
0.952677676718
0.0107720742272
0.763363064826
0.844438422133
0.779128699666
0.0155414381022
0.390559540787
0.360898963827
0.654406825562
0.015896385577
0.477367193227
0.615125864644
0.976515530072
0.950813595387
0.838822129684
0.97533170753
0.578733411085
0.497509043246
0.3530318047
0.038484628596
0.103071703943
0.510763232121
0.945956175618
0.0261386044226
0.675097316391
0.878246206357
0.0470142724018
0.863852660794
0.955880821502
0.910661718567
0.427339887483
0.956681595075
0.110994108322
0.165719948867
0.260027441656
0.939365125802
0.461727059319
0.312502430088
0.483531047105
0.758790062613
0.039102141748
0.0733828036158
0.486554822394
0.0967670039455
0.185431288307
0.74993295787
0.968992857539
0.574765156141
0.787524180747
0.173898393768
0.871776756953
0.495057357971
0.568874601142
0.496274234857
0.872928851534
0.563714661682
0.274965629339
0.814454635118
0.210268391928
0.461221121723
0.233267449876
0.30190455043
0.223912465163
0.47829763972
0.232586470446
0.19349558049
0.176465640562
0.723362258002
0.0201289489965
0.0548393884361
0.77281351372
0.111393102593
0.733698820024
0.272668533174
0.00906846482988
0.250981143885
0.987971310881
0.894728964013
0.0254501109486
0.0307680624652
0.0326358084754
0.159117181704
0.625860208898
0.964778943739
0.15390843196
0.00531044055043
0.823503405699
0.911430140341
0.340194766178
0.943519166059
0.400144095471
0.286527267258
0.0663467599145
0.911089904576
0.274776208569
0.721377037419
0.871572502922
0.0177876286407
0.649488247123
0.64197308756
0.0418914874259
0.195411646466
0.237754080226
0.412626074954
0.112688986843
0.019893301867
0.273346675886
0.80610521149
0.120884668461
0.622756513786
0.174463228036
0.144722144401
0.649597769488
0.417559536099
0.993173390037
0.87955042837
0.312530696173
0.413929732782
0.94130852966
0.234775479747
0.139384613569
0.419527314777
0.631393580396
0.882491476499
0.0118851881634
0.102908516439
0.468294876988
0.685625352359
0.508896199274
0.23560766999
0.0628925159219
0.0309654840059
0.472857829716
0.0439432839113
0.704444118433
0.143490032613
0.0510609910302
0.64271724875
0.00939888788611
0.344793850509
0.415281634563
0.993199843233
0.972579076481
0.425300664591
0.029362428989
0.827278101774
0.268191220583
0.0392166568595
0.935893962289
0.887016509893
0.788312757152
0.678942456152
0.992228723981
0.0947318153922
0.318219669102
0.862150530565
0.659767470972
0.527837658394
0.776780997017
0.220731118015
0.602728240983
0.292401854524
0.388145231409
0.896614552148
0.418461241924
0.876620685661
0.128858212491
0.972802631219
0.994768285392
0.42012899368
0.975396809281
0.271476167564
0.852947638401
0.0248108402021
0.369398153019
0.0221251716425
0.0386447030148
0.409653030435
0.683356581965
0.770425232134
0.614176047441
0.848679356587
0.707712466655
0.703897785607
0.476407857961
0.908422561417
0.0751883099241
0.791609832179
0.85929967772
0.960270313915
0.364220586697
0.937969430291
0.363107905706
0.222251544786
0.763451957529
0.981950119874
0.855523178101
0.168507217529
0.957293580719
0.845909610385
0.479224363611
0.16653134682
0.390933646563
0.919963579411
0.509229178297
0.0723198768588
0.892199648282
0.296810213968
0.773908151115
0.148786950126
0.422748944121
0.879010341802
0.87079540865
0.00335722459881
0.265754848981
0.0276919774194
0.888892433496
0.977706392945
0.156503918753
0.0899758574032
0.398984440351
0.961709773212
0.952768886643
0.978497724166
0.34043978643
0.0260399293952
0.181037712851
0.575096098255
0.996139090274
0.0395467226153
0.746417990937
0.778891076814
0.218056973361
0.917783850544
0.190604418457
0.107821379012
0.443306845557
0.0831719051064
0.086456406382
0.333037075852
0.93527923831
0.162062194433
0.136945507785
0.574416188505
0.182170147505
0.569044390109
0.534439950341
0.648879379437
0.380909043175
0.618508599135
0.988880978266
0.969797922747
0.228050247889
0.913257746164
0.0962574370142
0.564776901965
0.377703398252
0.300456776669
0.327728048824
0.0175805455154
0.0109563320188
0.479504002594
0.333710013983
0.176891750308
0.945165327159
0.758297107557
0.804285167425
0.220334297979
0.088438644431
0.958368697235
0.297769248905
0.399588400138
0.839488281131
0.46672867179
0.64397747065
0.7438449412
0.640781757013
0.431495666979
0.718186552398
0.0397493510107
0.0195752207129
0.228877988899
0.931125085197
0.922527647534
0.723152281728
0.990919866758
0.935944955325
0.0419487809664
0.318536376695
0.838513658911
0.257134093858
0.613181426815
0.964049420958
0.458953022711
0.241563277185
0.0949746277338
0.145235336099
0.823018368688
0.950054209117
0.157214233961
0.368842522581
0.00475765553673
0.630221808329
0.971344248225
0.975569262078
0.813379399664
0.95827227008
0.638834909618
0.815694468785
0.956820460418
0.909669635274
0.908110623534
0.66518114407
0.670558946775
0.0699150314906
0.286261235673
0.954578827209
0.951736500002
0.279101853399
0.978996563404
0.86775964299
0.236825805245
0.278307987242
0.792586607271
0.787090901564
0.831791974847
0.161278704912
0.896149541412
0.125251045166
0.970558404009
0.491811172195
0.0130099172389
0.275299866203
0.031619113023
0.9157877423
0.981702700802
0.682264391566
0.240121396035
0.218665083021
0.270199894579
0.0876982226973
0.748174180517
0.925690953564
0.226285788862
0.169788455377
0.621412542625
0.0129459854266
0.0355760414373
0.945008701993
0.607791561608
0.631478281295
0.0751488861231
0.962547948518
0.390452003592
0.390964742626
0.901982787054
0.0143559648301
0.0387048883873
0.0502387624472
0.309376162196
0.0127797601369
0.706518069217
0.47729682376
0.82167127766
0.0874765645566
0.599688666393
0.888644628853
0.115673562931
0.521598327528
0.488465156698
0.188251409544
0.0180577521978
0.420936710007
0.397930115964
0.202428116421
0.928899677059
0.83952011313
0.517884263107
0.308399407506
0.801840797236
0.05481351473
0.226755211891
0.976496629296
0.918713278666
0.832116499273
0.844234652111
0.0667891823769
0.48800008629
0.140456268562
0.896379624951
0.940564377156
0.110119598945
0.991214743867
0.819809412694
0.0305490944101
0.0983639444323
0.568275924338
0.34765557165
0.581747571216
0.0300906286644
0.329775651749
0.556185371276
0.99313299483
0.0946722246529
0.607905081889
0.721188672345
0.166882631787
0.959973081623
0.997412615972
0.856152012
0.455789821995
0.97380058854
0.249252308285
0.729354348497
0.567545650754
0.0432420431135
0.95961177943
0.392524221141
0.216413801295
0.660400186126
0.569898546989
0.955626972489
0.724021287011
0.327809937177
0.963235221562
0.962978006024
0.6841482099
0.0223880912657
0.987827679333
0.477057582029
0.0490257301642
0.741164288851
0.748461826305
0.944851621558
0.0641037629695
0.982619187977
0.0270860487502
0.126798164057
0.961635021405
0.8773342205
0.807206261699
0.722591510339
0.845849076859
0.00273360821642
0.685522204204
0.00325161145054
0.32732191938
0.385178355351
0.327728048824
0.105867302823
0.587906803824
0.035456428957
0.985166904384
0.0535130528419
0.386936213138
0.0487910747383
0.684541925006
0.794352213877
0.700804765176
0.122375909306
0.620708651634
0.609410124853
0.0182353111712
0.680202297965
0.0101715304003
0.715332026338
0.399252484383
0.012920065777
0.938867211607
0.907489749423
0.124515578621
0.45662939271
0.0260904629667
0.898104840525
0.0474705328062
0.00589647739176
0.971044480507
0.110329724884
0.60929282394
0.645149720691
0.528828212379
0.294308621295
0.97674910048
0.738750902913
0.41006917922
0.872428879613
0.944309664336
0.798629863122
0.559133692465
0.577729922715
0.32660777444
0.935691700638
0.590323991566
0.0341555346648
0.00932638789842
0.28002726182
0.628143074794
0.968365903071
0.429469925609
0.497723598346
0.988954664238
0.659030083898
0.956995165707
0.71406478378
0.669298837559
0.4326579574
0.453575766059
0.0641423654073
0.842042892268
0.102952401741
0.100731159917
0.0459560096401
0.0434471329247
0.825265829333
0.664428506356
0.390337332183
0.0418818497557
0.731667822948
0.930926103366
0.508492156933
0.969556299799
0.243666418938
0.40651839394
0.314404579137
0.158103095837
0.804903629261
0.0624598661398
0.910079694103
0.602510083378
0.87801698004
0.124835497419
0.514972520144
0.801655915755
0.427527722398
0.390264490523
0.508291531354
0.930505525065
0.27459051342
0.880574816813
0.899997016471
0.972658237717
0.0895519438849
0.232259852661
0.776741458022
0.904899824937
0.279411197486
0.0587551995188
0.0553819441796
0.673393765469
0.965998107949
0.0543030190999
0.435148357221
0.984327229217
0.372590245263
0.149063879681
0.0492406434384
0.0178558296288
0.479987511882
0.555363487038
0.8667720933
0.902389153301
0.21314999738
0.971892499476
0.101466902827
0.112374567827
0.284315376304
0.428142164874
0.708148226705
0.391514674631
0.0203851831523
0.976613142984
0.694745982924
0.0341697652909
0.444347739009
0.655848801314
0.779404045996
0.0352208174117
0.940721160192
0.818255562421
0.971371563714
0.489824670191
0.340689108312
0.163252294002
0.737584215617
0.992309968982
0.0142099982586
0.601527659427
0.00683189421089
0.601997602113
0.842828373154
0.0131309291836
0.0146027116813
0.642891564046
0.36940835368
0.840447097192
0.730294047971
0.256860086053
0.570299656685
0.160517195052
0.989828149908
0.479211551892
0.92428619274
0.167716110631
0.633539241481
0.898636227753
0.870462226075
0.698068528824
0.687389685441
0.617114910106
0.970512645167
0.88630809952
0.0256088059351
0.78669144904
0.589259716259
0.0787598308524
0.297259749677
0.579970284477
0.17181976771
0.0609145756512
0.91806016459
0.207864160332
0.348714589051
0.227014991709
0.454471021666
0.0973269289118
0.441963991881
0.0501599867789
0.45508295329
0.112990760945
0.728181254494
0.0788724399253
0.526011828494
0.701220629528
0.306867335694
0.217033008337
0.143127788134
0.983646544051
0.00820600755512
0.277186211209
0.960850358156
0.988695357128
0.337271842121
0.00596859714154
0.26020541964
0.413893936981
0.0528057892629
0.965446929583
0.964907708762
0.670083142949
0.667781810932
0.0328652349854
0.781296024083
0.922546441903
0.36703586553
0.452978383082
0.429206613886
0.960794068012
0.0408821057399
0.641422198328
0.249621126809
0.87517113189
0.928805972513
0.554826514859
0.350709398472
0.00762053766801
0.216713134461
0.890418946289
0.607750588735
0.220526448289
0.825351445217
0.821606433415
0.442210418578
0.0223150796536
0.11241707557
0.81685187176
0.955685711905
0.980349233636
0.0327885348413
0.752134286688
0.461842937616
0.888927662127
0.773298888274
0.0262260919836
0.204478623864
0.387945329594
0.974142268302
0.343874919933
0.0572280825874
0.84220494307
0.860535239143
0.916231104721
0.193380211822
0.920255765608
0.748176200447
0.172213966206
0.964055286765
0.982696128559
0.0467376897461
0.609872587913
0.921060214737
0.13405070515
0.202299459887
0.412368616445
0.0843244191152
0.934665469373
0.833862447608
0.117809810347
0.992595151071
0.241434574314
0.090479798498
0.372115136074
0.858643232317
0.193471406858
0.0746542691945
0.82210564658
0.625074778272
0.898119190037
0.817373398931
0.291005659408
0.749587171271
0.0572280825874
0.904543974234
0.110565025133
0.81959266119
0.205485787651
0.792433308437
0.20595416919
0.0484223354553
0.97533170753
0.414752080663
0.167669270043
0.631841019715
0.0792989925965
0.685353721901
0.745313906681
0.0483945313489
0.512550970477
0.930734846625
0.875883497154
0.022894023602
0.0150693720042
0.761293560165
0.099417756731
0.763806706927
0.379533289085
0.158543340545
0.402624841039
0.824952721605
0.46853328243
0.367780171092
0.513285191948
0.0324043368522
0.71906062749
0.895734258868
0.838929053752
0.443378861819
0.0102107534197
0.621030970016
0.839961735112
0.00380029496702
0.558971138683
0.965806416494
0.966889679487
0.709050476261
0.550364604599
0.601334258358
0.979180138225
0.602444974948
0.108961683977
0.419779554029
0.0483683548913
0.983623097981
0.719978402533
0.908553424739
0.49767495224
0.381367927845
0.206450487456
0.0239006293585
0.53423121885
0.400740961474
0.982393610737
0.240887600579
0.127324013248
0.374364913433
0.53569701296
0.981087382487
0.0267801235948
0.125016569665
0.784171871598
0.489452494374
0.127269865529
0.711592358963
0.0334489837908
0.871870588085
0.651784839623
0.776927690012
0.106216803845
0.957450386338
0.880891094437
0.974169220135
0.938973985213
0.0654378948298
0.972184674615
0.139000197772
0.992078531393
0.274951202639
0.971756477788
0.00268162256992
0.401048262654
0.52927799511
0.3608864644
0.539458910405
0.645454212801
0.854982539115
0.960960246249
0.93527923831
0.929346797464
0.197715021127
0.244316748127
0.901920142552
0.232820380777
0.422150678387
0.69408004691
0.627065839474
0.109134583133
0.515178658803
0.759414537628
0.90970924776
0.736109947639
0.64774213166
0.367766569165
0.0306144703187
0.144555981985
0.0200910164368
0.562297207602
0.250322814269
0.0101431233293
0.522844797166
0.987602989981
0.283460090391
0.66628006014
0.587840018125
0.444255129689
0.666166897282
0.00720317601695
0.81318305254
0.775419327751
0.46162901166
0.948076232969
0.00325059963468
0.0315743744637
0.873856258219
0.898310972737
0.461759383891
0.841418695193
0.795593450936
0.801566987055
0.993784346272
0.646863224225
0.507115927022
0.585395605378
0.0378391367539
0.928353217156
0.0933048427976
0.186476526516
0.86773810127
0.420933348747
0.873191141506
0.601822688136
0.558871480312
0.779586496142
0.578913215578
0.5132265933
0.70512041875
0.370843335672
0.262825062424
0.925255977285
0.364541891452
0.0697555849879
0.757776230564
0.380011728606
0.96829546349
0.234887547486
0.589191157651
0.229372349591
0.236151149939
0.247316151837
0.320111894714
0.962689659436
0.784697640363
0.145556086323
0.612485335714
0.00964258450696
0.958918420932
0.0165574709564
0.688783298644
0.683106819159
0.957918666077
0.200939147496
0.854302535883
0.872849295079
0.124201469441
0.738309703542
0.203289251992
0.670883792537
0.9043716271
0.175344203536
0.659027536022
0.673788787781
0.277361102569
0.212923038571
0.358798958381
0.919620086639
0.806981128357
0.364667298077
0.0492524338025
0.162059680273
0.167448985311
0.912780317089
0.217031618608
0.924697892429
0.278955822325
0.565920926489
0.00859594141065
0.418531839779
0.826406324569
0.845500049046
0.920949606173
0.101595204041
0.769807010596
0.0138973705573
0.0189570689637
0.916283049674
0.687224680984
0.209432700026
0.379986407412
0.0136471400432
0.625104852528
0.36568073464
0.304284695778
0.0280229285761
0.086418467678
0.439935314838
0.544936233058
0.496814963291
0.95335513528
0.456619954401
0.472077912753
0.0671130435372
0.0671130435372
0.46369646553
0.605823569991
0.0541592546644
0.852881614751
0.575251847452
0.0644104000379
0.978761357828
0.888977239189
0.581257330364
0.744892891529
0.969695053302
0.232820380777
0.9439463698
0.157659645394
0.35129947277
0.241692268205
0.95060390156
0.644452947741
0.651268091309
0.779183313957
0.29846496368
0.979185463644
0.85435832969
0.218919380008
0.860605186094
0.4345680121
0.982475875886
0.948404958863
0.559955857817
0.931862832314
0.958259707655
0.945142500615
0.016277224762
0.867978656773
0.823917736254
0.528475707477
0.136565355295
0.521760456589
0.838765743563
0.20595416919
0.518087994578
0.949603644019
0.249507972576
0.39652479549
0.990221847936
0.653942395281
0.98551733363
0.940114607584
0.446576855773
0.0260399293952
0.939511183561
0.918070878823
0.958835699072
0.145167901241
0.130558521238
0.835239284376
0.336178006003
0.97152894761
0.976114331286
0.943311306579
0.147739727859
0.0142575271989
0.173287370085
0.779066006094
0.946015851111
0.871642449421
0.931065632388
0.05849821242
0.594668016969
0.152709950753
0.978923534905
0.180825369216
0.35058815962
0.0132799835636
0.967340067831
0.0264859000367
0.978120350733
0.986838873745
0.984254590807
0.308465034853
0.81318305254
0.411643727391
0.519645796659
0.935740417936
0.249722393659
0.986470701496
0.061599072233
0.298774963927
0.711844666494
0.116353896551
0.996280025232
0.574765156141
0.692079532272
0.0817042048869
0.137382348073
0.496126923597
0.990857033292
0.588923642376
0.613764849291
0.764349270535
0.0486967841644
0.189538861785
0.265838418892
0.981173841509
0.0104264380411
0.00758226592361
0.045035185468
0.0919737306185
0.539630817277
0.910647325943
0.351258868116
0.493745921215
0.717850793198
0.374399537362
0.721100941521
0.253319014946
0.0857201776869
0.929437637697
0.927065425587
0.29313317751
0.227756279228
0.496638191802
0.117953801189
0.0173119268828
0.667989966738
0.846533379913
0.53579373327
0.960273089759
0.924220279922
0.416967215099
0.946546341772
0.96398467103
0.92428619274
0.722613093494
0.936149166799
0.82175976424
0.89964560805
0.136945507785
0.0251524785536
0.814538265125
0.198373887788
0.944992964246
0.833656707945
0.0555289307567
0.255034906377
0.986297822503
0.467529472091
0.169052126829
0.85291338868
0.0761192914389
0.977533462746
0.619488835499
0.793640296674
0.0989780030803
0.114695869188
0.972147802389
0.502075494632
0.0136692756172
0.671676036981
0.750981496102
0.934408097236
0.295299827767
0.468684091712
0.714297536389
0.271575284775
0.936586336653
0.908686885893
0.185547858212
0.861143000452
0.896193926462
0.523182195177
0.013049949693
0.861762332642
0.388820189562
0.0677290704009
0.849920481141
0.30518921782
0.889812427595
0.177969669285
0.613362205122
0.698475038827
0.0416561778733
0.484274149444
0.0208581720184
0.0402438058311
0.696313642316
0.431376446518
0.354413789762
0.970810588208
0.00571251711977
0.654570259022
0.941014730079
0.0177505012216
0.530139393888
0.854738687746
0.649046514657
0.442220437108
0.417180299762
0.0226304145902
0.953035534438
0.574287597876
0.0244898529712
0.259951336607
0.365739125406
0.174105442168
0.90825826088
0.721322182467
0.97539323064
0.741164288851
0.654515099983
0.571214083689
0.754727649116
0.910153079504
0.292614277321
0.638074754326
0.125507022084
0.463295901286
0.0516118659556
0.403550967697
0.124867223578
0.949900534569
0.590332659474
0.769056215014
0.0960769895162
0.431403573632
0.644448205548
0.185883482858
0.621240766568
0.863105673804
0.0228024410185
0.127848685782
0.187203869104
0.281493429805
0.840852859741
0.00637895610513
0.646006604926
0.202131678151
0.00279911563381
0.12005182364
0.105049480846
0.892924564175
0.330182582069
0.769213641402
0.861117944752
0.255568256609
0.956365477667
0.81551386077
0.717249930172
0.972621888435
0.957300171506
0.00140773193129
0.417757026897
0.989961807323
0.302225276784
0.968903302099
0.00620638867413
0.345282904181
0.416816017311
0.619955136668
0.704161899333
0.718820285557
0.354238499783
0.0836578203811
0.738288933057
0.00393925607583
0.652142003775
0.973593669459
0.361979788725
0.0557280146549
0.101741291907
0.105389372397
0.422158115289
0.606824716591
0.808376192863
0.0295348276347
0.727383726659
0.877179897051
0.647010870083
0.985199776935
0.974282861427
0.867275154487
0.834085467076
0.423626945124
0.956674297773
0.135100224527
0.0177700325642
0.561721587632
0.433286063726
0.198606092617
0.991014446011
0.238086253904
0.974371013875
0.361151199901
0.667162058452
0.270898610775
0.981490867331
0.631043960181
0.180685013462
0.263874242196
0.465148682725
0.0894138450805
0.419527314777
0.155556280525
0.0341877455588
0.00939888788611
0.084552042966
0.713394822024
0.937421697093
0.246812970916
0.146526924823
0.581585171025
0.955236562748
0.334200421922
0.85480878716
0.843814349947
0.350844089532
0.982330118205
0.519656816668
0.409373372023
0.297773963393
0.309221600353
0.405391875854
0.20160153543
0.899056349845
0.921617177072
0.681697704358
0.554379970101
0.13057344476
0.146316634625
0.389550971143
0.0398745027701
0.651822118138
0.440407091962
0.146273106625
0.816552787134
0.0247808433433
0.0777525105976
0.894709936757
0.267729517449
0.0262630009262
0.683918352374
0.215376831872
0.894637016876
0.178726606973
0.279279034446
0.0957288039599
0.294447238909
0.460787688473
0.908557362064
0.499068239407
0.970145458004
0.851052833425
0.465457097784
0.119705610652
0.963046310653
0.935940394686
0.572902101252
0.687150563681
0.983414964688
0.0403268685846
0.537692493615
0.949774616461
0.0394168522663
0.107821379012
0.614176047441
0.697480111259
0.200273509191
0.619903511386
0.62776557604
0.981664608996
0.267827810947
0.97020383961
0.0256536928948
0.729253255636
0.303814391272
0.352002965571
0.632841728611
0.834437021657
0.14863912125
0.890482770174
0.00587385871926
0.105332502389
0.811478223826
0.747630070825
0.0740045213103
0.881597255588
0.684517388384
0.677302627945
0.664978128866
0.645149720691
0.0920427597445
0.967454900354
0.570711443088
0.363897079099
0.995171120881
0.337742911375
0.0710139042586
0.797545312327
0.569094609244
0.853261648253
0.248662452653
0.018644805834
0.385178355351
0.973020693438
0.0525207244553
0.654538122938
0.570902126355
0.767897211044
0.712976614114
0.993129292568
0.683106819159
0.797313152336
0.962785557931
0.884430727335
0.858680115111
0.522284343152
0.694197400123
0.681868284349
0.123758372937
0.794800203141
0.629308603147
0.181534261785
0.956276911855
0.0238176609695
0.464667173906
0.492539504635
0.977716929067
0.366418617786
0.226991094349
0.987149041494
0.819809412694
0.85706251713
0.0337335977196
0.444338271954
0.0421081188702
0.742686845363
0.0579723259908
0.869713745922
0.0904486851564
0.943645983036
0.0038266890577
0.0585993338118
0.0691078004085
0.92213180552
0.669166747177
0.52092330199
0.0345021453771
0.179428094715
0.543730741994
0.842786049964
0.896131115903
0.0339260636727
0.0455638050125
0.0582304776002
0.443677131845
0.976144644794
0.99315618206
0.872496259096
0.637796352809
0.947846577793
0.328614450744
0.0184961281227
0.725096707855
0.0735945952129
0.788859853517
0.682669175641
0.0142365135683
0.741043249986
0.0279742201828
0.0510417433323
0.91675951525
0.383648335035
0.392152533216
0.805134463414
0.910566611166
0.288113038253
0.0679292843554
0.593850499257
0.00775616083287
0.115274882035
0.0255820201095
0.89923939785
0.708104541841
0.148676771156
0.925163835616
0.0464734742484
0.643516702645
0.0214295796367
0.776780997017
0.587484071853
0.96430644555
0.647569082024
0.383690059418
0.0354183170979
0.379669344055
0.198760304648
0.958368697235
0.027750902635
0.335510383696
0.0334595195403
0.15643159319
0.0275120073249
0.417509845708
0.693856080636
0.85588837673
0.180825369216
0.507619841294
0.969457222904
0.498012852991
0.253562585031
0.862215748927
0.0190935118927
0.00419826050925
0.749665550535
0.771503751615
0.761402578281
0.150678084478
0.0430631524024
0.40449027171
0.10436827119
0.553170300075
0.274479158927
0.687576365099
0.105551651042
0.0388671668104
0.285418502343
0.537510150065
0.729702887441
0.526509285842
0.431025150632
0.964218585935
0.010389034205
0.927061967332
0.893291781215
0.715669698515
0.94367757983
0.18588033559
0.967118940873
0.149442970059
0.984620369191
0.111618065213
0.164524639762
0.191940186924
0.994463317333
0.202515384533
0.422247219194
0.752795485275
0.70957022152
0.372820550173
0.00390464700587
0.636276461757
0.18666340028
0.286261235673
0.462425394779
0.92752680736
0.873906520277
0.534451817348
0.490736632545
0.443703098908
0.318782095275
0.0225667521617
0.728368225769
0.202987199216
0.0271101900784
0.336225380264
0.603522379107
0.944551320904
0.956537184685
0.0114500200493
0.947269748013
0.954400887298
0.493058561961
0.950399201162
0.293969467359
0.206224377798
0.080488833789
0.398164602949
0.458596982297
0.400434916311
0.267484953381
0.79715255275
0.975894507596
0.931137906483
0.928969107272
0.0469893424675
0.323789250398
0.841103989572
0.183622565802
0.760480261639
0.864382131027
0.0253785456247
0.130703647367
0.2525032847
0.555940180441
0.632352652221
0.253944628203
0.858892983498
0.0496150794673
0.133648385576
0.192390357916
0.183843592627
0.915182191218
0.183838431104
0.744426693016
0.37971438593
0.748672062456
0.337916007621
0.0324043368522
0.759326144169
0.46087084667
0.0179643795518
0.333260357038
0.901902882302
0.534451817348
0.781438649118
0.870778948515
0.818798967778
0.887676768349
0.00484831039338
0.654342465435
0.0118241117289
0.761300072366
0.98789114724
0.598551551141
0.747813044322
0.326434083082
0.0017247825338
0.943771573433
0.0497507065441
0.929861035754
0.111126744116
0.20902219084
0.936192521941
0.913671285829
0.704024785093
0.749469342771
0.860684450826
0.101024415879
0.89794667705
0.537231468314
0.984676541537
0.166793243117
0.907489749423
0.0878331704446
0.224587211924
0.364228056598
0.841725609236
0.650532816524
0.789305276479
0.12861957072
0.882369742578
0.269701337318
0.100098922679
0.512550970477
0.447775365586
0.916303673907
0.90760457968
0.0968363505196
0.882907736075
0.771195911958
0.158707247849
0.601227432702
0.837529830088
0.955751308048
0.314829673536
0.567031691996
0.0570819401532
0.0288443182769
0.144009207316
0.192808280626
0.550003095523
0.20097843185
0.0293674368175
0.85077102877
0.830771729909
0.0118060134981
0.98318106978
0.139145092251
0.954124982884
0.568819316455
0.164073567857
0.691119147301
0.197205331117
0.797430136301
0.32920322633
0.719058453276
0.851352104251
0.671907443261
0.403105050501
0.00638366616318
0.431216447274
0.81805039166
0.811367683062
0.737194849741
0.270595903172
0.0573964422965
0.446011107078
0.991415711162
0.749797804773
0.986118239427
0.316595786642
0.896724807794
0.0572007655024
0.942724505549
0.827087575392
0.299857996911
0.978433438376
0.853769956021
0.0408433679037
0.511547097525
0.737851423896
0.757564940401
0.366838480938
0.948358321429
0.841581431244
0.00374221212243
0.896898236876
0.70847862486
0.889011555539
0.369400175391
0.563464740385
0.923982589348
0.293512390664
0.0596153205681
0.0532885713528
0.0172540016056
0.0656380931593
0.981477014796
0.982125889846
0.936253769864
0.015688425471
0.341244991592
0.867499739834
0.944014006858
0.162533250732
0.0646013116949
0.197977366648
0.823612795468
0.252943925592
0.348960393622
0.0194162452524
0.183362308737
0.800043868989
0.962271919398
0.314583410326
0.862470387808
0.10859162195
0.787736382057
0.718417770445
0.0075561627042
0.0109657036333
0.354706006814
0.797987642709
0.0520168728431
0.108955486801
0.0626275414492
0.983774241248
0.00127884132252
0.584513153736
0.0423502184753
0.237602191017
0.282896380193
0.944851621558
0.461377646162
0.686626161189
0.598328494341
0.833823085636
0.0544161131481
0.787305405132
0.0359239282896
0.249178558254
0.621412542625
0.020201437835
0.699746301083
0.944417590012
0.574426199159
0.736334724782
0.40447682665
0.334714628199
0.81471837384
0.545088266492
0.507592727998
0.724212057067
0.0376705024978
0.207434305326
0.708933696427
0.670268988743
0.598735939278
0.491304400764
0.93808632437
0.709633586893
0.0513960488609
0.036924263612
0.983121192017
0.00775686467464
0.901791686084
0.360921075743
0.29021508718
0.862995459841
0.839399265451
0.130539866234
0.0499120740587
0.689242527239
0.978978927065
0.814605303254
0.960452879253
0.144538590526
0.231169200894
0.815526934921
0.559100663097
0.391359127079
0.530859213289
0.113271849163
0.94734126022
0.950920375933
0.97859330394
0.782728143205
0.145093637824
0.981813867785
0.201861978118
0.258997650714
0.556213232552
0.783449620417
0.268407985357
0.948759247781
0.97710968376
0.163536797516
0.562665604051
0.121485164413
0.976357450548
0.993172360266
0.114316994757
0.10955732316
0.525950203057
0.913413281647
0.0803301783584
0.824544350988
0.0242083926391
0.0956248250859
0.0252102496818
0.812429124999
0.696728604532
0.00764274368163
0.0603216272374
0.456387167044
0.613704912246
0.694661306044
0.303207824224
0.810882334509
0.40685783966
0.854049056007
0.696628485631
0.643643564588
0.91561507775
0.224189788408
0.926331447496
0.0201289489965
0.78717934914
0.923348672597
0.681494570818
0.985166904384
0.569691091983
0.991858318418
0.424658908287
0.943854861085
0.408286758211
0.928467250869
0.451665915802
0.890026972128
0.160864053246
0.984059077494
0.789367341752
0.801695557699
0.889908510217
0.909969244199
0.915998240839
0.699556500947
0.0108169514792
0.384965203134
0.948287167294
0.906404031472
0.285078726859
0.643041959537
0.967078687982
0.465997842799
0.98464431652
0.931515469689
0.422643163993
0.0142764830925
0.765119874012
0.377715695443
0.84994357917
0.199101405997
0.776058403323
0.629020691207
0.933307619445
0.814713460734
0.173917031475
0.955962537755
0.906055833992
0.262217645987
0.547422542493
0.977628820728
0.189902681752
0.325990385132
0.0806051502662
0.0729205662669
0.94972478151
0.0700589622442
0.96646434698
0.148016148953
0.577743891024
0.107388626658
0.982639819116
0.629676500666
0.965729672694
0.123577953629
0.467360181111
0.13053093375
0.161493235088
0.176625787114
0.917686472419
0.839699985192
0.479504002594
0.921617177072
0.520346696179
0.808039623092
0.0944101515607
0.0554989255981
0.0639499219451
0.0285917351684
0.793076996069
0.0676704437623
0.027428320716
0.0333733093175
0.191598971207
0.970598726606
0.277837746094
0.148886197667
0.0660025570084
0.94834803367
0.359711186833
0.631393580396
0.0709949678896
0.0669883044404
0.238854583532
0.677026693946
0.483886025064
0.975673148231
0.650627171349
0.81919310633
0.189775710295
0.591971580873
0.769490376574
0.320607243986
0.950149353659
0.100786557463
0.00570261399011
0.743790840076
0.810092323173
0.569054471957
0.596548695036
0.928102122345
0.748871367324
0.138551781928
0.933119396499
0.153237957096
0.488970400526
0.0559037918644
0.0232393766008
0.529225820016
0.0125072108544
0.817540409281
0.922331138404
0.792486523843
0.0205574274807
0.921008045679
0.543449173063
0.648761926811
0.0112329379238
0.947657815193
0.75483951997
0.0458826893447
0.125338439517
0.38034399963
0.951584833195
0.207140121328
0.0765741423711
0.968104582648
0.0205959399002
0.283800989947
0.329453980356
0.844857484187
0.840852859741
0.610216634744
0.891319111589
0.976306612868
0.0743596848096
0.0183190287073
0.0424787571215
0.173142350666
0.482402843564
0.135777466068
0.169960242522
0.506207023612
0.224963211184
0.657945837832
0.37986655763
0.95395163038
0.360292934839
0.128852530448
0.70512041875
0.482242114213
0.053054577116
0.32384199553
0.0461343373136
0.281592278079
0.0204834160438
0.199830085978
0.817117366294
0.863970726163
0.370678847965
0.705277805246
0.26219250967
0.456877476024
0.919876960326
0.661470554504
0.542471870295
0.684508285122
0.9687739022
0.0541592546644
0.736642323684
0.0150272617827
0.493800651129
0.862964782771
0.420902130841
0.975034307083
0.654285917964
0.561563318967
0.0067769065052
0.0015003275048
0.244980604139
0.350218591983
0.865748748499
0.229304983485
0.987460789305
0.00675166579847
0.747837221439
0.830062594164
0.781585311753
0.807723920805
0.299522954112
0.0800604988677
0.946978021964
0.880166159987
0.98836191722
0.305020282226
0.22488451211
0.217002253891
0.992551313756
0.163170566643
0.885177925869
0.610552195852
0.186195767788
0.108956943597
0.727161550159
0.0744733731968
0.271447674664
0.859716427201
0.0285145487049
0.935481541392
0.082919424567
0.963528869294
0.877179897051
0.714641538326
0.0715803116412
0.422574394161
0.941361932765
0.362848355988
0.130810365899
0.506283172962
0.432379913072
0.351258868116
0.0568301481162
0.904157491303
0.761255552703
0.59914192729
0.809961040948
0.987759876285
0.387503363708
0.681371819092
0.71725756123
0.627010547041
0.820719684828
0.562610345151
0.667889738167
0.502202371742
0.777095659126
0.993727139905
0.558349171522
0.423068935277
0.818580736412
0.913997681277
0.265669533693
0.911112248409
0.0471900975327
0.66716134003
0.709501228017
0.781507443151
0.981107231494
0.945624281842
0.987762831284
0.893360527111
0.932979868727
0.881440287169
0.169281163357
0.696168221481
0.955222326946
0.0221369899951
0.123141041728
0.0400885612902
0.271306818296
0.967893425649
0.459921045496
0.738801413758
0.754362257529
0.928794201962
0.0585340675906
0.935941427554
0.9818910041
0.871563311221
0.822109587267
0.197635302821
0.604412431714
0.0640445940695
0.00708304026022
0.110270472321
0.0419692280871
0.904389609806
0.829276641647
0.0165039810967
0.0528645795795
0.674792603564
0.291969797986
0.780293236003
0.863302614606
0.989781417236
0.027462523499
0.958865328109
0.530122676923
0.0134224857029
0.862943785937
0.0283534923769
0.916487471876
0.134859645325
0.757422255635
0.93898107497
0.717163632432
0.36606249966
0.049058557135
0.0317476790515
0.508062985643
0.118554539949
0.909293116227
0.85291473945
0.472965610241
0.014729148745
0.0406606777233
0.513211534576
0.193037700683
0.563579759246
0.44385774827
0.159794580641
0.166642620233
0.0242976332564
0.207862995364
0.959492203482
0.504118818703
0.0335618123574
0.993431536875
0.977162584947
0.548286685937
0.0605862542405
0.971631942444
0.775952203609
0.619286391456
0.559233392519
0.222200936678
0.255533751442
0.0530013000872
0.0196544847813
0.777378318531
0.0828612992844
0.506550877663
0.94524476122
0.206714427566
0.559011023854
0.668245723922
0.2547388733
0.189034048294
0.437777819654
0.579298132887
0.226345211805
0.464858665497
0.454858046307
0.551782134089
0.837354128193
0.771720998131
0.397031514985
0.662968642301
0.397972168229
0.572202167104
0.864180618103
0.342065011815
0.318568631409
0.944100451689
0.0119828943409
0.959500262297
0.972526845916
0.165455433969
0.977711799125
0.931566179455
0.822798106036
0.0682087521345
0.0516193127164
0.174369581009
0.304106488642
0.0116333284153
0.482928989802
0.222986872471
0.133381928075
0.746436217447
0.56548368047
0.680973621094
0.881427778322
0.776258596371
0.435246220314
0.576673703078
0.0222520696703
0.0723918487212
0.0384656172344
0.959710954818
0.037967701762
0.0578156342345
0.974871509488
0.630800453674
0.969797922747
0.621959532624
0.245578172488
0.316165618117
0.986546957029
0.890231697838
0.575769918443
0.0133810050755
0.0177400856821
0.852054960946
0.891036133962
0.781623970985
0.760671837767
0.346225208616
0.716331845622
0.434480521447
0.314136010706
0.751540366601
0.218779558519
0.966064914089
0.366418617786
0.861444998529
0.0196399954192
0.988842147698
0.793612346696
0.37099809781
0.22357746393
0.426008110305
0.339309145458
0.67123978838
0.243267164153
0.214153705706
0.53642020709
0.557169540577
0.319636675842
0.0345681620468
0.853644154064
0.986965145882
0.953955320451
0.979551490842
0.959147053105
0.601933934864
0.98263970716
0.0687564162087
0.453673621043
0.035681233853
0.77539870262
0.740955406797
0.549890674104
0.903543715217
0.968549695717
0.974862538352
0.972629455789
0.9791870164
0.99309629472
0.983240386208
0.597600282361
0.375243192294
0.883801077753
0.930399968697
0.0426896862751
0.033776231442
0.0789827563161
0.330085541978
0.857504738792
0.0105491298543
0.0158035037258
0.427865340097
0.94388022003
0.380395490618
0.771789128336
0.198348697466
0.368707257487
0.0702626693509
0.143071607396
0.550187462822
0.239723252886
0.776250796678
0.75901446671
0.463500034454
0.309083523071
0.150975584241
0.177896141068
0.275954802066
0.974970700687
0.979378390653
0.442986968711
0.982619187977
0.489063883353
0.411033498107
0.976294385966
0.660579525399
0.0727580646723
0.967843429162
0.289286509586
0.197867298679
0.706447424832
0.409850719761
0.148462092169
0.0495582220647
0.306133210949
0.662895042233
0.889860189366
0.922552051289
0.656478790686
0.675686260396
0.242488542561
0.805639489622
0.261718692896
0.152615816546
0.818973784837
0.982152894291
0.0109885639182
0.410212128949
0.495094465144
0.0940546927019
0.913133234256
0.736506280322
0.918601901811
0.48023914912
0.176453336058
0.0241102304118
0.0308966392602
0.45829513842
0.212225870814
0.522960794378
0.992707690588
0.936253769864
0.170416824977
0.784331232438
0.883378689239
0.920704352863
0.0250354190497
0.921580591306
0.707870904192
0.148115990196
0.480714670749
0.526986812461
0.298044793503
0.691119147301
0.968622118811
0.970178868999
0.110469402617
0.220220365272
0.0262228072131
0.269057203448
0.073106309939
0.92911130612
0.847360163179
0.9743020009
0.671676036981
0.870186353905
0.976133088189
0.948119828964
0.109796779318
0.0701028900715
0.8125376317
0.895368470852
0.502519535949
0.018620040706
0.758396645115
0.712028736794
0.843301148015
0.320889477452
0.841867674476
0.737731303605
0.945744499936
0.0382698749564
0.610428150578
0.617074072727
0.977015158467
0.478949590138
0.676174462033
0.98211891351
0.410214972709
0.129778814308
0.281165942718
0.802054426044
0.499726917863
0.95454782659
0.887986258306
0.0502285199643
0.123068686568
0.915984019973
0.202835743061
0.499046673888
0.977324314
0.628016391902
0.0569779799478
0.82345252916
0.720881057871
0.334510354088
0.995200344258
0.96141661615
0.217168112347
0.588315102936
0.078233265339
0.984369799665
0.547422542493
0.674311258802
0.410057578253
0.00825852000914
0.719810740065
0.0879743480086
0.899110765982
0.479706392579
0.955180761992
0.748667974821
0.26442905603
0.944195751277
0.834347752755
0.0522853106855
0.393382235871
0.937189818196
0.856463292205
0.00410098867556
0.710981485063
0.986815066099
0.0192640545929
0.525767201205
0.137023802236
0.668952013759
0.90646909609
0.322954155138
0.347408632292
0.805115801299
0.052752264283
0.821488154542
0.722491842624
0.285078490518
0.340221546261
0.879242948252
0.056232501783
0.966793649998
0.256057630086
0.828372203166
0.2349627735
0.82883704453
0.0953493530683
0.877339296797
0.43838822325
0.0155284378852
0.16732760005
0.973858532086
0.863974782686
0.579414538571
0.404322704761
0.679954345025
0.429272282017
0.0306699864644
0.0282892024042
0.37780386629
0.908903454061
0.967564854044
0.862466676389
0.167957069729
0.126684657286
0.120149005265
0.989398637657
0.568628984655
0.167953713584
0.841418695193
0.620655752483
0.95659722153
0.0508913421053
0.278514013623
0.601638187567
0.0381129129085
0.560880398914
0.115673562931
0.657472471451
0.177629249581
0.395248272183
0.66212801654
0.9832745965
0.374860671822
0.935546522188
0.624294781758
0.0850085525121
0.403785088677
0.192528245097
0.699948359649
0.795499192807
0.716455868098
0.246017085044
0.828086849429
0.45682765671
0.0432232072019
0.821964013882
0.414438340422
0.790943481469
0.989240416047
0.0106928323303
0.742802664003
0.920622353951
0.0872630775225
0.766661424179
0.798772871033
0.0713450372449
0.00254897957473
0.138556831022
0.214210246488
0.10378230793
0.81468144457
0.327714661272
0.0402837984935
0.103832832253
0.225308341467
0.982491356519
0.126344727015
0.857477346438
0.431671843582
0.04764856661
0.944115748659
0.485118208706
0.0335618123574
0.0526362667015
0.272691705152
0.982942829485
0.710572748312
0.747832848467
0.272946983182
0.329775651749
0.259331775765
0.484143413719
0.047273675934
0.927119277875
0.019525484462
0.908347581152
0.649597769488
0.420538628337
0.0902197314105
0.0195829539371
0.0177700325642
0.330930469558
0.18872701265
0.259165518307
0.830062056718
0.814435472945
0.735693424863
0.659813536022
0.619170742844
0.367497311512
0.204118023596
0.96808738447
0.210042495509
0.974163927401
0.960987648774
0.313180502606
0.946180917092
0.477076117812
0.5636689723
0.0335851510124
0.0337626675167
0.918753244728
0.0221258213146
0.032724256427
0.451578012521
0.669269924802
0.176912820814
0.333319266658
0.212985229159
0.558523674499
0.077111387273
0.0988986640909
0.844136126804
0.485106246573
0.438175234647
0.0997738045996
0.285597778929
0.499046673888
0.819528251327
0.87246696073
0.204586440557
0.271968412134
0.8895873077
0.0409770280286
0.441244328671
0.596378239157
0.978001818055
0.941023772485
0.903734060224
0.410214972709
0.712749247856
0.921943789144
0.0729881936757
0.466606782929
0.235300746055
0.976941593313
0.255552118381
0.0491897215494
0.517844793825
0.0244061187988
0.939336990152
0.830540072998
0.019893301867
0.073906963335
0.1818447006
0.325581615377
0.994557269298
0.0925845714126
0.548366631769
0.98547343834
0.9851785818
0.952145663351
0.198816289734
0.0139246833447
0.871826726666
0.265640998854
0.106818041267
0.939193668414
0.0479472414768
0.960446678331
0.0412758172663
0.521464887915
0.270666351588
0.442367287255
0.0621514434549
0.966230402057
0.979848802649
0.70942456691
0.0915672743855
0.0406688424435
0.227552220453
0.0779177423399
0.971355526671
0.222642425787
0.132271238202
0.0357355585071
0.871390949487
0.773729055523
0.369640286098
0.907776507155
0.885306983923
0.585976015087
0.156114889816
0.313306057104
0.853480834808
0.324193276229
0.94889086105
0.987964395379
0.957855150172
0.747267575158
0.131566438416
0.945858631287
0.0874881176672
0.296596493626
0.121096273814
0.685407680841
0.308235552199
0.241729448193
0.66954517313
0.0389263241269
0.0408821057399
0.925307434922
0.842967412111
0.781399653801
0.792646546566
0.190572347611
0.70792415732
0.158406633846
0.836875320325
0.743231729359
0.953776469139
0.545364622093
0.420902130841
0.863393248347
0.0218939958258
0.2551226414
0.0562604238464
0.773160306992
0.326355005734
0.940907548226
0.024451287558
0.799235433093
0.0229652785491
0.00658403832254
0.96608397251
0.544135973236
0.161141946488
0.765845749869
0.188054798865
0.945704784167
0.137004307854
0.867992739835
0.937741195591
0.858248506748
0.842758997189
0.283097418558
0.141212186649
0.0659263472618
0.412485633337
0.137721636685
0.0576698024431
0.614730746648
0.0388898177241
0.912370019554
0.00715039816247
0.348416290226
0.926852037085
0.692897812943
0.781151890563
0.0326704886181
0.645550592985
0.884473415026
0.703478935587
0.0408578058224
0.957848191295
0.986346378743
0.942464567063
0.798629863122
0.888074993199
0.535654269666
0.313063996078
0.125631197292
0.301797595123
0.52789093279
0.845166608368
0.17082677012
0.977887155713
0.317045459262
0.909753522684
0.955242841475
0.114134413485
0.991791301779
0.0399202221886
0.116105317964
0.822598786968
0.979321700056
0.470782828836
0.868923210511
0.0884322914271
0.332108805286
0.0863237015902
0.118177995216
0.3162715479
0.559467181698
0.362989814862
0.900253368451
0.673885745628
0.0198073255965
0.104127672525
0.907130264288
0.048697070891
0.984905615903
0.524175242152
0.611400800718
0.0382882769368
0.753426986418
0.704634339408
0.536855980553
0.0755998445672
0.933556751584
0.85769530397
0.160869604126
0.371078754885
0.561100406183
0.909681322898
0.150997393133
0.360751040083
0.793043283142
0.126029221168
0.910699198725
0.508281078982
0.490828462092
0.073523032108
0.530808687696
0.10769636595
0.0155414381022
0.456282277437
0.0387700429302
0.0581421742078
0.616519217751
0.259103998067
0.95500868684
0.0847480375638
0.819368585263
0.0194162452524
0.610642540267
0.705738159829
0.130457949499
0.953898536555
0.00730968813917
0.752247166311
0.396545964413
0.502202371742
0.212663013692
0.192899105529
0.832111080322
0.937615246433
0.25884840683
0.873662384593
0.0473441876197
0.512642490443
0.625262238265
0.583639909623
0.26688227635
0.917671054117
0.0295072813109
0.759229755742
0.481986761358
0.452361586357
0.148417544294
0.241851317748
0.953518568568
0.688862952486
0.178594483492
0.72519596164
0.0655426542254
0.9452172812
0.994557269298
0.49878198952
0.387752931812
0.166735588186
0.940801085107
0.484024922633
0.825334826801
0.500934348728
0.456489484869
0.177629249581
0.672765262528
0.945768376397
0.498572613334
0.86259467771
0.26572520284
0.495250401536
0.0736647749115
0.0957663118619
0.349583941375
0.31321933094
0.353277806965
0.893238558923
0.766816056981
0.908513234413
0.445385269598
0.523080234757
0.641108199633
0.125891486366
0.0193778749825
0.207434305326
0.3611895756
0.0299942295813
0.278187262767
0.759125210792
0.692882350835
0.127650827062
0.270998359505
0.0381255867806
0.431699146674
0.426656359765
0.953754330013
0.26227019412
0.96625698957
0.0563075883381
0.979519536489
0.944877063686
0.497088932196
0.166002692361
0.823778955798
0.203304447079
0.866196963628
0.747832848467
0.874427732449
0.388020406615
0.874883814408
0.921338990853
0.262872594221
0.767254113534
0.908193243717
0.813324041381
0.222867248951
0.774473315592
0.452962997639
0.990962183716
0.560448530678
0.979716731502
0.233554400623
0.0554309737272
0.534054350582
0.123399264292
0.962854100406
0.373817242563
0.545177923249
0.38641151786
0.87918442768
0.951572467549
0.476249220349
0.938382355331
0.641492699847
0.0985213302942
0.608864603785
0.116056085676
0.0168767079579
0.936958014806
0.974321692594
0.946300967905
0.0952679341598
0.555357373598
0.181796198467
0.344750586857
0.550660443594
0.86656597191
0.0654465583031
0.196686505191
0.0646371920649
0.0136770626322
0.913418666429
0.971344248225
0.134591315061
0.0353864400954
0.17225331154
0.941778514839
0.29515692826
0.971227118562
0.00750768973006
0.88768994927
0.918001006442
0.150278195404
0.0260918789821
0.907197605937
0.112294415827
0.655979101169
0.974726768895
0.561180361365
0.821233376534
0.981451233852
0.921353553033
0.89032783767
0.198298965671
0.201289839497
0.914139091955
0.621966013484
0.718191833581
0.379755125488
0.484471876688
0.692698682056
0.00284513678893
0.11137647098
0.0415339085652
0.960063148407
0.930358246336
0.579009049698
0.0543389055562
0.185547858212
0.677932709188
0.104448060749
0.486859061052
0.027428320716
0.894571219359
0.642143228816
0.0875738579179
0.731667822948
0.312167344485
0.968931811438
0.247055732569
0.880491903314
0.741132670316
0.759326144169
0.287849497893
0.672196607173
0.836525712161
0.622280483108
0.0200765575956
0.960471066514
0.865379858474
0.0636516798132
0.191362585625
0.221589365988
0.0582751268606
0.222903504461
0.822009018749
0.271790342292
0.527185075886
0.955632857957
0.414527447653
0.569921394443
0.238308665042
0.782841107864
0.689806395909
0.0783694686424
0.244676106801
0.633422806176
0.0459322491956
0.64367482485
0.660199887502
0.735838384653
0.664049458245
0.483854805657
0.0980409452502
0.435115015848
0.238398881038
0.277090234451
0.62535938024
0.0728115223633
0.494916742594
0.3211708274
0.949012656421
0.0795809883986
0.404089994333
0.931044531793
0.418741036284
0.766306914562
0.164033683993
0.762619697373
0.89862489937
0.734524521946
0.985208280087
0.057487710008
0.705882034602
0.981869969495
0.902282176017
0.982862313167
0.5977975572
0.890226595826
0.547259645693
0.260810809272
0.306658483692
0.895804077084
0.222767640156
0.0208477498299
0.413098092828
0.381743501822
0.966403699014
0.012672119486
0.973144881046
0.940883729556
0.225528703489
0.0519452200932
0.379755125488
0.383677982955
0.303083825318
0.0192059541941
0.467832419174
0.492313503358
0.895734258868
0.0217134803706
0.878338444697
0.432239829758
0.876740796332
0.0481793977613
0.877258971054
0.0702628323067
0.957025988802
0.547892436527
0.476963843062
0.198683814267
0.570322586242
0.987375685262
0.978687540467
0.254175061534
0.060787661681
0.427901212129
0.944808120705
0.468150488065
0.951580050955
0.968684401605
0.496814963291
0.885204010647
0.953693320591
0.361340924646
0.293721801503
0.0248550655587
0.156610775353
0.620989298408
0.570644161349
0.725541746057
0.962165493555
0.711710413878
0.993022698314
0.506755270495
0.614666783023
0.971607888957
0.974915046963
0.521170915187
0.97336779268
0.380151022645
0.344241152119
0.198892276189
0.984486334126
0.343246238444
0.198892276189
0.0378391367539
0.447644695476
0.284315376304
0.125577174571
0.623997822704
0.36924111137
0.117717191561
0.852434375418
0.679213133103
0.747309358145
0.95060390156
0.960347112311
0.179144045897
0.0184328702166
0.156806936561
0.908631231074
0.456839633424
0.0187571832931
0.272140405408
0.746872830465
0.0223042541916
0.0126455496052
0.104747914221
0.85532806516
0.962314164821
0.957450386338
0.197175873594
0.941382263824
0.215081024678
0.971848249876
0.336190905293
0.831262646687
0.467333156621
0.579445684108
0.266564014255
0.910476017899
0.633539888775
0.576431746876
0.295632229104
0.917276679588
0.756439577087
0.676174462033
0.111277787735
0.931646149612
0.935826508398
0.107077372289
0.15096020853
0.976831237157
0.674321290742
0.504698487637
0.816400517496
0.0105135883889
0.750465618342
0.510775064479
0.202886402126
0.724863316654
0.684606898141
0.978659409572
0.583839588732
0.904749375287
0.940325847725
0.481742999192
0.655656831782
0.962685314918
0.112199086404
0.925310012848
0.412503836738
0.762479794395
0.196302013056
0.709659632317
0.750652419539
0.0547508931811
0.433505119441
0.156500631341
0.472773079954
0.527350362602
0.111976554453
0.498224463894
0.467789504636
0.00828541318116
0.986241984655
0.217376054439
0.1407294411
0.616350891452
0.194384273364
0.905573205899
0.957630123892
0.787116023701
0.976250234655
0.324915686634
0.00813636451566
0.120252689134
0.0523652759562
0.938852151253
0.555396067246
0.776842023444
0.692098438951
0.0423203826269
0.956713226294
0.899977857215
0.641881891038
0.899702403008
0.0297512109324
0.867090178184
0.319459472549
0.858248506748
0.528230745504
0.582955500363
0.98506002186
0.153327645021
0.167918270315
0.455695673281
0.932297910898
0.460481405855
0.414474689892
0.263457332888
0.964152649699
0.817177333475
0.958947074609
0.0282463340725
0.829650005783
0.0316333044219
0.237782397631
0.130971730452
0.637594477704
0.39832209763
0.0595392906268
0.318819079297
0.562639062862
0.101146722585
0.012345790296
0.974190845939
0.62823225452
0.727199899451
0.00369096071735
0.896486257022
0.742951824571
0.973365266204
0.942848203485
0.79854006065
0.442859415765
0.952144340006
0.120144502439
0.600986015863
0.0560627362786
0.694090460363
0.026445854516
0.956537184685
0.155477912731
0.376116908107
0.922765487819
0.0983578844054
0.0497008424928
0.873534821395
0.954480330688
0.430152797098
0.871542546998
0.947614915725
0.729089802859
0.141205118066
0.561206611059
0.497245907076
0.875212398911
0.469842800005
0.647197619551
0.570075458983
0.288209932275
0.760376918995
0.553624178684
0.817595825197
0.41063193792
0.0400706256998
0.907797218835
0.446270149648
0.809158693889
0.916269190138
0.299757499725
0.581138244855
0.763498050457
0.870070838034
0.0571437647144
0.968208994201
0.929401562462
0.942464567063
0.90801675581
0.993592087765
0.431216447274
0.149226515142
0.0844422618014
0.0635976313141
0.986990422459
0.504840637073
0.48303894863
0.324246090989
0.0764803625014
0.103943151424
0.131198528514
0.0612427904962
0.126077663709
0.950571326661
0.0111994438373
0.296905327706
0.417969154555
0.584472687722
0.11350135134
0.783388851823
0.100587744641
0.24967483037
0.0943270884078
0.983246629441
0.012477564981
0.0334891762309
0.390452003592
0.478014790361
0.188174138366
0.0155272295335
0.70123348192
0.22695792789
0.606983020636
0.7425456422
0.922386718645
0.00293881517952
0.599030312836
0.437735533398
0.845657654322
0.0484223354553
0.714747052772
0.19470317872
0.395190032675
0.987939799129
0.0362339733024
0.355670075518
0.607825473779
0.0735280168415
0.235567978856
0.141584462435
0.876850407477
0.525443289072
0.322944445294
0.401048262654
0.192070500498
0.943327456336
0.799890637161
0.0378480951893
0.555151624548
0.817667303732
0.850313554918
0.147578998445
0.0515165672917
0.664532426353
0.881455112014
0.0164933804618
0.178706765157
0.946234526209
0.502376975249
0.339691367158
0.0757893519651
0.891961439806
0.940037812176
0.644043653363
0.849767193632
0.0962832774495
0.273359027511
0.221392156723
0.575640280043
0.161095395749
0.407692838573
0.958932506767
0.516773815857
0.277405317685
0.489408750935
0.555243911405
0.754575481766
0.820969523591
0.0297092978249
0.389103374902
0.954920762758
0.193518632724
0.514381729577
0.193174044687
0.684716781725
0.744847979042
0.294148029635
0.597340326795
0.784171871598
0.401606838713
0.0181073668174
0.285662214892
0.580288963081
0.956166102171
0.936519403608
0.0220271610639
0.926022017866
0.238415290778
0.789418477507
0.431436221505
0.7567049088
0.747607199386
0.966902269254
0.683092472609
0.791607103655
0.976324939146
0.767760352073
0.171305345627
0.50827357552
0.159025714908
0.842794646139
0.225514762018
0.0178558296288
0.0738905587844
0.79374155717
0.111488664594
0.883382366601
0.655418056846
0.976941593313
0.414177538389
0.989399643978
0.0106893895411
0.246448705723
0.787305405132
0.461258875196
0.314161789557
0.187270080816
0.518392724382
0.579470152147
0.844442744251
0.786421524775
0.0958299387926
0.0424241076794
0.0758596062297
0.776512951362
0.0979853076247
0.0900733440498
0.105405755869
0.123588961532
0.114389723769
0.503285243998
0.0152435298768
0.0132910057451
0.97994631526
0.938684757799
0.314931749646
0.475161807728
0.952119650234
0.141203319453
0.0546233539232
0.0122484056065
0.290112051264
0.0181419273133
0.382863264148
0.709402984764
0.943376159418
0.523285213535
0.765716527337
0.702478175069
0.779739876046
0.164773246346
0.765827012152
0.897856881807
0.838542673003
0.758787094569
0.522919536907
0.0861399634861
0.0837311056152
0.290314523496
0.061015409433
0.964678989371
0.941891207993
0.74872341706
0.0679374219021
0.49649242996
0.397930115964
0.121142234467
0.606849266074
0.607825473779
0.720017476069
0.203791822953
0.990236192525
0.512316915222
0.196663356205
0.0369416748349
0.205424271379
0.466486235229
0.725274799025
0.944851621558
0.821425338787
0.698160555824
0.00948073910314
0.940721160192
0.20859726148
0.129159449371
0.0210328770958
0.097323994751
0.615152347087
0.428656542173
0.195533275239
0.0471900975327
0.0637070297832
0.0277259875077
0.974015376967
0.274965629339
0.0302227721493
0.514741531744
0.0057198180944
0.967399062965
0.0415738207672
0.66653282025
0.906332209868
0.132169372788
0.692241172153
0.948708262875
0.962064108317
0.502408620787
0.804706483576
0.655324267001
0.70687327162
0.263314336212
0.308559811912
0.136182303765
0.067502368973
0.492897052337
0.234675266278
0.564463114998
0.958347952208
0.451596628993
0.829948544201
0.957306427551
0.163342646491
0.153003443254
0.912315531986
0.00593931570921
0.761647844727
0.384216068019
0.461751380718
0.986346378743
0.919312207651
0.946749942789
0.672565230766
0.476185342485
0.9292618343
0.728836576939
0.473935005127
0.330572288387
0.637449992619
0.791251866478
0.686638810823
0.366418617786
0.251663959963
0.961690461486
0.0157340290272
0.884430727335
0.682624111838
0.956310835955
0.571043501779
0.445533343349
0.0042400569036
0.974473842065
0.818733452734
0.698885714307
0.14011516262
0.013049949693
0.556079746595
0.0152930232948
0.715736366065
0.0205959399002
0.859127201707
0.153210998468
0.633843113612
0.171325034036
0.450335515314
0.82509859863
0.0136447454005
0.287849497893
0.078233265339
0.552546066491
0.540298583598
0.983923057246
0.687998006212
0.978185932486
0.849392121773
0.345425777596
0.0913734463091
0.031902747268
0.54787803501
0.589380085042
0.0675584236577
0.704249722114
0.190476995699
0.827670195766
0.672329169087
0.453878575581
0.584995709805
0.582425610631
0.955555726231
0.972508949529
0.084552042966
0.322940433646
0.697052894491
0.41285452699
0.906397294406
0.236443339525
0.814054519844
0.777285378725
0.357548488739
0.580191435335
0.845130462093
0.573705163121
0.412925577462
0.131352022168
0.870616237572
0.430733915722
0.343535282726
0.665910262082
0.899755092169
0.368735427213
0.181903749778
0.63288567923
0.215533129863
0.981255081065
0.380843020314
0.814042221635
0.334130504026
0.749341752187
0.759753917713
0.0905461281717
0.204972238085
0.00637895610513
0.951684643195
0.725541746057
0.845861543343
0.793218314805
0.615330470427
0.141689253751
0.7735443461
0.198508982867
0.214599866534
0.961831578009
0.924974628869
0.824370845904
0.815579505125
0.94972478151
0.751658541209
0.787647623716
0.736935234409
0.0891282969031
0.833006844861
0.868413157342
0.194215537982
0.39657443981
0.830798097596
0.921697376379
0.364901372986
0.887452283621
0.153307744661
0.441167379709
0.695549843533
0.961162026086
0.605488381024
0.336836256659
0.754778907726
0.0341312261233
0.209090984182
0.455286860348
0.0760953554327
0.484708588447
0.822598786968
0.555161583577
0.925777289264
0.762507376721
0.221299209245
0.509268046778
0.150285431647
0.482584666748
0.732547563962
0.476963843062
0.562855850705
0.763451957529
0.467789504636
0.126406613219
0.257158100627
0.91642743642
0.765900497932
0.0295725278608
0.36467601251
0.990852641628
0.849859706344
0.322445743549
0.955078630737
0.862676289487
0.975903521006
0.458565428299
0.857473901091
0.907476969002
0.525293212567
0.0635591739553
0.97304327942
0.769282762128
0.25006231157
0.921768619283
0.763574873101
0.908557362064
0.992238660117
0.316595786642
0.868199944777
0.264869625936
0.899574713279
0.899455829686
0.0541789454112
0.986732619732
0.168235591884
0.182743221304
0.715788250965
0.96031140463
0.971678988404
0.679936316025
0.926985407684
0.0244503908384
0.98249094222
0.424983349494
0.0544756622937
0.738560970461
0.933749537424
0.0961628089015
0.258221044379
0.500704654999
0.907022292122
0.0324804488916
0.972385329736
0.0343507858386
0.639183621419
0.889597469134
0.983297099777
0.650468607049
0.967392344517
0.0153086537561
0.34924854934
0.314451953134
0.0386726387929
0.0643554741251
0.455958593656
0.136492972414
0.132046610389
0.89197771489
0.636112001503
0.437443022666
0.554633223448
0.672006144705
0.938928502963
0.639785616994
0.971658505755
0.425994484527
0.754069631211
0.93370685761
0.437914950305
0.745511634331
0.192728282124
0.737797815881
0.568421176174
0.503948054934
0.942934562501
0.649972770501
0.22255139516
0.890757135787
0.249921739149
0.783921557081
0.838859243989
0.00600430640926
0.921053200938
0.641879033902
0.0415738207672
0.767816913551
0.00690274338889
0.0650578846204
0.944551320904
0.978000621307
0.275498858151
0.00557138014213
0.0278034203689
0.123470064254
0.789969087176
0.526986812461
0.529652515948
0.719896383281
0.432758665493
0.762429510917
0.988868265029
0.573313216543
0.304619940952
0.0119874442027
0.84815269267
0.839542315525
0.0122624852185
0.0553139279206
0.786576885292
0.993948696564
0.186779070507
0.0237343498134
0.148894781476
0.531953920931
0.0130007104429
0.0858840901022
0.973008188526
0.765162122808
0.00741055633085
0.809004216479
0.37384246343
0.163390596575
0.487872428976
0.05289473612
0.576846346206
0.0395501756643
0.116764435009
0.890757135787
0.040521863532
0.126723422249
0.0892938516408
0.891743141825
0.50145323873
0.787524180747
0.0938167538085
0.00824530833315
0.996280025232
0.00768414610789
0.832940137554
0.480238492584
0.663828307246
0.836875320325
0.77132638671
0.706055904688
0.832004560192
0.87755016987
0.956310835955
0.973858532086
0.314404579137
0.87557984283
0.980816878571
0.934260758951
0.175021225245
0.612125685513
0.994026806402
0.744741519871
0.917414923588
0.256558353618
0.840802541435
0.118361079647
0.8437001376
0.0181364428501
0.973712760528
0.0217461366149
0.0873599392498
0.783360799287
0.330085541978
0.918244551392
0.0503487256681
0.0195189164295
0.987851233172
0.17316130788
0.449610601814
0.36918899133
0.759523587011
0.174278209914
0.611477749809
0.109774546912
0.0431862333881
0.886101133027
0.794431173311
0.0959859285809
0.00357338801899
0.981606932627
0.989158070279
0.767816913551
0.45974394806
0.0663819890673
0.322710726471
0.0253425014689
0.607142755805
0.817000238094
0.150499294787
0.6327794919
0.601342575494
0.297546470176
0.684206508649
0.694063019143
0.970091407676
0.479706392579
0.56778554951
0.929156196471
0.697474565355
0.0302622275599
0.932048533707
0.0505892719028
0.477076117812
0.775912482315
0.0878504260819
0.836903568583
0.0236476299647
0.877743389707
0.0636863461505
0.851667739687
0.940521135716
0.102849283707
0.871622532327
0.0780440332046
0.918041441221
0.559728697493
0.462985067037
0.60348197953
0.192795257379
0.0143559648301
0.0241598337672
0.828868584092
0.0129046954132
0.898269326112
0.413962363745
0.00760627429649
0.11326131026
0.896898236876
0.222522115746
0.412695254183
0.236820229918
0.488793522924
0.631737534741
0.50370332044
0.353288593852