0.195766518091
0.849682274606
0.0406276132023
0.14001343431
0.682667733325
0.214548206262
0.631127457318
0.979326544423
0.0137324142338
0.90310543643
0.276928003963
0.926143998022
0.699318628165
0.422735321582
0.934846171245
0.885780216389
0.980559575304
0.413602835306
0.888192064765
0.624364589267
0.771887891201
0.0413849399631
0.763968631774
0.636940075973
0.0511420261683
0.0205703437854
0.0743754390093
0.385271003539
0.0635599504726
0.623832334981
0.0474603663426
0.967660344174
0.82799184241
0.805945282715
0.767635266777
0.567022856047
0.528552856924
0.405512854995
0.73703357967
0.790111697629
0.575490573126
0.0957353516868
0.157935700524
0.989924777366
0.0643433281667
0.594463757176
0.690885812671
0.030991302225
0.0768679286302
0.514347376114
0.078930024657
0.0639386806291
0.0680843429092
0.476709957054
0.973115498807
0.126716416065
0.136248601396
0.521692444667
0.0301019189713
0.990023159248
0.285124845123
0.475011104189
0.0635868819301
0.599839609327
0.785044496065
0.0769789030856
0.357630307996
0.282039633047
0.373196762277
0.385495716544
0.912383520642
0.189052317839
0.277012890468
0.820897695636
0.757073418588
0.90468910657
0.23987615883
0.580284147762
0.359526780667
0.00346614258673
0.382224726992
0.0325994754975
0.164432680155
0.698328128573
0.487971885791
0.29523137002
0.577241847401
0.284809569023
0.874272600151
0.739672623188
0.20858919957
0.0163216923234
0.897027495685
0.935620588729
0.223711456956
0.104570815503
0.941401499237
0.543425427631
0.614556515044
0.557541429801
0.345233392928
0.96008597151
0.937356815899
0.548076445908
0.382508233305
0.443952960659
0.294653845013
0.751202017454
0.150714293163
0.8438025364
0.315547331161
0.177167537731
0.915458383129
0.298139185503
0.980049722511
0.868966770332
0.77093539647
0.965038365925
0.963703939951
0.902459001127
0.911165919478
0.92456269267
0.0183053616336
0.832862307875
0.833752453359
0.941762770655
0.783433244588
0.0207217138959
0.689851258217
0.928494426416
0.663460182731
0.154793189924
0.0287212106181
0.904247472787
0.0504359648165
0.669915106136
0.974305875991
0.280249800095
0.799793859112
0.10154108303
0.974298473199
0.94041270347
0.699601538394
0.959453264246
0.243452993148
0.00514682206689
0.124388414703
0.0106643045946
0.213983247102
0.910863546811
0.221473147917
0.0812530449877
0.974784670194
0.944361650911
0.45128033267
0.0553968953391
0.784759828388
0.991169919913
0.675793216325
0.386835599383
0.80530088009
0.373838865179
0.757108976948
0.607511323889
0.694034351037
0.600352403121
0.946835079786
0.964430356284
0.183986552578
0.0608750815496
0.577384868981
0.378103757504
0.0707505927454
0.76704044019
0.396904318363
0.062286566697
0.499339371839
0.987558303942
0.524280984395
0.96622962722
0.941541646566
0.320995374102
0.870740020762
0.354519321167
0.388424223444
0.815962849256
0.381573731702
0.0795766914788
0.427066950385
0.964015569625
0.865235728639
0.741900608288
0.0117335384742
0.759062168112
0.891650277606
0.96592133169
0.440504123758
0.982754160377
0.944830396488
0.676136306489
0.604838730498
0.962823586071
0.270247273053
0.182780658761
0.978438670535
0.0455362287579
0.0980791558733
0.95010979543
0.00206373300049
0.0297933959307
0.986386837992
0.676378729115
0.692825332846
0.888579734828
0.978620090689
0.359526780667
0.802120242888
0.964492922978
0.962658479775
0.0345974046701
0.829416188148
0.929037476598
0.653769107664
0.0574587912719
0.411474604757
0.504719895534
0.986947929942
0.0047776457958
0.830568025595
0.442741092226
0.00737145949866
0.11806499695
0.0435607789826
0.916277835635
0.65171820823
0.628823311616
0.0281981171766
0.469028294044
0.265542793973
0.714148067952
0.983850439288
0.322444249326
0.453517592079
0.894878612054
0.0111659429653
0.65583859321
0.00516753189689
0.962709455373
0.977747478041
0.356532063844
0.975057388589
0.980093029232
0.450525986141
0.536492990103
0.0361924215544
0.0407804447853
0.206117261045
0.136590113123
0.604758081473
0.861231476343
0.0376213241468
0.980666402998
0.715307490286
0.960076589874
0.913010533563
0.21235390931
0.833888697695
0.272024976187
0.756903615236
0.82737414134
0.914522545815
0.972823720481
0.661001101104
0.0448353309249
0.892656462936
0.233185867883
0.975294650789
0.94978765827
0.649256991225
0.293589398456
0.153420692137
0.837809057208
0.933794160462
0.841997111581
0.602214626983
0.553304301877
0.685538770955
0.961442487377
0.74923494045
0.106596601588
0.932702380866
0.891362841604
0.862324123164
0.0407102183031
0.977326117845
0.419140533105
0.950662261612
0.970528785758
0.965360355928
0.768334556786
0.00672934141319
0.487971885791
0.653215452711
0.134306594763
0.936337793774
0.126800771446
0.00344640360346
0.600527208983
0.825391130515
0.0586305818977
0.347054049284
0.103365627636
0.34310978003
0.705573411779
0.802915724005
0.826258652198
0.972385049923
0.0664854046475
0.406170729132
0.643036354113
0.339852741905
0.703033535632
0.0118372410884
0.945124817241
0.975972406614
0.0218778696588
0.158834026513
0.575423867608
0.95913988683
0.357630307996
0.192593465015
0.0643433281667
0.932765749869
0.0203606705353
0.808393508184
0.918945987101
0.659611443543
0.646883410629
0.687964460404
0.822094030143
0.98275686213
0.924554689647
0.931929907525
0.0157566514467
0.341651852884
0.0937186830998
0.942636741733
0.402098943109
0.326547216955
0.0276935868161
0.743375046351
0.408810980448
0.750680625122
0.00738251297249
0.43982342466
0.862499365969
0.836407411939
0.731391689488
0.0733944696903
0.985721965418
0.361374675041
0.827658977936
0.795491325091
0.0612040987145
0.836275706905
0.022715711097
0.0326553281347
0.473841363811
0.906601994109
0.95326424697
0.180912746807
0.126251152859
0.700485538608
0.32931575568
0.56332201133
0.950712074858
0.842572242589
0.621037306308
0.106537452025
0.602594247894
0.0169417065415
0.665543476905
0.955080751456
0.34296884892
0.0404228403641
0.421632248124
0.274499118801
0.426200113821
0.66873891195
0.945484442813
0.848431905797
0.125418951026
0.0708744456563
0.0715691283802
0.294620209016
0.36187786862
0.369429213416
0.336127724698
0.681700190334
0.00580143617041
0.770403770448
0.585043864013
0.07417560629
0.0607597838415
0.741987590982
0.985636174016
0.53780211079
0.974061610168
0.594987011786
0.0102308088084
0.0130365919573
0.638044851635
0.824239271141
0.764349133157
0.534230492586
0.0128604997314
0.594305653582
0.0184734046452
0.9331691373
0.944067269186
0.0904066173291
0.297844151834
0.856137736932
0.140254179866
0.00279381009711
0.10285396282
0.237696224792
0.494357866927
0.813282590036
0.744041147039
0.0275361979837
0.151264640409
0.85325591192
0.078556107295
0.56266218677
0.954993737455
0.669605105746
0.648196132154
0.149857415047
0.809674188093
0.55397027642
0.632262891527
0.047084596044
0.42964957906
0.712535325882
0.919797229211
0.0676885610816
0.469352397588
0.219144989215
0.452989120244
0.519475040701
0.761510363026
0.903325848731
0.70695215371
0.886499463021
0.0588098386102
0.114173922767
0.206091558831
0.0450086784591
0.108113282096
0.621581121946
0.922175139033
0.153646572359
0.23071411049
0.00388381891424
0.0316419235761
0.129081977121
0.607068647544
0.907835881849
0.940207158696
0.778104694264
0.915318559638
0.888891020129
0.0935696309321
0.342566673184
0.0127073559238
0.728993437884
0.892161321099
0.792188040092
0.950662261612
0.840779937732
0.989703695544
0.0722458108741
0.950574699131
0.547219490196
0.042740730205
0.032789706844
0.216644530515
0.940390164987
0.753611315426
0.0605495015236
0.0220226013365
0.983697607978
0.353594893648
0.914711696874
0.890684622982
0.671782948551
0.802570286316
0.825731721813
0.68161106374
0.592412240192
0.278130157206
0.358716419605
0.917237422204
0.978311705769
0.558464527616
0.0515172216719
0.961679142886
0.0118812509344
0.0170208773128
0.309563993226
0.0977376139796
0.061624735629
0.229398427649
0.0210584963318
0.0168716205576
0.0051829667391
0.915982847227
0.984286757213
0.474996205536
0.733703687637
0.391751429642
0.793223038117
0.936151641806
0.495446457312
0.629970933886
0.725546916761
0.821036245524
0.883363743628
0.0774955870088
0.971729306027
0.847642885263
0.687740046415
0.732037927318
0.0182751526144
0.963961129528
0.838114226838
0.221813042574
0.113980566583
0.0399284172848
0.12731005253
0.879883611557
0.27003361223
0.9298920357
0.785837023435
0.12181377951
0.427781932767
0.0625854439222
0.917613875344
0.00326742358317
0.28897893413
0.0217068825208
0.354567209237
0.769790782725
0.975160313404
0.0111659429653
0.934455868747
0.931490444418
0.953990615151
0.256098605519
0.935412525226
0.219304693166
0.757945682185
0.535213465264
0.862324123164
0.0754476555428
0.903531552918
0.250904667502
0.00660485949377
0.338795100962
0.948135661144
0.380779328098
0.951779000234
0.0823348998746
0.982250245664
0.0276177888094
0.00334966918587
0.630764752714
0.0032448471193
0.944441170552
0.952977027559
0.951215876262
0.0341048838646
0.275268955807
0.22190770338
0.873458226101
0.647951376905
0.0209615458651
0.0486620630859
0.373135094016
0.593822058343
0.559754731021
0.236176418234
0.794700020822
0.85016187
0.194631412148
0.485708822206
0.918355460001
0.0468349069476
0.618793689706
0.707741552985
0.874475725741
0.293021127379
0.953382069309
0.0221901732757
0.233421047669
0.37547373262
0.0729614237797
0.0319530861267
0.755599052575
0.815467339949
0.0152451694501
0.425871258371
0.128636259729
0.467289297366
0.709359651739
0.0360502959899
0.0117391011465
0.498230572003
0.928477953673
0.95010979543
0.0373679358863
0.922872345087
0.859526826248
0.00413956896125
0.603883045156
0.988370447247
0.265478284235
0.169723891453
0.933057752612
0.719779902885
0.979489436039
0.0674621635512
0.15246672809
0.580428140051
0.729234294895
0.0858707556685
0.598352685321
0.988013984383
0.0172370384955
0.883763210891
0.882514112509
0.0637212402445
0.292701374674
0.973133141479
0.846042531706
0.586402981391
0.459723056355
0.861246656357
0.768698232119
0.918327319825
0.321794525862
0.523301823418
0.112494565538
0.0479645295778
0.913597687712
0.495564978357
0.275267757159
0.00178294377215
0.81330159739
0.10787976989
0.37077794769
0.94064617738
0.614189342498
0.451761164645
0.00985249810489
0.127775319
0.53681791411
0.60832623241
0.992123677532
0.855459596646
0.00604594315
0.162274940938
0.689586994193
0.497201755647
0.0208348693079
0.415952314562
0.00900677154993
0.266869282796
0.967958114757
0.552813148289
0.377352495414
0.689675100777
0.761051280353
0.954912922927
0.0444199537129
0.425135346662
0.173375044403
0.407652158433
0.59544454674
0.993106079234
0.0206687704547
0.851776872474
0.747820946259
0.515021786145
0.767928896591
0.908427468596
0.943015474392
0.070148696454
0.988526202822
0.56403580792
0.137189150951
0.488376570156
0.365623873058
0.736598415237
0.0913482493621
0.1118547725
0.188039292703
0.951945239447
0.851068541575
0.325281227053
0.0165202559254
0.417880120815
0.780543214843
0.0770468754388
0.26379722058
0.974919559766
0.981525495589
0.0219919670613
0.494710000593
0.751028976383
0.242540992562
0.364702911853
0.0462389013646
0.522829326868
0.977427920282
0.153253185479
0.303910458404
0.326421736238
0.373814322126
0.649032298863
0.532731502576
0.72518821374
0.930426706183
0.610207873793
0.900489704961
0.375070259457
0.077185831764
0.0535600237478
0.0524763107418
0.853236579986
0.970411210813
0.1085468253
0.960220320374
0.666219107705
0.973033660855
0.313208197377
0.0829915965308
0.930068682675
0.607841429565
0.186657749619
0.595623016319
0.0122218084951
0.355416510964
0.278264636161
0.8806436162
0.456325008443
0.206314150649
0.718189418241
0.936606357629
0.738274177375
0.597332990105
0.587915844606
0.229836951038
0.0580048270211
0.509090553281
0.172929646762
0.192285658596
0.927199678023
0.93872323908
0.485694294439
0.0832498789033
0.0738600123223
0.343829848073
0.0599204866255
0.63715937244
0.12341042718
0.979324472188
0.0343709532771
0.0770117127354
0.961103371522
0.97887621054
0.536859888723
0.470471562625
0.506435849325
0.762997511427
0.400248542722
0.0869747345949
0.333961654391
0.85169398611
0.68866547933
0.74288634804
0.0712092675082
0.305542220408
0.909299535581
0.984028501295
0.20472308119
0.0503186131397
0.0333371607453
0.0526674770467
0.91631133993
0.786600505546
0.0274930298488
0.644605998787
0.495198200277
0.352989572044
0.352553646597
0.893649487206
0.600791037933
0.490945488734
0.528671730679
0.855556713873
0.639009093499
0.911553185025
0.94847623733
0.251122082351
0.900610842021
0.967454336919
0.0676757613923
0.223087845792
0.214149635012
0.252805793296
0.929182492682
0.0228098366389
0.301350764971
0.00677438781783
0.665036245269
0.846876429571
0.275267757159
0.806939185196
0.071276784685
0.891954630837
0.985765100334
0.966634136215
0.192928351831
0.706803889433
0.932397541144
0.877776210671
0.0130618898689
0.402770762579
0.381923121463
0.188857347549
0.0248224532413
0.281687197065
0.973449150504
0.976373404027
0.591963820312
0.00799986989489
0.676339055123
0.624661887211
0.688211261422
0.961630235963
0.968777391873
0.967870269348
0.293820943368
0.79194060774
0.913588746336
0.905764454831
0.880368738011
0.751076262278
0.886003053066
0.460235750014
0.14005242795
0.00866015592727
0.711051155029
0.0269853423772
0.602204856751
0.96026406176
0.923176426017
0.424097256256
0.943394344956
0.00816549222714
0.51724924055
0.959041879226
0.027587923093
0.988958305008
0.988805124547
0.074262595117
0.929026934483
0.712743210941
0.834540138905
0.71122557552
0.983578030614
0.165941869827
0.988979830165
0.163889529798
0.210605122096
0.278402753461
0.908788873408
0.0947252209137
0.879267645331
0.43357497453
0.868004204529
0.031588083821
0.836781884134
0.24391278201
0.211470275535
0.0179089816525
0.0398889259689
0.0280080779509
0.307659345352
0.888385990134
0.913280433577
0.650407660565
0.363895787393
0.685965847095
0.509530537505
0.181199661234
0.533204147616
0.97705120407
0.648062729218
0.761821755928
0.770219031897
0.0184976910292
0.0525645910566
0.22797042544
0.266214375282
0.251585778791
0.7271612374
0.768456147392
0.903501696097
0.0367783794622
0.0664593126638
0.115039606595
0.0525651236335
0.259966127726
0.425648302741
0.956920688738
0.0233459260023
0.499257840205
0.0995068381049
0.0888732634723
0.166445147062
0.646331926933
0.784251840078
0.28692295407
0.526859601211
0.0733944696903
0.960857965463
0.159917185729
0.00753261659694
0.96299351502
0.279380632642
0.00289393569439
0.640781615836
0.3881201555
0.314775953049
0.129020261224
0.0403947546822
0.363770598836
0.140134077236
0.850135990477
0.429534909599
0.509530537505
0.073063873685
0.903137894624
0.83640201503
0.0243864095088
0.916005664025
0.392938744265
0.985524134724
0.593869304095
0.971984893965
0.0361588952043
0.921521456369
0.843879385039
0.915895508663
0.64396151608
0.184762688896
0.915186123915
0.675929340416
0.767906445064
0.704826519149
0.883086445906
0.267689086878
0.135144951284
0.439259504277
0.144984049672
0.954056592436
0.887557307788
0.755493692537
0.451123868747
0.124588637894
0.644023894691
0.979822765791
0.0129668460079
0.692266998778
0.210605122096
0.895935605912
0.46584959828
0.707237701342
0.744177068274
0.913639844951
0.0539427914315
0.235518192896
0.835980153779
0.934714518601
0.692212533119
0.722882023217
0.563364589729
0.97178732742
0.0160031171519
0.98798864629
0.395672912893
0.911782933805
0.59720928736
0.486509665735
0.965099382347
0.962650415252
0.868862700684
0.968672810571
0.483160664555
0.249721450372
0.509783252013
0.117311174498
0.976200619148
0.0399951012854
0.40078238825
0.89895700806
0.204106303537
0.371072700883
0.113654898091
0.731554037702
0.0727687620071
0.87143366784
0.123909243732
0.0698281920829
0.0210983481156
0.0195215589679
0.914522545815
0.17083606388
0.707524440873
0.971797571481
0.676995371512
0.946672076685
0.0685461024778
0.809294781662
0.57109939689
0.398777292207
0.367223777312
0.270517261099
0.929399398731
0.775002603815
0.297736183034
0.699329132164
0.630315208788
0.0973158474763
0.10034751354
0.941238379216
0.802661231696
0.955207873609
0.392888961488
0.183739294834
0.423023807129
0.0539188112466
0.379823871674
0.283223264614
0.950289224648
0.00266330615119
0.972338630686
0.882210759422
0.0715838446142
0.858717030195
0.872904297938
0.310980130305
0.842749524053
0.833750446966
0.536047907112
0.692109262185
0.806050066876
0.959998264603
0.956153704398
0.0670442072144
0.175259966364
0.431373195883
0.589273197685
0.803141824363
0.31716243219
0.0174738512922
0.00957377059611
0.983062397935
0.105970697247
0.330864261298
0.00600503859963
0.118100413643
0.444076695779
0.0128850592231
0.378817718444
0.0443272818523
0.975558892007
0.548244925746
0.787882267024
0.620979008643
0.892105527954
0.0248224532413
0.919211384436
0.740789783621
0.934413695564
0.965860058093
0.991700072234
0.892698117972
0.470563407174
0.78193519078
0.988705391735
0.82981773192
0.0765567890218
0.904728067132
0.0385037985963
0.139344752413
0.446964204134
0.0887882213047
0.653169900899
0.0539202525486
0.438930619495
0.183501839205
0.721293291413
0.00787725400901
0.353594893648
0.0838946806508
0.260087218829
0.90583555688
0.687273260418
0.014843063365
0.819456271132
0.518583092973
0.424045019301
0.651117850609
0.392997612827
0.0194540809947
0.204453251745
0.113654898091
0.913588746336
0.111158564705
0.947320875786
0.535360422544
0.0370595243485
0.174861181832
0.856340587206
0.893132751385
0.223711456956
0.754992881842
0.668409275965
0.204300565293
0.0512508328685
0.991780482731
0.809753465749
0.971402249322
0.398577766297
0.710544219664
0.472477091108
0.14489146919
0.562593452035
0.790013380722
0.354653991187
0.872696920201
0.858429699032
0.148819230416
0.415987286358
0.505275980205
0.923715601688
0.0639746344107
0.589069832277
0.190129148883
0.549414934448
0.955150885948
0.00355084075253
0.0305811362919
0.629587806952
0.351199916714
0.0366708693079
0.216314643729
0.0760446427652
0.179649076892
0.103920923776
0.940548506179
0.173272016096
0.488922699472
0.00259090933242
0.251211547071
0.796569888984
0.867657797084
0.216941267195
0.983185096021
0.838906975953
0.40009117076
0.065289106621
0.0931638619004
0.0306055635869
0.941050221024
0.0400596343798
0.325572722395
0.546226340789
0.933353644336
0.989586854258
0.767999028619
0.890741609754
0.346816920548
0.719734455457
0.869119254177
0.784759828388
0.328906812226
0.0670714775584
0.964180032024
0.943758086611
0.981910703546
0.261830389951
0.45930695195
0.0182381567115
0.619513086712
0.607287331809
0.10214301164
0.25313462774
0.417615833118
0.157754780244
0.670982430846
0.247343773311
0.954921893747
0.283411285472
0.913083690358
0.974098113914
0.874663855348
0.906623396109
0.903434808419
0.0555411157626
0.356770551148
0.875662696137
0.7383421588
0.226721915336
0.54840582339
0.985509437625
0.575801384743
0.611810590905
0.671018121032
0.477807150468
0.546409735248
0.729110185088
0.0254518254513
0.294393974966
0.00375393116536
0.401284691237
0.0283818109341
0.0114353198868
0.0872586906768
0.69961912095
0.558454042869
0.568597434629
0.644384158622
0.658791611424
0.966533806883
0.894488149886
0.415317632892
0.27003361223
0.340056071491
0.940137430808
0.251173178621
0.959588534001
0.981315594872
0.993232683351
0.871179018225
0.341822477386
0.958264234811
0.0555512760935
0.567221670388
0.136432054667
0.379000812407
0.171265625991
0.989485752826
0.621114487022
0.913553001296
0.96492323111
0.199061847572
0.87038712971
0.666227977174
0.609799998094
0.0736662458888
0.133282891362
0.765210614284
0.400802535778
0.876009785366
0.658995633643
0.0463913380848
0.165027043391
0.976961987567
0.179082001011
0.356052392194
0.894592460431
0.415652995229
0.995232012035
0.170077028694
0.241502236706
0.90575981207
0.110078626518
0.0490401612544
0.319852182711
0.95705850687
0.951307109969
0.0598022126137
0.149237080042
0.22504462024
0.950816489852
0.042696707649
0.00688775750044
0.887671533671
0.515696606186
0.750694222818
0.714173745425
0.711055335343
0.0687794492907
0.787280081444
0.113678368
0.798688011183
0.0301871299443
0.0801438313026
0.54126105459
0.0308906578145
0.903519218839
0.956387175868
0.803075423457
0.966459523697
0.954493641571
0.912012187982
0.807664677283
0.122193602746
0.247965252528
0.0916866235713
0.935600719342
0.0385893167168
0.0928339258681
0.0529377881708
0.688611136942
0.0104422665962
0.982754160377
0.823047612387
0.963315210564
0.978604283261
0.0460003203481
0.814958722447
0.0211012592358
0.265499622675
0.664922573362
0.0198846552022
0.45275655393
0.12408236664
0.0427595251993
0.977448906046
0.586178438224
0.04856960653
0.35367083066
0.667804336953
0.993273529294
0.313414593884
0.250680833081
0.524593535447
0.585808346458
0.182816459138
0.406596297547
0.0496341911732
0.882635355326
0.273663237236
0.69810224002
0.964944992842
0.800156125719
0.964699676042
0.428123869856
0.927731308374
0.455746534855
0.883989449368
0.05619268133
0.105970697247
0.974074884691
0.2801555213
0.0511420261683
0.731980382836
0.683543205733
0.904009658682
0.895767628065
0.0533350463523
0.932294141838
0.602925838006
0.236208145459
0.216521661143
0.294366519562
0.502988308081
0.0929268877063
0.0342913016017
0.614757579536
0.280539588116
0.722101666761
0.959530110583
0.209315376805
0.00229507698814
0.725614955689
0.977024766696
0.298806612528
0.389306098508
0.938933118527
0.230577957966
0.221806933562
0.992616290772
0.515402157818
0.169042002693
0.600859624008
0.635219706224
0.191119853297
0.813546588833
0.850794408884
0.952794389336
0.127810612969
0.291436735977
0.913047483588
0.908077660059
0.00667253856328
0.0586305818977
0.0179955267844
0.329534252273
0.990147950603
0.967055302397
0.496246078251
0.627898405618
0.457045815519
0.429402572651
0.0336948151087
0.0131636045079
0.296514719925
0.98182506527
0.655749270922
0.757909684036
0.00281907242901
0.862559888138
0.787255198817
0.907217662963
0.894652508975
0.0591337329331
0.423102124039
0.907471163757
0.859330953056
0.405486897613
0.697290654228
0.904262537753
0.649126691288
0.744318684559
0.286952394658
0.958101415723
0.165376721392
0.981807625785
0.846529252924
0.767793129561
0.402921068767
0.20409872902
0.437245682932
0.0560936117717
0.617079266702
0.866857740721
0.185724206593
0.128178948122
0.859025551072
0.550947265765
0.857351552062
0.10965642116
0.190285644886
0.515293847044
0.540592858087
0.643251893846
0.495859863267
0.0153285217052
0.752138710769
0.255394002496
0.276804343426
0.981372800616
0.888821096266
0.274077188443
0.0650970548372
0.517885565188
0.758055806289
0.981439315086
0.741585860445
0.0474361658772
0.888062955598
0.720213192501
0.880391037067
0.755484462654
0.980144304607
0.13441735812
0.963556370612
0.242794077259
0.0608915722336
0.975067317218
0.885425096087
0.879753370201
0.599218068853
0.633575510081
0.500656414208
0.756100437167
0.86617077345
0.0579211487546
0.862195344077
0.95901608642
0.0870967358202
0.905213690084
0.48836457831
0.295201528621
0.196465338852
0.752352269835
0.974175755767
0.764269554059
0.339574836017
0.936947078347
0.992326469712
0.135179920856
0.820443245887
0.0713372491036
0.936951247517
0.963905055552
0.350174290103
0.937247834267
0.523401577754
0.539065241982
0.637326484582
0.56316378062
0.746053762856
0.179056610442
0.763475057216
0.972373571316
0.497708238157
0.695199936615
0.671574057869
0.0196506467172
0.525016388264
0.951210137261
0.71048243377
0.643990653503
0.670750309335
0.366134249086
0.163111677984
0.933436670032
0.39715555784
0.00410343966194
0.487162821587
0.970359688014
0.104937355121
0.727128841529
0.0606211025154
0.0514238511932
0.882156415842
0.971178167026
0.639731217168
0.586814491524
0.23331727499
0.611250655788
0.05005412701
0.773360994412
0.0688963372785
0.986922748152
0.731701091874
0.295948997039
0.0292190572674
0.110971984708
0.985730935442
0.500240769385
0.370260572196
0.704694245626
0.0365430415268
0.337343024779
0.63224819628
0.125571337204
0.0779896071928
0.973555154372
0.927141593078
0.00801404382138
0.878659668889
0.826384304584
0.013010371943
0.705005875161
0.593578306644
0.936318302349
0.735679669473
0.0292537920261
0.185393479013
0.224232226015
0.236693095306
0.142564936621
0.907370073279
0.864020483776
0.0119775141175
0.170019976383
0.00881227207228
0.883086445906
0.53382901413
0.745019442108
0.864222030003
0.430465757649
0.887472844952
0.881859925348
0.831819007587
0.103376464401
0.646763888962
0.776414945868
0.592890135038
0.193923806173
0.595874748777
0.0701572734817
0.938021292138
0.37828432535
0.946084657562
0.0904229908934
0.0155985997432
0.84281578684
0.610435471279
0.00297283357287
0.902353437522
0.694052143884
0.867302434767
0.00585248550084
0.880256820178
0.025997345257
0.415336344063
0.922680238273
0.594710023934
0.921253115851
0.291612130267
0.877093760909
0.0608369990621
0.171026360068
0.470964826196
0.411952283502
0.971531548824
0.186901010295
0.961008918542
0.0619043146117
0.694218446745
0.95576542372
0.33335474406
0.304909238529
0.215730818338
0.987095566068
0.469195310853
0.0238502654396
0.80500833553
0.259598926612
0.624239374579
0.989572392605
0.977872866094
0.464603301821
0.763546767882
0.767575930779
0.916634841329
0.882809060213
0.992131204768
0.524780038116
0.188790994994
0.114744005444
0.990278596711
0.508304058877
0.633592558947
0.912053320572
0.904476105184
0.571131261026
0.821749026993
0.0516527738196
0.128365909101
0.707095327106
0.963989086092
0.0180707678502
0.976554604456
0.935992184357
0.518204528661
0.116115395973
0.0640621102732
0.146525349843
0.431982284339
0.83880291279
0.980109876044
0.531869661503
0.339781070335
0.789165435292
0.228492755148
0.493718752277
0.827202147645
0.937181005733
0.0595890839263
0.673936810713
0.912504754246
0.720704571039
0.568352204429
0.12123805253
0.816213236189
0.858254488605
0.067155287784
0.653593890639
0.0168089464296
0.955497716579
0.4730662236
0.944725579614
0.2765848734
0.666691111789
0.345062681801
0.029957182238
0.416027948642
0.869425245991
0.754353112328
0.90587137971
0.253338300082
0.764030759104
0.951428961221
0.235390666291
0.211893207226
0.0669488807286
0.50419750329
0.557336859186
0.125622453701
0.838129791935
0.107993119132
0.572971143876
0.895935605912
0.684283329191
0.968627111315
0.936290215816
0.613843955057
0.513776562572
0.967304806174
0.252447074271
0.00634258601023
0.0204961006385
0.0245697006013
0.10100172816
0.860318646865
0.393372479497
0.862195344077
0.759062168112
0.780390566509
0.0240253994419
0.0229388207689
0.0248465018769
0.263067230949
0.601564473259
0.936990155504
0.839109630946
0.48318582979
0.194475541546
0.313336541686
0.729430816004
0.895051533429
0.878774332368
0.373019792431
0.768923785675
0.94251801653
0.87973487556
0.714250247123
0.386376502169
0.234248537151
0.831695601324
0.314895779625
0.86202002573
0.581321414246
0.275425678183
0.913579174069
0.913772159123
0.211132656949
0.230319101041
0.401579293883
0.759278740501
0.907736550752
0.191877060884
0.00881227207228
0.161785067046
0.965330443144
0.298730901694
0.943698567827
0.619679784652
0.0359561858644
0.811605966705
0.25230212314
0.303800027493
0.738839758983
0.964716114125
0.417880120815
0.290406472462
0.263013610319
0.841579302167
0.00384771417265
0.219817401954
0.366320307725
0.996303656432
0.00806755172977
0.0273403324797
0.197389246023
0.243685670377
0.884499541807
0.43269088107
0.605511077719
0.251920334735
0.500164563726
0.952667548154
0.0777685055702
0.981104611881
0.981429988413
0.862498288002
0.39597076924
0.013125657935
0.239957254347
0.292296985102
0.976116159158
0.916531069472
0.995827056624
0.288417064361
0.792949012109
0.905246489463
0.901019472599
0.966799383376
0.0825776965287
0.488294281747
0.949946224025
0.185164627784
0.828314766297
0.00570254056485
0.089063504737
0.0853927217036
0.827974192144
0.459978049945
0.915318559638
0.721862014346
0.46237583123
0.150629498869
0.742302968036
0.772939621959
0.960396526602
0.973033660855
0.323482993117
0.264235082975
0.614464676031
0.0433833971582
0.138374497267
0.850563205132
0.231406245662
0.0415508021159
0.890023349861
0.930790379667
0.274700756557
0.049374353391
0.845557320112
0.946612462452
0.00206029247313
0.89391128619
0.0319994828723
0.956170751083
0.00556112057799
0.438803700794
0.0876541225497
0.0397982252607
0.842600725797
0.205594988417
0.872940961681
0.0521180091171
0.391571557107
0.0283449829105
0.307467343712
0.0692813254496
0.53127931444
0.176532308929
0.969235480645
0.946326457507
0.607318472586
0.904593551691
0.594323197768
0.968529729418
0.162576877668
0.135925818144
0.0246102582043
0.969352232408
0.250276452412
0.880427347923
0.163002795531
0.276641523868
0.212082320783
0.900591667899
0.0818023647433
0.657269621399
0.0282165255405
0.0170116741466
0.193279986679
0.702827892887
0.12075237835
0.419349987224
0.16597975812
0.0530519908042
0.938373505219
0.671440803331
0.218040264414
0.0910901213938
0.949992295365
0.74674823015
0.528999666848
0.150684982845
0.656140597884
0.680605202999
0.171582402852
0.0441133497087
0.977210732787
0.723305340356
0.361078035387
0.55965626909
0.441924037873
0.102071537533
0.0268024320904
0.136451552086
0.745770923851
0.87680741016
0.111264092627
0.878219989275
0.0241229462241
0.121833811666
0.204933003455
0.185746883679
0.694384484324
0.465270999431
0.508289038477
0.714111824809
0.794635098602
0.0144997742614
0.0267619108535
0.615519876246
0.544157144868
0.105737313036
0.685749013188
0.0590440587019
0.0975920031662
0.189367731524
0.682394932641
0.959245693095
0.977165049978
0.663448434058
0.926504088316
0.96850843606
0.492094412901
0.65323096185
0.916634841329
0.965136162877
0.419510016756
0.519226002739
0.79631616643
0.98586561938
0.0172346621279
0.943553398046
0.0430997820451
0.662790355353
0.73773260131
0.974687920685
0.123828225223
0.0402517579632
0.664294716449
0.363652457535
0.191119853297
0.0198072717429
0.842829390389
0.625604366742
0.412137183113
0.887441155661
0.0802242313483
0.724216399061
0.852816837685
0.0146962720351
0.230019527795
0.669437625314
0.374795089221
0.00374364358633
0.0864789941431
0.922884753983
0.339578911226
0.242054899534
0.59985415308
0.462221463577
0.898275636669
0.188527718299
0.461298545432
0.0985213767581
0.0844131411179
0.896507844787
0.428637183809
0.965635117076
0.990023159248
0.179705612017
0.0171764796051
0.437872649627
0.871880831288
0.958545688904
0.123605106579
0.969102953342
0.939155577439
0.173761255201
0.739712094743
0.341264962359
0.710294707209
0.0158288806138
0.41692657791
0.656901284652
0.581112695478
0.309341616038
0.971787158289
0.0381718546661
0.316399744327
0.0446482269179
0.720169980025
0.862505166551
0.0779252298849
0.927534762648
0.52947866145
0.557988304731
0.427645582821
0.157494761084
0.745135845992
0.945891926612
0.0909180888116
0.501877982215
0.963102632298
0.920608297791
0.00916876671358
0.79913160473
0.902791663678
0.452376413346
0.0133823974981
0.913276668569
0.974617043924
0.178512766201
0.0588630113965
0.0141592838145
0.992163312276
0.451864829418
0.455567323073
0.321426940057
0.989689089241
0.0178879579708
0.938186475119
0.974030143555
0.5361132587
0.976963492851
0.00436314524735
0.231015876584
0.581317872297
0.52060574457
0.262348942918
0.310013008388
0.98886037405
0.863135159998
0.177129781342
0.483385901075
0.699602417858
0.969925130925
0.886359011695
0.96963705086
0.0844587847603
0.770639239011
0.953650511551
0.0108531543041
0.762770517028
0.834523848783
0.797630801941
0.0168241930311
0.27131236128
0.412582501274
0.672000911488
0.0106322808141
0.528724674189
0.615138714211
0.98056573145
0.948506527315
0.826384304584
0.973808024347
0.572149607948
0.493379003493
0.33729799405
0.0288519357381
0.122148851623
0.440834536402
0.944702372804
0.0237902427026
0.680436785574
0.865128836912
0.0505488313499
0.845260489074
0.950400800872
0.900723848982
0.382743126104
0.957088212086
0.122298703144
0.160020746966
0.250737276282
0.936291554856
0.497201755647
0.287442795349
0.499023317137
0.750801412171
0.0415349001008
0.0673271375089
0.472315833647
0.0915800722451
0.160382347768
0.73729273706
0.969194514895
0.515293847044
0.784124906121
0.14098963137
0.886683109801
0.500543460515
0.559640345138
0.338150713992
0.875242460693
0.531846776603
0.263621415716
0.80214315628
0.247019990005
0.45235860193
0.229851344054
0.290921118499
0.232658048688
0.493749872308
0.242450117888
0.204198684029
0.185938589631
0.735117056515
0.0160559698548
0.0537844532935
0.766078076194
0.107357899971
0.754909189911
0.325110974566
0.00789889209237
0.256178805528
0.988175120403
0.904826170816
0.0254766769754
0.0250821136497
0.0297626282194
0.159158347278
0.561800064932
0.972125610709
0.139466989996
0.00394322413578
0.863697617851
0.901237858973
0.352147001318
0.948465880746
0.350173515512
0.313345505869
0.0740973408928
0.91506596893
0.309585089668
0.742178721084
0.875717806714
0.01714246113
0.635697747005
0.576547940487
0.0422031733945
0.211308858846
0.298736280618
0.423444523395
0.07634116129
0.0159126958951
0.279403911958
0.820449689278
0.10216785326
0.633074852629
0.191658341424
0.151879105588
0.720423708034
0.376556243115
0.993172499829
0.816161213532
0.310683940789
0.435792282567
0.940365090797
0.183153982482
0.141743215789
0.453248528246
0.650278213863
0.872523318409
0.0164679658999
0.118972801573
0.494211626899
0.70830980699
0.495805409284
0.265230151293
0.0549169423292
0.0355045534623
0.459889958512
0.0404116117662
0.694615105868
0.106608645057
0.0522836440961
0.675878522712
0.0114545144234
0.376530289287
0.332631353767
0.992352455311
0.975391043265
0.436912041431
0.0219722726675
0.850160994198
0.359756219108
0.0409396773408
0.938021292138
0.894674319782
0.712889103412
0.608520066286
0.992378256091
0.0916178359976
0.31521393244
0.849263110837
0.592657496688
0.563299852826
0.800523626023
0.27355108584
0.613217176278
0.285758174164
0.403145538268
0.878813239992
0.39311839479
0.861205303114
0.139894212003
0.966658750728
0.994303908075
0.411402388754
0.979364159083
0.374599664016
0.846576050855
0.0293207093127
0.353402831147
0.0216469082948
0.0391002682761
0.383645996666
0.677889617222
0.766958582603
0.580267009246
0.858851855275
0.636550397596
0.701690438028
0.466593090492
0.893399430048
0.0596234446098
0.811893864808
0.879203048946
0.956590120195
0.396958173366
0.936173655864
0.397850312881
0.261642225415
0.774110715032
0.983738183273
0.889098429355
0.165391867819
0.956198083654
0.83451092146
0.45792254885
0.17465956246
0.411410799223
0.929443390651
0.534315221528
0.0825740344167
0.884372175297
0.295201528621
0.778715989057
0.155895393161
0.386962974102
0.899127240768
0.861478341582
0.00229507698814
0.305707268423
0.0222340601553
0.897626039913
0.983755715148
0.154716106393
0.0979522794343
0.453170648246
0.965261132776
0.958612682889
0.981825409753
0.343188117052
0.025978072118
0.214382093714
0.619864917154
0.995280886536
0.0373840730605
0.749809009294
0.786411978811
0.216944308099
0.918350509672
0.166151403716
0.137600253521
0.520133938211
0.081296566677
0.0931828589332
0.427365107849
0.946592111438
0.170616662084
0.158397609147
0.602314456631
0.165686869359
0.560109404595
0.43624192372
0.6603957462
0.408737743527
0.654626588895
0.98764958945
0.972906882553
0.266372033173
0.931133842531
0.0979317739206
0.615609313417
0.388830683138
0.249559479093
0.276852088669
0.0162817994065
0.0095695387993
0.412186734062
0.323391776043
0.168648871198
0.950104270136
0.770381798623
0.818711815223
0.230710440772
0.0770117127354
0.964679057858
0.273754285278
0.333943364457
0.891670614026
0.427781932767
0.678826257795
0.759266912015
0.587905167387
0.412850320953
0.737540031786
0.0444217814638
0.0248465018769
0.242310903761
0.923583464054
0.919902378879
0.717086590392
0.989366200865
0.927408912073
0.0440207842085
0.284955770622
0.797570621949
0.245960669252
0.557236186661
0.953015211659
0.438998264682
0.154674940948
0.0636027760566
0.109740760131
0.839915070624
0.943862171622
0.152757727947
0.365975566985
0.00407543663395
0.680114891042
0.977847856242
0.967538891584
0.818853971245
0.957093718406
0.60931262254
0.804227557166
0.956647990517
0.908979669297
0.908254148976
0.633458123115
0.626773817123
0.0834065667528
0.255814166635
0.958071420228
0.950248938139
0.303407639399
0.975858521683
0.873864889715
0.261247692792
0.270316774581
0.812058352164
0.784329532114
0.764787502433
0.162571330118
0.89821641667
0.135404641156
0.970305929311
0.51140377903
0.0132960238011
0.286816549311
0.0283449829105
0.913808021053
0.986991439789
0.659991861981
0.281769844331
0.223317683835
0.30477875749
0.113969332576
0.786172268922
0.928298170768
0.252308389961
0.13326075523
0.692850066597
0.0113057056564
0.0317201459086
0.944350952155
0.694384484324
0.630555446124
0.0710637866354
0.965193379632
0.410878007397
0.364704663148
0.901596110303
0.0141924042328
0.0508407372875
0.0462368133198
0.30566952671
0.0150532033529
0.685121962606
0.515446891586
0.846435127718
0.098813474217
0.607048565227
0.885819187351
0.138690371825
0.524472448753
0.46041931819
0.16166042782
0.0243249349863
0.45757093256
0.330496932626
0.186306154142
0.939579603033
0.839374144221
0.548935221493
0.292566511892
0.786273112088
0.0523455646625
0.272434578163
0.977407894037
0.915515743103
0.852956439844
0.854798308939
0.0695987095354
0.54846158085
0.155627072378
0.884153176022
0.947306197467
0.113071832516
0.989894927819
0.78508314179
0.0364812319389
0.0920142101797
0.517155461845
0.331734058841
0.624571984673
0.0253028132134
0.365998025039
0.557327980913
0.993641743869
0.0783349581428
0.532289539127
0.709617441074
0.179372666815
0.9615420511
0.997102592513
0.871811608661
0.467289297366
0.971926086191
0.222381314804
0.687964460404
0.589817692725
0.0534682494869
0.954738651549
0.378241950671
0.231103251061
0.695525897484
0.608387236573
0.950516673545
0.729182059344
0.342591725244
0.956965976907
0.963603555778
0.729143573546
0.0163352697022
0.986137109777
0.449296124879
0.0504793074389
0.753815717397
0.727823579047
0.939523018787
0.0715925465123
0.98200801423
0.0288488221214
0.180921958018
0.96243438992
0.876893367774
0.760985313395
0.754553723619
0.852322535032
0.00255316213932
0.694222889342
0.00231983180625
0.336259660229
0.412358836738
0.276852088669
0.10188919774
0.556076551466
0.0360586937278
0.983866795337
0.0528560509758
0.376831675058
0.0515201381761
0.733244025368
0.805329888661
0.66564199453
0.139344752413
0.605707641714
0.61609747358
0.0162751321905
0.675062934447
0.0118560423484
0.706426430421
0.381078164931
0.0138193622827
0.939192412617
0.911111552903
0.13025469806
0.467538399326
0.0267899670209
0.89583684514
0.0422158642949
0.00579460157955
0.968839272964
0.0998627061143
0.582057290699
0.663061385446
0.538958202022
0.31479376521
0.976963492851
0.78408760854
0.419643949681
0.875753719305
0.937790806881
0.814269056974
0.597194631662
0.502131253693
0.35218706972
0.931806089197
0.564133811906
0.0367614437044
0.00751434761743
0.250668198112
0.654450681036
0.971797571481
0.309126072158
0.53101955279
0.990697445697
0.707731571928
0.943742370036
0.749565531413
0.708921924488
0.43878416383
0.408345057972
0.0748917581248
0.836084793442
0.105737313036
0.0880426936386
0.0561686434519
0.0289494246227
0.848475249512
0.728346432456
0.377416574781
0.0282863757643
0.738160000064
0.934280971043
0.502857246397
0.970614340971
0.229937914617
0.53577708169
0.323873292325
0.177990504581
0.843710418319
0.0439371099723
0.910991061881
0.589069832277
0.89743356341
0.128578102453
0.489147765767
0.814705689482
0.465174708342
0.35920287406
0.515402157818
0.926791509144
0.281687197065
0.868615253743
0.918463240255
0.975602689921
0.0873942983896
0.292410754179
0.808189579855
0.900843991169
0.260436971091
0.0536873695844
0.05721597937
0.686695996396
0.965474742561
0.0402161134357
0.442177358781
0.978604283261
0.41247262414
0.160058011286
0.0495048294949
0.0205305144003
0.497736181943
0.485797025325
0.863772600883
0.901497094375
0.167104850186
0.973606007887
0.096900979677
0.119673032416
0.276641523868
0.443952960659
0.690943015513
0.42334230396
0.0177476635584
0.974529131238
0.73385758842
0.0269480819014
0.414400405514
0.67820443652
0.767996533822
0.0333958008476
0.949135523681
0.843727414614
0.970453178274
0.523636814348
0.185692303764
0.199972881006
0.743664459301
0.989423051557
0.0169770734179
0.584365041849
0.00601054682425
0.5728247255
0.835867753015
0.0144185372164
0.0105413121688
0.583240517322
0.425581702757
0.853332455783
0.752174132708
0.289963047521
0.674014761037
0.20269857303
0.98923441343
0.430032996642
0.941969882458
0.186273545365
0.632579631912
0.894110004096
0.893480408919
0.693915751312
0.627106788874
0.604758081473
0.964506225882
0.882857971655
0.0290406829622
0.821411588576
0.555732098813
0.0640459983911
0.225947785425
0.622287984795
0.26947291717
0.0352624567883
0.912194993157
0.243688234648
0.348208618627
0.186724726485
0.492484153322
0.0966798151933
0.467484588609
0.0580190724161
0.449312424931
0.169546644016
0.700180090455
0.0656727185785
0.52640269317
0.671018121032
0.24904157992
0.219137629159
0.113651824541
0.983199475409
0.0111750350467
0.338888026272
0.960223586909
0.988404339723
0.297239181452
0.00500856524455
0.256228686105
0.329486737114
0.0596100975825
0.962892426488
0.961856977634
0.629988596163
0.694762307806
0.0439906651208
0.744368374205
0.909791484403
0.377538693097
0.531540932913
0.506882890683
0.962571049624
0.0556728252105
0.4425449802
0.201688219012
0.902138378942
0.924015462321
0.545877707751
0.34084572693
0.00576403000921
0.228938058369
0.890431697319
0.591107155556
0.20913334205
0.81498920543
0.823152176623
0.485384409846
0.0239084755656
0.14696616647
0.816169644071
0.958001096273
0.982565451471
0.027757202634
0.754768583931
0.471108622234
0.872010179776
0.783850975345
0.0244911561796
0.197930236333
0.387417535791
0.976658872216
0.353622300215
0.0696517445393
0.841558341072
0.859512706559
0.92002591339
0.130230277127
0.905649633787
0.756503999121
0.180657490315
0.964027119528
0.982566651859
0.0424812450913
0.62587739914
0.934838063957
0.13630576079
0.150918625658
0.413475538749
0.104534883
0.952843984542
0.834395653763
0.135323742022
0.992781541016
0.280571068198
0.0811718972998
0.43475148903
0.869150281114
0.187662103209
0.0726009409216
0.80870761639
0.60113583487
0.893049873094
0.822406175611
0.259598926612
0.747611797764
0.0696517445393
0.914268057818
0.109575632551
0.836277756948
0.212924241111
0.726996581186
0.150714293163
0.0413852765482
0.973808024347
0.399446284802
0.17328721684
0.674112821286
0.129530614646
0.731554037702
0.811807256823
0.0464448766265
0.511489415021
0.921108623413
0.88039438481
0.0131297660747
0.0124945041705
0.804178575331
0.11489944688
0.728189446354
0.418037910838
0.19030818812
0.431982284339
0.795609926804
0.425847481943
0.254328325151
0.498740450484
0.039344295803
0.74776060199
0.906956581181
0.840611673168
0.463142157598
0.0102702733207
0.61182808741
0.880441198653
0.00301469103233
0.573859665365
0.967367542737
0.968701116069
0.758411973495
0.647822762857
0.662232925994
0.980633229639
0.583366860968
0.117606443662
0.393859701648
0.0477798381539
0.979383656504
0.751918700543
0.908810665112
0.457290227521
0.439992634385
0.197693919639
0.0216166450152
0.53683593392
0.367386522825
0.982775742591
0.216902138009
0.138855746528
0.341409426369
0.454244189897
0.976348839062
0.0210863870282
0.118318854432
0.817715463437
0.530675763454
0.135280392196
0.734943743537
0.0251502260093
0.895209745824
0.684086813427
0.752033500436
0.102888076686
0.967454336919
0.863744990069
0.977095294717
0.945365631387
0.0589352626079
0.974041969312
0.168075457594
0.992054016833
0.319165070663
0.973503630746
0.00221199877018
0.353334246087
0.569122282073
0.349665953624
0.580908553053
0.578679596972
0.869794225023
0.949499563036
0.946592111438
0.950919418092
0.203753327327
0.239455301926
0.845641747608
0.290712937122
0.410306907672
0.691501395254
0.643058100517
0.106792155067
0.488724160054
0.760887690959
0.909591292136
0.787335503297
0.596513799028
0.413026790286
0.0274163537668
0.140521210827
0.0194991494416
0.579154934763
0.315073009808
0.00975708299057
0.590006879444
0.988789760825
0.268623782445
0.685704510673
0.559013380934
0.529772309961
0.628840272483
0.00696893146612
0.849910978744
0.79176028375
0.490116785371
0.93458245647
0.00230973412802
0.0401256842672
0.89563015482
0.899276287279
0.465921235008
0.849224022808
0.760368225773
0.78268622234
0.993112615361
0.607749884561
0.552035490185
0.609259370669
0.0303940441881
0.937858097157
0.118609426358
0.256171892371
0.885099200819
0.378405184611
0.861997816224
0.62559320876
0.569439312044
0.723333628311
0.533797797528
0.517140160228
0.707536921286
0.424141030208
0.330132723839
0.930208931358
0.311477971781
0.0697263295187
0.726217923035
0.346668138863
0.972228916169
0.243645597358
0.599872201514
0.198807870258
0.224554070139
0.260341003031
0.327433370919
0.961239853628
0.81429097206
0.153165569805
0.635403874666
0.00900411173642
0.960915479838
0.0144340563979
0.699601538394
0.697909663195
0.963315436067
0.170019976383
0.84142020345
0.886723677791
0.129910673197
0.765448780016
0.203361930883
0.701581730426
0.896740845804
0.162544590737
0.699239763467
0.702834921955
0.295533308548
0.225209780383
0.337302644676
0.909658147404
0.773353495583
0.363101979578
0.0484028072371
0.156371193468
0.140813212816
0.899319830678
0.192900505596
0.920760287302
0.334474257102
0.527104731064
0.0068506101949
0.440812089513
0.82295438386
0.84346818102
0.926107292052
0.080050135311
0.811276667391
0.0154013889294
0.0122522110057
0.915322585016
0.665157390709
0.225678248868
0.361481037338
0.0124574954396
0.653876407597
0.371725302053
0.26139326621
0.0198063799225
0.07781644615
0.374484253992
0.492300201586
0.550872332005
0.958052351297
0.509090553281
0.402200596295
0.0982948046262
0.0982948046262
0.372683522171
0.593766707035
0.0669488807286
0.847397277504
0.61116614525
0.0785985623868
0.978879602391
0.880427347923
0.622774662676
0.723363278039
0.963488825784
0.290712937122
0.942530374241
0.14715736808
0.324402078337
0.30094080866
0.957092482282
0.649032298863
0.635184702476
0.765519608955
0.290945806181
0.974098690358
0.837836102903
0.247426839606
0.91363440714
0.454113052865
0.978557878109
0.947279489888
0.576807511479
0.920066945302
0.959941223001
0.938699364814
0.00976369629016
0.850744669852
0.813006511121
0.541084226501
0.12805697593
0.512716563881
0.833819673868
0.150714293163
0.537872063819
0.94473806622
0.238177698969
0.39789114934
0.991272679975
0.649276358879
0.98314650281
0.938712118088
0.443675768661
0.025978072118
0.935992184357
0.926398632817
0.958666921419
0.157932310818
0.119588735615
0.818460848774
0.312256041601
0.971250214038
0.981526977107
0.956935217723
0.163035707863
0.0125829756577
0.163111677984
0.789798028625
0.9408660768
0.872779843882
0.930410461952
0.0496341911732
0.571309071494
0.140507388816
0.976512398117
0.173802813725
0.389099472236
0.0158125054728
0.963349777812
0.0248224532413
0.974348425696
0.985370123239
0.978437873411
0.302434904914
0.849910978744
0.361665257454
0.517462783654
0.929928658782
0.258062286611
0.986317112131
0.0618839143984
0.334235675825
0.717040537565
0.147605886749
0.995846509942
0.515293847044
0.682629727459
0.0767342458696
0.131726153169
0.482519022072
0.989350514008
0.56182597366
0.624494794853
0.761027790539
0.0614903597327
0.16587582303
0.264491419782
0.978665510956
0.00904801575613
0.00691651915721
0.0432079392066
0.101524082713
0.542857076697
0.909856880485
0.301499129337
0.597974318782
0.711025885865
0.404745934751
0.75663626447
0.216470209306
0.087245440645
0.933442736517
0.917814435714
0.289244753192
0.219717554248
0.49198249493
0.115275062294
0.0167797783227
0.667280157548
0.838413935576
0.557635729959
0.962209456264
0.911576155257
0.447712147534
0.955163669487
0.968095002024
0.941969882458
0.71141328476
0.908231987297
0.853224193183
0.89917773645
0.158397609147
0.0235157992685
0.810578294217
0.183739294834
0.957995511497
0.83998284151
0.0440414670928
0.244063750737
0.98539768635
0.438059934491
0.180912746807
0.863186848868
0.0657488540462
0.976120706819
0.716544209333
0.781564181495
0.0812390397676
0.113523365406
0.979105570289
0.563363525801
0.0133411885519
0.586852497895
0.802520751798
0.932301523282
0.289337024402
0.47591655234
0.72768034548
0.26707049598
0.94915371732
0.884586396346
0.178784567922
0.887780058948
0.907622467809
0.503458882212
0.0126235207247
0.900108726878
0.400236604066
0.0736662458888
0.744374050512
0.333014733595
0.889655961411
0.182825889776
0.662934876099
0.667634289899
0.0365690689472
0.405512854995
0.0162263372762
0.0408802875083
0.704704928849
0.383602180435
0.332237651458
0.969500530801
0.00546094671606
0.693127473049
0.94218611609
0.0170438058623
0.54082815518
0.84303646463
0.653974011703
0.508390710803
0.440971307426
0.0252998997892
0.953224940483
0.569527765841
0.0217100353796
0.29489604949
0.371277418115
0.162823379851
0.904639215105
0.680472271204
0.976781637542
0.753815717397
0.684796522146
0.642001151357
0.743965256667
0.929034390167
0.214775337775
0.684916918074
0.117480309253
0.476709957054
0.0449280418129
0.417283117946
0.148029564404
0.952024557727
0.598895550409
0.809927410764
0.117840991872
0.469040020393
0.612248345901
0.165168677354
0.659898142099
0.873514678629
0.0253614370864
0.111223416574
0.167669913523
0.286654470762
0.848046157435
0.00871242949688
0.611449741601
0.17738153501
0.00227638684944
0.0935163791985
0.127439174944
0.903424580866
0.354055983276
0.786890024014
0.850563205132
0.286461551508
0.949988207737
0.808901589744
0.737600663838
0.971208202687
0.953165385197
0.00134172022323
0.41101501374
0.990385654498
0.29982880622
0.967679174505
0.00614401222818
0.337485971191
0.475492917787
0.600917986615
0.694307481406
0.699630542129
0.322239380854
0.0641852498752
0.792600153722
0.0034193076612
0.60597930423
0.974954635709
0.339894565669
0.0777685055702
0.0958386651624
0.175825703564
0.444550683116
0.622096520048
0.799092942371
0.0275748942273
0.777219953541
0.884170661043
0.728473283877
0.985016869424
0.976699419945
0.889127507313
0.831163694988
0.390672709655
0.962765832275
0.144883486443
0.0196912287758
0.533446928285
0.448487017228
0.160819203156
0.990767902082
0.232774782743
0.974848203223
0.426420072904
0.675550118526
0.262010756858
0.98595669164
0.653276320706
0.175653397466
0.271872555131
0.473788445288
0.078365154736
0.453248528246
0.163428760391
0.0284817603621
0.0114545144234
0.0706081399192
0.697135641017
0.933596238745
0.269932235193
0.133335015578
0.518823157097
0.950809754944
0.25697849447
0.835197535855
0.842692943942
0.362723166089
0.981572576556
0.537520568211
0.386827466325
0.273623595128
0.366802883228
0.402098943109
0.23620511098
0.898634068942
0.9250249814
0.685749013188
0.590339780968
0.167019187439
0.166765668072
0.313946759284
0.0646606034122
0.601422953861
0.538173211846
0.166471469732
0.836837481156
0.0253981510738
0.0759057495641
0.906225675553
0.264411145673
0.0191849304758
0.648071605377
0.207416886435
0.890427304469
0.146243537847
0.287656530902
0.103972449645
0.292287426218
0.425380915992
0.926054299589
0.539533161238
0.970968611385
0.846061558226
0.479247975778
0.0807778551307
0.961907473336
0.933694327158
0.547328588882
0.689372479931
0.986876146819
0.0405347271656
0.561978896588
0.949144747673
0.0384240373457
0.137600253521
0.580267009246
0.688191843091
0.177740523537
0.582487986548
0.600502082988
0.980856468445
0.265452043991
0.956297244253
0.0202531716779
0.498848208955
0.329341509998
0.413333130812
0.602047135916
0.840889797918
0.144423132875
0.889336962315
0.00399676022499
0.11434798226
0.813546588833
0.776394982239
0.101530164773
0.867316485826
0.685773925903
0.712213612365
0.656950689097
0.663061385446
0.080718912906
0.974709267247
0.601605218212
0.326421736238
0.99523437101
0.33020252543
0.0671429031491
0.772331720286
0.57426387785
0.875981939697
0.25209982682
0.0202355316586
0.412358836738
0.974597424892
0.058390141947
0.602102201516
0.550539334542
0.774892605116
0.716624017205
0.993276255038
0.697909663195
0.823621051481
0.964141178286
0.887441155661
0.850761552064
0.526073832881
0.686085619606
0.695503142152
0.0968176332738
0.806093405678
0.541741311835
0.187062704678
0.96495492878
0.0272732170043
0.426135655209
0.5029538861
0.975505411058
0.378381068612
0.258987348819
0.984565372747
0.78508314179
0.843163605802
0.0448557415741
0.430099900977
0.0501453421028
0.699626931681
0.0492891299244
0.872671848235
0.104719018326
0.930716080441
0.00309589033654
0.0489147741689
0.0589408042965
0.930743308371
0.641905902817
0.568722193279
0.0324837843624
0.158490071734
0.630474068187
0.850208233052
0.901351355477
0.0302763695781
0.0499163810593
0.0514985480333
0.483645937498
0.981379256696
0.992672043573
0.889863403314
0.662420227177
0.957176295125
0.345439687238
0.0181961154008
0.715581869561
0.0510695723797
0.792282614311
0.68341896845
0.0172851818295
0.727988556608
0.025843351675
0.059016336593
0.91199964559
0.334458432956
0.396553349894
0.856111803888
0.917063331842
0.265437779959
0.0682767390419
0.580561099013
0.00617981162104
0.113507843543
0.0236518993534
0.903419193106
0.720290669878
0.14274289501
0.935009808618
0.0494424841752
0.637413797589
0.0251668029751
0.800523626023
0.607182335486
0.963481313182
0.664699836579
0.355346387549
0.0377903148031
0.341572478514
0.202733384973
0.964679057858
0.0275361979837
0.424302631176
0.0374538905191
0.109804732238
0.0246429194175
0.441072682257
0.62196981617
0.853129170509
0.173802813725
0.506456714713
0.963007537458
0.547144222122
0.290212068673
0.874062034003
0.0211644974626
0.00397562183936
0.745436207889
0.771938826838
0.765906550907
0.157270752528
0.0382305822332
0.398085336607
0.105570822693
0.524477151066
0.314809698463
0.719471956313
0.110918184073
0.0444160344084
0.264291484351
0.556224340103
0.723810954257
0.533827387928
0.444297252973
0.965999348074
0.0113815818159
0.926326804228
0.890785790655
0.844176069489
0.941070718958
0.204651402264
0.968703181297
0.173298694225
0.98344810171
0.110017330194
0.144285558014
0.17877687459
0.9942933519
0.224052682292
0.463903788387
0.74080518218
0.745833237614
0.319852182711
0.00372623964283
0.638517847942
0.17070901209
0.255814166635
0.525942289789
0.910793214871
0.867644924117
0.501350571397
0.491573988339
0.466032250571
0.327343445902
0.0251864941738
0.699087594628
0.203612566629
0.0321314607946
0.346886816299
0.634658777223
0.940583405257
0.950199753996
0.0120634447376
0.94064617738
0.960712535601
0.49035963145
0.954614515051
0.300704187529
0.175882875749
0.0786394900183
0.399568606492
0.486182543183
0.464870706564
0.286874714986
0.767721118684
0.97293593222
0.933016027782
0.929975284678
0.0435705462471
0.345932776781
0.84045288256
0.197746396099
0.772998241539
0.81535060046
0.0232331576978
0.132544808425
0.239473293108
0.485018865914
0.666115549898
0.181826008005
0.844266218221
0.049931710607
0.121025624047
0.157017352672
0.204157226369
0.9039766414
0.192273975188
0.786309029043
0.31932911591
0.661800382237
0.385275506991
0.039344295803
0.790771891986
0.544826945062
0.0158755228306
0.370955080668
0.917893008166
0.501350571397
0.765431414524
0.865187469044
0.784437513167
0.897782456243
0.00446378622399
0.661326560228
0.013010371943
0.729944959483
0.988975410379
0.604292590452
0.772077165408
0.348460234573
0.00144667277595
0.94376719521
0.0364161563059
0.936947078347
0.0888732634723
0.22307572234
0.94409227606
0.914366316176
0.739364764788
0.741833717901
0.919574998189
0.0853885341892
0.904134647431
0.560710845851
0.983185096021
0.175524049759
0.911111552903
0.0946122893442
0.146326620563
0.269694000271
0.886097634817
0.663687613509
0.794661657454
0.14753432372
0.89123880124
0.253337889411
0.102592621278
0.511489415021
0.390077800377
0.939791138135
0.910876186593
0.0931326757972
0.871736084568
0.786332889351
0.200315862926
0.597994280236
0.831019241919
0.962496391287
0.31730240624
0.523745512757
0.0694597339183
0.0303893538451
0.149334092258
0.29083292908
0.513172910809
0.202611422731
0.0335638450099
0.845671524016
0.852626352242
0.00797794124305
0.982100901535
0.163698150521
0.949347002478
0.62663995498
0.175253389944
0.73738724178
0.197229254299
0.781827214435
0.29062378631
0.763833234895
0.82779329558
0.603134514715
0.327005827985
0.00537523108691
0.485648396428
0.850278994885
0.793017073909
0.756428016724
0.219304693166
0.0791400107529
0.438756037782
0.989604349319
0.750113579623
0.985416464723
0.302944949921
0.925301993772
0.058634783269
0.926230197806
0.827196385328
0.303386994669
0.975326911023
0.852565860836
0.0436511896388
0.500240769385
0.783011372906
0.764379939494
0.384154610918
0.960787351842
0.801057108814
0.00318779115447
0.921018630236
0.711930780055
0.893855436995
0.401284691237
0.562743310192
0.91621026962
0.300994350348
0.069787876698
0.0529377881708
0.0219348622155
0.0842463115693
0.98220150673
0.975057388589
0.927793292912
0.0133922408144
0.350466636656
0.872378308516
0.945994823966
0.154186384101
0.0801438313026
0.214647497572
0.839059311905
0.250619865664
0.337595136168
0.0199746812471
0.188325631181
0.793432255004
0.970799924297
0.292465427648
0.869135315266
0.0795478007903
0.740742381881
0.752825060398
0.00737145949866
0.0106453334569
0.404910799878
0.787770455461
0.0442956675731
0.091927680046
0.0565911001127
0.980890806744
0.00115578250976
0.589064620817
0.0365994209655
0.251585778791
0.22523201777
0.939523018787
0.445277558514
0.721632342274
0.594482504931
0.842646352009
0.0513047415682
0.800098626579
0.0298756326483
0.213483149611
0.692850066597
0.021410171831
0.698487817602
0.951771653986
0.458441198577
0.749270072052
0.427451023217
0.308454764846
0.813257570677
0.531238501325
0.504345718128
0.722285315849
0.0278600224379
0.216285754584
0.689754321917
0.692397712178
0.494390422275
0.448182885425
0.95260285233
0.714681172261
0.0445483543536
0.0272213205619
0.981157637418
0.00811943077201
0.888965779387
0.359315300623
0.270338243983
0.875198082323
0.842690286563
0.138849988861
0.0479645295778
0.751416783571
0.977183308678
0.826290058337
0.962189850967
0.148498088481
0.194700624569
0.794889219314
0.557808724213
0.366485622691
0.523355782328
0.115218961438
0.940057494049
0.945752734584
0.978387026432
0.764510126955
0.172104389574
0.9782900781
0.203587492132
0.250583541517
0.588633818654
0.77086244204
0.262557067546
0.951958707742
0.981184496616
0.14353490016
0.636158534362
0.156484825589
0.980400693117
0.991169919913
0.129502932272
0.10410944902
0.522922526378
0.90807199204
0.0816876912128
0.836609425081
0.0198463993942
0.0810226811238
0.0308922747841
0.808433472109
0.652029129952
0.00625128729897
0.0510009018735
0.458130814908
0.647387290726
0.659406074602
0.316648108498
0.809927006191
0.352868215444
0.863190189583
0.737839934317
0.657608038784
0.917892543445
0.236358399778
0.926755160676
0.0160559698548
0.759893069518
0.945639654585
0.661053418651
0.983866795337
0.597047629513
0.988158033995
0.459978049945
0.942827150179
0.399812878453
0.925232302909
0.496621188539
0.901173927743
0.16416056642
0.981939874873
0.821608227411
0.816938989666
0.909299535581
0.89295037283
0.910823213429
0.553344545063
0.00789538480806
0.432294440552
0.946177754724
0.898975865341
0.291718969139
0.679715575042
0.968356224896
0.410348999538
0.982759873197
0.932478992055
0.416604118959
0.0145091120204
0.754061001082
0.394844145559
0.834032774675
0.239247125471
0.798030285654
0.645185697954
0.918327319825
0.831731562873
0.146904639558
0.950216163493
0.90032710924
0.213983247102
0.547850702373
0.979673850736
0.212226247348
0.366070727311
0.0754736940744
0.0734791996693
0.96547742797
0.0792100216716
0.963512339179
0.133402082011
0.564747374568
0.111361912486
0.98219736312
0.653136019231
0.965479953509
0.139546112228
0.489851533313
0.13109609991
0.146282977242
0.181932016151
0.912719899287
0.86375776255
0.412186734062
0.9250249814
0.467132377316
0.772862972774
0.0771170934855
0.0577381102957
0.0681218679867
0.0214469111021
0.80419103875
0.0780903772365
0.0247151757165
0.0372350629305
0.194800345361
0.968106361368
0.268186849156
0.13598656575
0.0846146504255
0.947213588765
0.311059050065
0.650278213863
0.0678265388421
0.0612838657932
0.243053599476
0.699623390699
0.467063728884
0.973979644703
0.739423368328
0.794570057501
0.155671407865
0.570728654477
0.800957144867
0.348760317832
0.944793410977
0.117489492844
0.00732183730967
0.738681161109
0.784114316994
0.600859624008
0.639911390806
0.92929469461
0.784606909824
0.139023880273
0.944184909324
0.158825110441
0.433482453921
0.064336139948
0.0244415451551
0.589260362561
0.0117891973342
0.797341354995
0.924374174546
0.81928997757
0.0167137048651
0.904010845924
0.569942219307
0.6583946607
0.0106060698068
0.95234177323
0.77609030351
0.0387857099634
0.130414261772
0.38675630327
0.946641698117
0.227472563202
0.0743642209217
0.963969370664
0.0205251479769
0.299980226378
0.327701095118
0.856898236631
0.848046157435
0.594117525084
0.910972499195
0.972274252451
0.0710815685616
0.0197000791425
0.0419585692313
0.168965201495
0.445920485815
0.105240565617
0.16004293767
0.469267425156
0.246455325407
0.708309873927
0.381969198023
0.949992365841
0.362576353433
0.148302137273
0.707536921286
0.444072966145
0.0584377554375
0.306458911082
0.0455804488852
0.350538628603
0.0172370384955
0.203391239645
0.821926035354
0.850095540568
0.356066243504
0.700538162221
0.313039277635
0.467305229993
0.913518935177
0.735848945411
0.510015910341
0.76927817382
0.97547109889
0.0669488807286
0.777652311874
0.0128261178011
0.503130675511
0.876941030848
0.471832004233
0.97812481122
0.631840612692
0.593927091494
0.00693265776587
0.00155409827188
0.198933500438
0.361454410824
0.868966770332
0.219597829569
0.987448387376
0.00620403202716
0.753125746928
0.844618175403
0.776979376505
0.791905005947
0.287858357361
0.100342552664
0.931660040134
0.875070954656
0.98616956543
0.320743660064
0.229756083542
0.217110984588
0.990928097498
0.189142728468
0.876844688638
0.587706923001
0.178892650103
0.102384243549
0.761703097212
0.0806847481695
0.284349896908
0.925081328599
0.0257346263472
0.934524022602
0.0824990911173
0.964447754924
0.884170661043
0.691666834403
0.0629411017651
0.389797754148
0.95288854148
0.426811464003
0.135457607748
0.449637336041
0.400009260363
0.301499129337
0.054305694972
0.90117888788
0.765772048497
0.598744013283
0.819950898257
0.991034634296
0.303920955442
0.718643826806
0.74015597671
0.604893721155
0.849473073905
0.651627973467
0.626902621176
0.546803246414
0.809210341374
0.992360790787
0.538785994629
0.463224195597
0.856116832239
0.912165042235
0.27033250688
0.913517879236
0.043741282384
0.662656412544
0.685598351791
0.761173528127
0.982233251915
0.950433902922
0.982292579218
0.903750556722
0.937147223539
0.879631481866
0.201727930169
0.704292488001
0.954382716597
0.0225035816019
0.107944546797
0.0445768916712
0.282776588079
0.963864478815
0.429921735375
0.74034819166
0.794245008401
0.917806532282
0.0372462297852
0.933388788145
0.980781689162
0.875166357145
0.801120332095
0.237737427563
0.582818519388
0.0618262188748
0.00531541337075
0.109078657032
0.0336403521172
0.90465246243
0.878254117411
0.0157571367318
0.0612040987145
0.670750309335
0.270491412038
0.800635758202
0.855746917223
0.989158595199
0.0240344929896
0.966033853281
0.537502809389
0.0120970617585
0.872398225521
0.0216818013077
0.927080856079
0.102769638315
0.77217060982
0.929409579061
0.696610218497
0.311163411203
0.0409318856377
0.0272602857904
0.509318218544
0.124550010047
0.901716173293
0.836507621515
0.465561996868
0.0121991023479
0.0236456053343
0.570218925444
0.158876324802
0.534578760358
0.461474169773
0.165224559494
0.173258580395
0.0171849222357
0.207015893029
0.972256165781
0.459314675768
0.029957182238
0.993091052289
0.96905674925
0.523508649171
0.0646835615787
0.964334905009
0.777507598838
0.585112145162
0.555866287743
0.228994908545
0.287848725643
0.0478846450577
0.0141879286919
0.769339045682
0.0947162220751
0.499082893976
0.945468138585
0.135622174246
0.529366486496
0.697205802171
0.187996381697
0.165290871579
0.456805348018
0.602770252829
0.245971636928
0.420275306692
0.504528313824
0.547347663308
0.856531687355
0.723609692495
0.414986785599
0.71286780729
0.410938859503
0.564002224108
0.863513218458
0.351154160711
0.387758937392
0.942871742568
0.00922478003613
0.966369503756
0.970379691918
0.163538308985
0.978847173604
0.949154368861
0.800398654249
0.0841117811969
0.0437623404973
0.156411100123
0.296457664921
0.0101942655735
0.453231034111
0.228078029344
0.118319219028
0.723063357193
0.560292309585
0.663827036733
0.890438704319
0.793269834009
0.43152225852
0.617029062032
0.0183697966435
0.0853789023198
0.0336071335697
0.961172453165
0.0326539402515
0.0525244076483
0.977721658105
0.615260508145
0.972906882553
0.603150551242
0.179369457955
0.341556138218
0.983654684972
0.879685815547
0.364235600468
0.0135905349034
0.0195261337991
0.862350594469
0.866197925803
0.781982675764
0.741900608288
0.355748093629
0.726546585303
0.441564004756
0.284071931367
0.743519736184
0.213634349897
0.957167470582
0.378381068612
0.883846329609
0.0237852909256
0.987899747898
0.800478560758
0.332162167774
0.206877465692
0.440150847521
0.30464665814
0.637294510721
0.226397802857
0.18367145921
0.637190633329
0.565206041393
0.377064598153
0.0338338931133
0.855995056884
0.988213818671
0.962771175893
0.981325103105
0.959598466189
0.575958271731
0.98387674432
0.0758981821256
0.445995747963
0.0353197600242
0.760851850599
0.760247468476
0.563516606035
0.90233453817
0.970621900287
0.971020585649
0.968790041237
0.981564025994
0.992319822486
0.987737215995
0.630481182766
0.453283729514
0.869365019067
0.905501437694
0.0399378992036
0.0287865816623
0.0902929143781
0.300796993811
0.831344090921
0.00945011925733
0.0152711948426
0.427823977383
0.935842885973
0.388741228986
0.780802464354
0.20910031316
0.372344389201
0.0633716571841
0.154416456408
0.60073602495
0.232042325095
0.843307256281
0.786878469865
0.473399583459
0.313768536706
0.152408177569
0.175445407169
0.285203982899
0.974509045251
0.979477600767
0.386488254558
0.98200801423
0.510218860798
0.425404477019
0.976421590281
0.661294551846
0.0693218618336
0.967833897703
0.293202568342
0.161277537973
0.719299439681
0.40133565947
0.138805725246
0.0451836210376
0.290480431034
0.666514486333
0.890482374046
0.895984680249
0.642055660235
0.623464023867
0.220697153931
0.768051909009
0.329946251632
0.169802105256
0.832281516063
0.982037038244
0.0104315417366
0.401359418879
0.454089957084
0.103266327701
0.912272003019
0.724291936898
0.938967809726
0.487971885791
0.184860612755
0.0224468826736
0.0284462745428
0.427383318776
0.226315482058
0.511210219389
0.990554043714
0.927793292912
0.173255922819
0.778465343782
0.876447772701
0.97285431233
0.0234174120754
0.938175070558
0.699985895443
0.139049536554
0.505134074277
0.59886118568
0.285796996733
0.73738724178
0.97237789657
0.967749423778
0.0771685565844
0.196164906507
0.0235057223428
0.323856547278
0.0675803816507
0.930937167551
0.83444856628
0.981552067089
0.586852497895
0.833616896452
0.982524440068
0.944392066379
0.111647175884
0.0742571430746
0.826341735785
0.888885798923
0.487193366654
0.0218290678346
0.768282417181
0.669292517197
0.859904415166
0.27332838061
0.868471700721
0.766885896409
0.939310680519
0.0359381463043
0.54395549485
0.605115514092
0.978702871221
0.499393569011
0.658007980483
0.980527290637
0.43418874847
0.124427502375
0.256616576556
0.795582901933
0.451399015825
0.963256554849
0.865805939137
0.0497851308395
0.139783923607
0.939254377303
0.214296165054
0.483915681506
0.975790798222
0.59834420794
0.0732282656461
0.793846774612
0.682593806245
0.367990106581
0.994390099752
0.972058607071
0.254640002599
0.608017904782
0.0834681789561
0.98469337954
0.547850702373
0.689851258217
0.381320933223
0.00811686127261
0.739623043872
0.0978377154752
0.901565866225
0.548157073779
0.950163221295
0.780926378021
0.296790487442
0.94540951447
0.821479632747
0.0423032436206
0.411178943578
0.930712102278
0.859391034271
0.00388558062536
0.753929171167
0.985828784473
0.0138665602421
0.487500490808
0.1601867098
0.612105094066
0.901560655794
0.260118734206
0.386751056589
0.787319428711
0.052041841147
0.822559128959
0.730350074268
0.28495573505
0.39403394398
0.865291347104
0.047312293747
0.968207856765
0.263325537462
0.801993683542
0.215450441651
0.876679952255
0.0864342246036
0.855987322187
0.414035945399
0.0197382971941
0.182083922674
0.975618638508
0.84323030393
0.640402828016
0.476133721358
0.719136413197
0.348664785355
0.0335456946946
0.0292667843771
0.381955402652
0.912169012092
0.965725236752
0.832408122359
0.167380273679
0.121284619654
0.13335963293
0.987417113785
0.485439181912
0.193194439964
0.849224022808
0.550120831594
0.951886780123
0.0524400692738
0.284790403272
0.574144058083
0.0470359274549
0.484171043005
0.138690371825
0.659296746678
0.186770102074
0.265376636358
0.752612836184
0.984532142375
0.357763065358
0.953082249748
0.644679091938
0.0664112657011
0.402551007463
0.229973453724
0.747188729455
0.797213538163
0.757760722824
0.226945284
0.858296097968
0.433127985953
0.0471475205851
0.826735982494
0.412005715609
0.781752478311
0.986346228104
0.0125635317327
0.756796775103
0.919250096793
0.102087424532
0.770715306348
0.825229536371
0.0779164361425
0.00241741880476
0.133425671815
0.176184013869
0.108978330762
0.83801675582
0.349861552875
0.0388686395411
0.099606646994
0.245164560717
0.982644149586
0.11425365272
0.851577370965
0.432266966784
0.0558986192115
0.949946224025
0.449828143512
0.029957182238
0.0436653527134
0.281542628195
0.983181167528
0.70695215371
0.731776149076
0.252977690626
0.365998025039
0.251060360206
0.460406286771
0.06099083839
0.913384997468
0.0173825671643
0.923022379266
0.720423708034
0.375291889154
0.067559981392
0.0184570753229
0.0196912287758
0.335762543143
0.185404094368
0.283409533351
0.830530052829
0.802432839356
0.704365373066
0.660777826719
0.631228145207
0.400262051553
0.230501106214
0.964831219757
0.215502632277
0.972357098828
0.955814716883
0.300785547203
0.957873363431
0.413504466489
0.59332286623
0.0282031472772
0.0362779064214
0.906598292807
0.0217247320642
0.0277102999858
0.514219233485
0.695218583616
0.141396841628
0.363300576913
0.211534755229
0.602486933635
0.0779107026387
0.102095999444
0.866925261049
0.482003508725
0.427782090942
0.0942064557271
0.290759430668
0.483915681506
0.802436547827
0.85382913792
0.143169829345
0.3343375178
0.893187045381
0.0408684665746
0.420532771914
0.575653464095
0.979782196932
0.953079049167
0.916108002537
0.43418874847
0.740525071629
0.919951931993
0.0700295020572
0.41983065789
0.203038416865
0.972585303061
0.230241696235
0.0645381504819
0.513321567753
0.0209428823519
0.93693679841
0.851123742221
0.0159126958951
0.0899525853713
0.221764964675
0.326124339131
0.994081439057
0.0984521320256
0.548595281974
0.985026036577
0.984007910027
0.951742465756
0.205031414827
0.0127767754988
0.856440330168
0.270298829409
0.0878252172424
0.951237299414
0.0427884039342
0.963290615788
0.0417091673143
0.550433182631
0.241810475352
0.456780461108
0.0680549692459
0.965393511504
0.980565753792
0.776917039526
0.069018367069
0.0440217365895
0.224097400462
0.0759707385598
0.968650400702
0.232910641111
0.090239683281
0.0200300693236
0.860654242051
0.783789364583
0.351753091071
0.936318302349
0.861135105834
0.553511452975
0.171344260947
0.320954904521
0.8457219851
0.358432675163
0.947891837902
0.987365900944
0.948735598523
0.725777325973
0.105579396357
0.949197533282
0.0900016414176
0.2810659921
0.112908570388
0.649256991225
0.266931881281
0.201887642705
0.667193061287
0.0356586666226
0.0556728252105
0.937803030936
0.82162699067
0.699606747776
0.783225823466
0.193265231242
0.694057420799
0.157387164382
0.854619050346
0.736391865109
0.947231048472
0.583300407294
0.471832004233
0.884969206092
0.0245735553529
0.258237556819
0.0597783203733
0.751127933754
0.340728093216
0.951986974773
0.0199974483124
0.720838674467
0.0322866213804
0.00555602690482
0.964205923452
0.439549406815
0.129972805637
0.741836466061
0.192666087498
0.944710868498
0.14400301853
0.833729615919
0.941466574679
0.849491518576
0.845321249047
0.312614678275
0.156089491349
0.0751075251901
0.402881561853
0.189945699181
0.0691103539024
0.559778012538
0.0397048809036
0.921460101165
0.00542364351441
0.381626889374
0.926127651892
0.691250127859
0.819355218169
0.0314738528397
0.636243015392
0.863088281233
0.722171333973
0.0427967677184
0.967309725428
0.986082495404
0.943323045355
0.814269056974
0.876081333094
0.531320390208
0.258458271254
0.139835896339
0.341273847144
0.696547897224
0.842754169422
0.178869635482
0.977864858018
0.337061055643
0.910294910935
0.958562852444
0.091210876537
0.991825660864
0.0374272208945
0.0898277351545
0.855903315405
0.978812547266
0.420643541537
0.866080560186
0.0934817747237
0.35190665989
0.0934393899403
0.133567680298
0.271804532913
0.541011452064
0.334689621126
0.878998662014
0.661661158354
0.0179014491126
0.100250561552
0.901694400042
0.0571420164927
0.981086432804
0.529044198349
0.5939125064
0.0365506710347
0.752439178852
0.721146633562
0.553457568439
0.0749469611267
0.935585991543
0.856158799386
0.140052550408
0.413584529533
0.602881956119
0.917620235368
0.133272801543
0.370292228602
0.785429812862
0.123661736205
0.898877894409
0.486720526952
0.483598776907
0.0719114437722
0.591198178863
0.121197541131
0.0168241930311
0.55183204203
0.0446007468267
0.0604302963005
0.543649654013
0.284073131131
0.958567174273
0.108315376691
0.817547214097
0.0199746812471
0.658217428043
0.681797202469
0.149947748234
0.955295106151
0.0062275801433
0.739956413873
0.380271982924
0.546803246414
0.20079750592
0.17551660186
0.834701571325
0.933481767218
0.341513531758
0.868614248256
0.0419232722228
0.526808168782
0.59720928736
0.590728155966
0.259866034558
0.90500423887
0.0321116888832
0.755285882921
0.428637183809
0.46920372497
0.197917092105
0.279021113391
0.962635254534
0.693496099327
0.15098310723
0.69914525788
0.0606881375047
0.937976210052
0.994081439057
0.544887515783
0.341211376556
0.168687192035
0.928846333647
0.512684825219
0.850922564577
0.759769055721
0.402921068767
0.186770102074
0.719277133811
0.941138966532
0.461375396534
0.877967631369
0.269590663372
0.488705893233
0.0869979717789
0.114173922767
0.285373177911
0.246566133315
0.343316186954
0.883482008875
0.870057105176
0.917783654908
0.478503554312
0.509593879749
0.680017511447
0.117464666816
0.0119864163418
0.216285754584
0.240499456082
0.0273027092691
0.266860103218
0.754448422426
0.700686862875
0.11066632539
0.245759643707
0.0459826587206
0.323101943378
0.375843122552
0.947411741309
0.306984173142
0.955149393572
0.0504926941446
0.978399107705
0.941376979116
0.493255184004
0.126988874396
0.803972199121
0.234580298363
0.876254007383
0.731776149076
0.889083858279
0.296987876549
0.88008143976
0.916671629328
0.264332941224
0.819019789747
0.914761475839
0.750815576832
0.241265024443
0.787678142417
0.44509297796
0.989880386576
0.512776949982
0.979455957851
0.229567978689
0.0501530862257
0.559771364635
0.0908835567828
0.958182348311
0.382474618549
0.581834671855
0.400219719258
0.863295738888
0.962049177538
0.488092328228
0.939489134755
0.659082882283
0.160187074959
0.571757175683
0.125558276064
0.0190513537021
0.941920691482
0.971705918251
0.947187316472
0.0940638976669
0.499137103604
0.204584890427
0.338032290032
0.575972192994
0.873534681768
0.0514531347353
0.210098213269
0.060354726219
0.014144810713
0.897651638801
0.977847856242
0.135304113307
0.0318373647289
0.16901012063
0.956870223926
0.238821737265
0.970951863623
0.00639906503649
0.900312589114
0.925945688434
0.122493198513
0.0206495078391
0.915438725054
0.108403215106
0.671782948551
0.974743374179
0.568713980527
0.860069732796
0.981960572186
0.922701603509
0.889259725212
0.173472808535
0.136225551667
0.900573169249
0.641056810595
0.729125308956
0.287230103778
0.521635927725
0.701193558598
0.00359116740273
0.088127332151
0.045405428112
0.958717879412
0.93927433058
0.602561081203
0.0588364786171
0.178784567922
0.689184916
0.0901022407401
0.512683438488
0.0247151757165
0.900774637825
0.677980025006
0.0775843995985
0.738160000064
0.292616184071
0.959741473412
0.223251700035
0.874624519813
0.712981352205
0.790771891986
0.288672738227
0.678699340175
0.858364550195
0.638243395389
0.0122890459576
0.95894698156
0.884112006973
0.0597026832766
0.195897671106
0.221659940274
0.0613068325338
0.187386247326
0.820593076013
0.207163922881
0.546291096211
0.960678574751
0.360258752033
0.589736568674
0.230777256371
0.81366780107
0.658261123158
0.0808715863871
0.243174123017
0.63749850792
0.0489069808379
0.614195953732
0.616345346336
0.747661987183
0.669893923031
0.483792849092
0.126414125905
0.447666914802
0.252642048361
0.304879704437
0.629402462814
0.0517161117529
0.493497325726
0.319093226919
0.940895692165
0.0904685907325
0.328978720676
0.926482564631
0.439379743305
0.7958340445
0.200003768088
0.775721146031
0.902871076944
0.719418721724
0.984626200358
0.0610210151739
0.738844910098
0.982136112956
0.894879567271
0.981320535595
0.591019383409
0.85615985696
0.49250608845
0.247175704363
0.289114440197
0.893178313784
0.171831193085
0.0177398960082
0.361305521455
0.355633966345
0.966569491651
0.00920066653714
0.975998649209
0.94185139149
0.185073296365
0.0493713653157
0.287230103778
0.418759602652
0.296283414928
0.0174700590713
0.411311718066
0.481138235648
0.906956581181
0.0196127584027
0.891401989563
0.467471465891
0.879635708748
0.0416274529424
0.889809961803
0.0768418851701
0.952337675048
0.53543129378
0.407079646118
0.201883029805
0.617247955093
0.98595018689
0.975661898391
0.288106035278
0.0492918543355
0.59756370361
0.94695700557
0.419567467083
0.94709636558
0.953783233735
0.550872332005
0.87619575377
0.949126638826
0.357837829658
0.355139609444
0.0266069292282
0.165557384891
0.613525500585
0.599831970624
0.740820315495
0.969045995429
0.731750653529
0.992081902033
0.508265157823
0.575490573126
0.969519281451
0.974258797615
0.489874506134
0.972373571316
0.400380779144
0.435113699186
0.234282407413
0.981419226416
0.299906328635
0.234282407413
0.0303940441881
0.428196554817
0.276641523868
0.118876017913
0.609055051116
0.384140315347
0.113949321971
0.865894310347
0.684287372549
0.797077049167
0.957092482282
0.95808965631
0.204156647809
0.0164428729956
0.178911113054
0.913125687043
0.308772647934
0.0151071891696
0.301799068968
0.796998755148
0.0146517232647
0.0131836536722
0.113678368
0.855606468701
0.965702107111
0.967454336919
0.193750158006
0.943505274369
0.226302879769
0.970432491539
0.330706916809
0.851610363873
0.553295322947
0.544938184875
0.297844151834
0.906312587926
0.656758110855
0.524117699333
0.298060673789
0.919480904548
0.74498783996
0.658007980483
0.140060412173
0.936151641806
0.929867639659
0.0924420549995
0.128484863988
0.977200067408
0.648564606278
0.488200629159
0.777692615334
0.0088935398951
0.766046137937
0.500646598678
0.253063517844
0.631307308051
0.660798650935
0.980983503335
0.561293410871
0.883038452692
0.93753429812
0.47459492199
0.678920351252
0.958903616488
0.143917239698
0.924797438659
0.387711481517
0.759649649022
0.128744923123
0.759019848671
0.753962613895
0.0607642499652
0.405472206427
0.163984654562
0.56663560527
0.506793041804
0.0984025187545
0.486156298603
0.492617548284
0.00667654676514
0.985375784901
0.167652677265
0.15118497793
0.668142543915
0.191308151711
0.911849137645
0.960025423857
0.795160083353
0.977861851772
0.319585563264
0.00844546554764
0.108124938534
0.0581889750597
0.938548025768
0.550575378361
0.723541941266
0.73205646875
0.0435208367824
0.961156967504
0.897328796137
0.665467213828
0.903858726995
0.0215507981185
0.845034894886
0.369320852642
0.849491518576
0.518136322134
0.556909948258
0.982532793414
0.155538318768
0.161668990444
0.419827570574
0.941188345644
0.396511822148
0.463970126152
0.255098081521
0.961385805373
0.82393883462
0.966396614285
0.0259210740038
0.870765389917
0.031254519005
0.210908947153
0.136722898389
0.651523988517
0.404161441981
0.0568280980056
0.335240728755
0.606050763899
0.0932152556106
0.0159790616166
0.980624650328
0.552075513082
0.772092894457
0.00345594135095
0.893219802025
0.752706662553
0.972338534294
0.948018564381
0.82440255893
0.431501718804
0.948694144872
0.107766109397
0.641464307226
0.057762271154
0.688156024142
0.0223029017464
0.950199753996
0.177692234195
0.37574674569
0.926249048683
0.110858100156
0.0523796275052
0.864173493349
0.948569045383
0.329327125964
0.889822567985
0.948240393547
0.645871492606
0.0580111588594
0.58106714123
0.575838970912
0.867176428219
0.50536613611
0.672489455621
0.604225368672
0.270826714883
0.806965076031
0.566581243914
0.813385617644
0.407922663181
0.035190308569
0.905637124885
0.477406821758
0.830660260783
0.895996064639
0.304443405452
0.628802845178
0.774439745209
0.850837663388
0.0557093083934
0.973185642674
0.924788626051
0.943323045355
0.892053944838
0.993141217549
0.485648396428
0.16107787099
0.0962024378267
0.0653877742904
0.985388767413
0.569714078832
0.519917297605
0.316235956269
0.0782379811395
0.108461458698
0.132757224824
0.0679533882031
0.132283636832
0.949798290644
0.0100186502952
0.286048857044
0.409493324497
0.565851080498
0.135273528197
0.809588505465
0.109568653992
0.313104518795
0.0864256159695
0.980559575304
0.0150487566109
0.0276625649643
0.410878007397
0.448726605405
0.135007995481
0.011423189619
0.68782011956
0.209379056721
0.595958649164
0.747443267381
0.919107495023
0.00242832613189
0.618559261506
0.416027948642
0.877985030089
0.0413852765482
0.693062346838
0.243343786873
0.342047565177
0.98884219147
0.030646589816
0.337667899107
0.638547994589
0.0654414470717
0.201543376809
0.11243829894
0.898974968275
0.553320626303
0.28646825912
0.353334246087
0.196039934781
0.943715168347
0.768655754313
0.0298999208155
0.583626767514
0.820537425021
0.865721470654
0.172991958159
0.047537539525
0.65052101103
0.881168957262
0.0151560383128
0.110669136906
0.938570146763
0.515706368968
0.319064040863
0.0804549059827
0.881180400306
0.910949329662
0.545435431783
0.828057286351
0.126747709777
0.268123621528
0.267829865655
0.549496491103
0.16378018997
0.394851552689
0.962267837544
0.529912162072
0.264669971052
0.479841287795
0.58282394914
0.765805336377
0.809904898399
0.0272395541657
0.363664635381
0.968777391873
0.237696224792
0.590226498776
0.179559480513
0.715808431864
0.726952450817
0.287564813246
0.646305318777
0.817715463437
0.414503584223
0.016227339573
0.284893303143
0.621929299644
0.952429382563
0.927539124842
0.0205042816301
0.929834676053
0.208227348404
0.726075951471
0.463111743856
0.85561009454
0.734652919992
0.97199914088
0.595967871567
0.788593051245
0.969706654507
0.813931238902
0.174926210929
0.526532479083
0.165548521335
0.828656597597
0.230423628195
0.0205305144003
0.0786706683724
0.813177813528
0.107103107202
0.882720956237
0.712119501982
0.972585303061
0.462145736362
0.992041591241
0.011283897469
0.266233842977
0.800098626579
0.475748432957
0.342662341996
0.206758490574
0.5641487077
0.593643416309
0.854870788676
0.798759531681
0.0922850789995
0.0432345616359
0.0920838823928
0.787301557684
0.0809049160094
0.0884507437551
0.101885845678
0.100328733603
0.1378882277
0.544021947474
0.0170432906745
0.0147325752438
0.981374570017
0.94742858307
0.315518026782
0.471996677447
0.961683446839
0.151777510909
0.0608146073232
0.0111619006656
0.279380632642
0.0157763908659
0.441006079017
0.702607886515
0.949577971639
0.566632343064
0.77607054246
0.713580184491
0.841299369064
0.173997896583
0.777640953985
0.892393588123
0.849028943034
0.804542843774
0.539435721491
0.0677911403302
0.110971984708
0.296725874215
0.0604911994031
0.97755067153
0.927652923913
0.773799702664
0.0745911102476
0.499240143685
0.330496932626
0.108935469122
0.62638171773
0.638547994589
0.747286401106
0.153932167411
0.989377499554
0.513524448163
0.235518192896
0.0333440967008
0.193332392773
0.523503215764
0.689455309294
0.939523018787
0.829030884199
0.711159540421
0.00919321531355
0.949135523681
0.178187845451
0.113873033153
0.0200609822071
0.073701757397
0.597354108986
0.419052950326
0.187298262238
0.043741282384
0.070592408936
0.017809582663
0.970991948951
0.263621415716
0.025919865989
0.53817131739
0.00557449543859
0.974231250475
0.0311228115158
0.645637945679
0.900792115844
0.119697506905
0.668436736661
0.946916516996
0.958324728755
0.530245967204
0.81983802556
0.616748200789
0.727108092365
0.25169583436
0.361320298612
0.124039558805
0.0685328073541
0.499640506626
0.224706630791
0.651988999195
0.964539348916
0.459428912798
0.846424753285
0.961221060177
0.163078929164
0.127095223032
0.920506374968
0.005604772586
0.729791348706
0.46427421847
0.491457233119
0.986082495404
0.919677173631
0.948767992954
0.658584113774
0.401907947278
0.934770034151
0.735499371591
0.461728926695
0.34296884892
0.628874177563
0.821593091752
0.777173208144
0.378381068612
0.232833372227
0.951830255569
0.0159093596839
0.887441155661
0.668901347298
0.958738803849
0.533963330671
0.473423906476
0.00367304806224
0.973877530678
0.817639235239
0.729234294895
0.139950884045
0.0126235207247
0.497999203972
0.0189351137041
0.7309195872
0.0205251479769
0.868362428311
0.180824274703
0.646370057731
0.164701005694
0.491991034964
0.837852865943
0.0126566609064
0.288672738227
0.0834681789561
0.656784888538
0.581401701312
0.982940878114
0.64499913995
0.978311705769
0.854699826594
0.323909238367
0.0912728067062
0.0273324021859
0.526851541142
0.605070924373
0.0718938291535
0.66471798736
0.180115167332
0.849159253486
0.596369915466
0.525399354993
0.644885589913
0.584074307771
0.961863385665
0.978624674849
0.0706081399192
0.361660809099
0.699600157593
0.483329986575
0.886179880257
0.234021436773
0.842399799911
0.761573552936
0.397930288698
0.616516695593
0.839014858035
0.609119789956
0.425871258371
0.141668859038
0.918314113777
0.441532322963
0.40308988237
0.703266703977
0.926387969419
0.415336344063
0.203891243527
0.62299704684
0.242973833241
0.978208590445
0.337595997008
0.83431547576
0.332576780618
0.736477269073
0.808056960439
0.102332181787
0.200228487974
0.00871242949688
0.952819490234
0.740820315495
0.832862307875
0.802822121597
0.716094578888
0.14263036318
0.762560535257
0.234515089695
0.245059129951
0.963684559812
0.943907757767
0.794431620585
0.796424968506
0.96547742797
0.742929185241
0.792387398514
0.769558998855
0.0910810946967
0.876769612647
0.879399569411
0.177056212572
0.419261090161
0.838671354845
0.924592973519
0.384542550029
0.885735666846
0.143603254599
0.466565312323
0.769817237365
0.957527078571
0.567306700617
0.308459452959
0.782455367396
0.0293126188159
0.219617888984
0.435814958609
0.0621376092414
0.455413385898
0.855903315405
0.618120658683
0.91931855304
0.753505236446
0.250707786565
0.54558363025
0.148819230416
0.478855461046
0.684742156983
0.407079646118
0.551660468344
0.774110715032
0.492617548284
0.15147509005
0.231363092469
0.918939246655
0.791204290278
0.0217584472076
0.365935996379
0.989286603045
0.820649658042
0.278986917966
0.952756932378
0.868010024693
0.977613015419
0.482291710688
0.870850035467
0.909392306062
0.470017419941
0.0687596515615
0.965034687744
0.771986582432
0.241614363397
0.909658894114
0.856137636752
0.926054299589
0.991685878313
0.302944949921
0.883091347451
0.277415130861
0.904964940056
0.903874965541
0.0473479429623
0.985171065021
0.187949664441
0.201144411242
0.706318342762
0.961265951779
0.972277966922
0.691386482671
0.920145664682
0.0259289351401
0.982678719628
0.480853485915
0.0522704901689
0.756035919321
0.94174706555
0.100114487038
0.245469488117
0.48334520688
0.897167806701
0.0280080779509
0.974560675757
0.031609982338
0.635576318637
0.875451810622
0.98046810065
0.655623954007
0.970901581977
0.0125587713795
0.431845424654
0.314520493609
0.042009043222
0.0502546397741
0.467601719951
0.154622220043
0.139433628846
0.881346993639
0.626744521372
0.432444334508
0.549435359978
0.662692553108
0.947290757566
0.624561244723
0.975120541104
0.474366287028
0.74387773858
0.922387247857
0.443368973884
0.814456683334
0.20670060074
0.689777082962
0.550415674365
0.50961210138
0.941768500602
0.655386701315
0.189345728264
0.875080595735
0.227992731799
0.773788867541
0.866814112922
0.00640537817318
0.903620153822
0.636026591521
0.0311228115158
0.822127700035
0.00667734696951
0.0758266075789
0.940583405257
0.980114753102
0.253880510679
0.00470325401008
0.0278830326693
0.124810865086
0.77040115502
0.59886118568
0.517795090973
0.733490467828
0.427797920458
0.787232315474
0.989111957766
0.571131261026
0.217990268053
0.0127656137709
0.874934488576
0.815739601576
0.0114378925546
0.0472126978391
0.772779245974
0.993609918133
0.166164134339
0.0307733731241
0.127791091488
0.606523815572
0.0122209249076
0.077396599205
0.968306281808
0.839332275219
0.00770781387921
0.812231080647
0.309624265311
0.171241206094
0.506291270602
0.0520087346795
0.540384858695
0.034199849748
0.102538167685
0.875080595735
0.0525968831358
0.117630003504
0.0898853780077
0.884499541807
0.496458617574
0.784124906121
0.0751480892589
0.010140751749
0.995846509942
0.00742414878546
0.839987490494
0.450834752109
0.635353099734
0.854619050346
0.809387888504
0.684873942023
0.821394638659
0.80043831761
0.958738803849
0.975618638508
0.323873292325
0.852935139668
0.975535782147
0.95166135927
0.165714722315
0.598084086232
0.993399235547
0.72238222415
0.945349875543
0.286001050287
0.847389246267
0.141786743157
0.871714051404
0.0168333470428
0.976896112581
0.0210121222976
0.0852471513261
0.763850535445
0.300796993811
0.927946568554
0.0401585215812
0.0207355881626
0.988136277958
0.138305716615
0.403865997954
0.350681220369
0.768993703498
0.178405667756
0.578759804081
0.107703880079
0.0407232535196
0.890449895156
0.79760973471
0.0894450302667
0.00382871484473
0.98102319056
0.985973466232
0.822127700035
0.473233415745
0.0870967358202
0.337563608649
0.0232684664422
0.634392812311
0.811188102894
0.137882461757
0.600893103532
0.578348626749
0.305015209372
0.638070400735
0.691802638842
0.968860196384
0.548157073779
0.576794611479
0.92686390719
0.679446944878
0.0310649882149
0.933281638158
0.0532912163313
0.413504466489
0.798890844469
0.0737728901968
0.809850561765
0.015985150182
0.864496883219
0.0788501297161
0.853162144443
0.940003727998
0.170760024696
0.877786742694
0.0787558083267
0.911369032261
0.553186774375
0.449799518421
0.593674030888
0.135978667458
0.0141924042328
0.0265387770278
0.803524567975
0.0125232642862
0.906908772941
0.408292161486
0.00589901225348
0.0956822784168
0.921018630236
0.262656874898
0.373814322126
0.277319620401
0.520045299032
0.572549938032
0.484604323484
0.368066703592