0.219161429352
0.824003998808
0.0664247422822
0.153657274587
0.798112543722
0.0835861469814
0.54136779555
0.976445444671
0.0162551293729
0.886954921535
0.195952479066
0.92821489748
0.625378759777
0.492990057154
0.93929072308
0.824001368656
0.974455741928
0.355500069792
0.90267513805
0.52568737624
0.820768909778
0.0579004221571
0.822064712396
0.744157047497
0.0568429289426
0.0227868753136
0.0733774291022
0.438949444966
0.0373903657511
0.633753090851
0.0611665443231
0.972107181675
0.722508651302
0.676008142897
0.705710171131
0.507693554432
0.529086380984
0.410829319762
0.738772676441
0.728691246448
0.712023005835
0.105592061423
0.160184216886
0.993777129328
0.0616690631712
0.399854674653
0.714634629941
0.0503874700185
0.117883645978
0.42029409888
0.157457136186
0.034947432855
0.0536970306725
0.424218534592
0.98294042354
0.106370422137
0.136471024066
0.580127584339
0.0345046247247
0.991370441946
0.221232729078
0.465126200227
0.0762220665065
0.580642391441
0.711820455127
0.0477004945242
0.441728922306
0.234818581214
0.383790579676
0.466953692244
0.899383485828
0.169537912363
0.21469351551
0.634396708437
0.769392329364
0.933664761842
0.205636140917
0.656167161847
0.376726687898
0.00255105150965
0.184840680078
0.0271388546789
0.161157777549
0.725648595863
0.430116097403
0.394911585145
0.561918122863
0.265545469731
0.879605124847
0.649974381106
0.141419420634
0.0183193342432
0.965002671211
0.909117107242
0.180494528603
0.18310985132
0.932424126672
0.644035916306
0.712949849591
0.491854270433
0.443509108983
0.939783097117
0.930408707842
0.627149612373
0.479276974483
0.400442746565
0.175325578594
0.708221658465
0.130831715705
0.830887561898
0.394806056459
0.295596920636
0.906631422313
0.296404070898
0.974056618206
0.870040563523
0.664433923913
0.962632094359
0.960901087717
0.959229108214
0.916904176762
0.900415609523
0.0177026337533
0.84077824565
0.79124081111
0.944032398308
0.816621015468
0.0152409138226
0.734108645411
0.910077938026
0.573632757814
0.196622453259
0.0292253263966
0.918532481906
0.0611794594002
0.724030598032
0.968237904576
0.369218489095
0.819829171342
0.142176695376
0.986187111942
0.94960175961
0.692222553612
0.939144076814
0.466531330563
0.00413549800563
0.0877655270337
0.014827091473
0.23467201744
0.91761211956
0.209097689675
0.081222221229
0.987390144571
0.940494499633
0.324486908929
0.0662391787286
0.75932991575
0.994941394066
0.672633510379
0.388782795973
0.825564132048
0.374917091086
0.789866834555
0.464743678433
0.715706873186
0.677684527672
0.953562910396
0.95069490488
0.149438485928
0.0966922890999
0.401795898181
0.428354506589
0.116104423757
0.800417707549
0.273289190881
0.0752915902879
0.525983093831
0.99184747115
0.492064132104
0.955765403939
0.947223562999
0.374592506445
0.849530762318
0.393804089799
0.238631622188
0.823737438232
0.414427477459
0.0424546826513
0.425633563072
0.961670346822
0.842857432744
0.718874955459
0.0108123349027
0.634474143147
0.891711641044
0.952659668719
0.403034266313
0.972741877784
0.913912509268
0.702718474977
0.716179835372
0.963817786289
0.226680384076
0.214899867728
0.972513203248
0.0883192636425
0.0966946090725
0.924471292878
0.00142338187792
0.0370846104252
0.979728916201
0.69411464186
0.658194156896
0.854994819029
0.98225070594
0.376726687898
0.847258980256
0.96182182651
0.936752955209
0.0262682747941
0.761571077385
0.94444428599
0.541216820838
0.0775047547296
0.490984164982
0.387281702652
0.978533408235
0.00478290268251
0.844887179999
0.278069832349
0.00482326359091
0.126729146367
0.129074431442
0.907190889364
0.766925372238
0.742959513969
0.0304889088678
0.437175914407
0.323912608166
0.814183165445
0.984771878797
0.42465559217
0.45263760981
0.88957457729
0.00590797493775
0.641763457781
0.00403958318559
0.96506448335
0.949476206736
0.38813862739
0.978937409586
0.97857496681
0.466188731911
0.563916560673
0.0342852157699
0.0411564926393
0.238233629559
0.147871391202
0.589556834529
0.882065591481
0.039909134549
0.968830051522
0.760090621825
0.952700726909
0.878915847686
0.146402338062
0.805114447377
0.398843545809
0.7176093011
0.621847839618
0.807234700462
0.967196114113
0.661254437338
0.0401393162302
0.926872315985
0.12894223928
0.975792642273
0.93840797055
0.713580101187
0.33019412586
0.310692958599
0.790298167553
0.93561379816
0.838451578493
0.507785432769
0.738411857065
0.717610882048
0.960642811463
0.723792853235
0.0899528159217
0.934978684963
0.898219242283
0.847116536915
0.0577826628432
0.962157360026
0.303830722144
0.952612254438
0.97701714528
0.953222557154
0.854620561963
0.00494141912623
0.430116097403
0.70749821837
0.128094742153
0.930781112161
0.105874812659
0.00335077029138
0.584949050642
0.769817937688
0.0556707190192
0.33667917567
0.10755186395
0.311684713943
0.732030822945
0.78173081508
0.842213727219
0.962802571294
0.22164823957
0.419638929663
0.671994880144
0.0951100792336
0.72889175216
0.00949017640359
0.927249363673
0.966959236586
0.0214974675368
0.446410872445
0.604669555716
0.956428369857
0.441728922306
0.234839120595
0.0616690631712
0.915621667196
0.0268266577221
0.820025892279
0.904160790001
0.598129719681
0.809206986168
0.730343317973
0.81140674439
0.98715907618
0.947280660999
0.87758465217
0.0224603206725
0.389415297554
0.10062478795
0.894087018989
0.468710904556
0.396839836103
0.0564968881588
0.853896535385
0.374361529147
0.620717384541
0.0072810682393
0.612822980442
0.873419902568
0.845079687337
0.682180738538
0.0472052086124
0.984969153617
0.376824182605
0.869547765329
0.841453144362
0.0536238486856
0.89962107706
0.0270282133153
0.0304033112412
0.464106064396
0.836491244432
0.934940208353
0.16743299108
0.129910964227
0.684865443001
0.349677007525
0.525751473348
0.942943818563
0.880707563915
0.576213146297
0.11653663186
0.63234933066
0.0118871999421
0.632297846748
0.950590590065
0.343625321653
0.0558276765391
0.538927414611
0.326991871067
0.385647603711
0.684878875755
0.950581425502
0.852202801421
0.166702108804
0.0401410205315
0.0624450509451
0.378341623123
0.38914502702
0.313674966399
0.443804865631
0.692598563665
0.00507505699493
0.814286216301
0.581432306275
0.0786221984561
0.0820408014811
0.718551346682
0.986889992769
0.575591052553
0.965430219446
0.715125800785
0.013710803436
0.0233372239703
0.581296290159
0.69108422575
0.756243565496
0.561036547224
0.0305379975599
0.384397582942
0.0271257180165
0.92737138451
0.925504538241
0.100349509852
0.159106870703
0.899732578039
0.179392132207
0.00286178620252
0.0585459049596
0.348308559786
0.732027402051
0.869548899245
0.7921211645
0.02798156588
0.114677862488
0.845058327197
0.0600429114209
0.510769571253
0.837139732096
0.609889437396
0.443840221224
0.21951883448
0.874948940847
0.506506386631
0.634668497704
0.0519702412757
0.419583376204
0.72750390187
0.908324983289
0.0543677654106
0.435963066973
0.230956848079
0.387958535565
0.513951262253
0.769015733315
0.942574442715
0.756735634969
0.931769782074
0.0731654665621
0.106803508618
0.226991473298
0.0321781359523
0.113660982568
0.624055330257
0.899873496661
0.157032424455
0.203932451051
0.00383923378603
0.0449924671791
0.130191674248
0.57822149692
0.906727669394
0.941937354764
0.779222998381
0.898687420518
0.897125800688
0.0642303336354
0.415814503692
0.00817187489723
0.747774775372
0.904121567031
0.84487266534
0.952612254438
0.840760333651
0.988308494345
0.0904123450005
0.905321681803
0.521185637741
0.0449867697822
0.0745728513427
0.146679367802
0.934364329015
0.705641656203
0.0381818467785
0.0402063096407
0.980455045286
0.394371518605
0.880390104613
0.862853171554
0.624410974659
0.951800578927
0.696500438877
0.59093141162
0.629488767556
0.208309335539
0.478960035288
0.914913556308
0.978585953602
0.646947213775
0.16794379315
0.949481571665
0.0249060652019
0.0264797537137
0.345205127897
0.0550710076936
0.0676106291608
0.28841698677
0.0346504068018
0.0103123297873
0.00533214332244
0.876088608961
0.984662963751
0.444341397823
0.677898187045
0.347802423215
0.827939019789
0.914638233138
0.561752926531
0.431561542818
0.573549169621
0.780581624995
0.858945081244
0.0480354374171
0.96116648629
0.850468673348
0.602908839848
0.749952461757
0.020292192027
0.966519342498
0.8550994939
0.227952884981
0.230846354282
0.0343319575311
0.0894196039167
0.906830497133
0.331748120663
0.927584466987
0.84138407612
0.112771366965
0.475862103768
0.262880659191
0.907286942582
0.00231488980473
0.330292144454
0.0346238783675
0.364112263162
0.766678455906
0.96512194875
0.00590797493775
0.910582609319
0.940636663145
0.924538892758
0.256620779446
0.905692768195
0.168389276006
0.830702367438
0.488711355784
0.847116536915
0.10595887389
0.898153361105
0.303864305823
0.0062923618802
0.533192368695
0.919715239503
0.367824806384
0.956792303803
0.0505829185366
0.980068011243
0.0231283491153
0.00366847198148
0.667171984025
0.00201185104727
0.904077558126
0.96600113588
0.930297701325
0.0484251537805
0.308424241926
0.241995954096
0.893519135524
0.654133193915
0.0301767925277
0.0332600528445
0.357344679387
0.564442774536
0.576130683043
0.282060524145
0.630640431184
0.817615353384
0.222634092744
0.549243708848
0.923286291123
0.04481420242
0.611219251481
0.637904530283
0.760097934947
0.316087530968
0.94212690556
0.0124091532522
0.241305830614
0.394905942947
0.0972349014383
0.0363232856143
0.765120411144
0.885854597961
0.0160070563987
0.437494869583
0.0633059417674
0.643935239615
0.717397934975
0.0386399060672
0.0099185582165
0.418950114447
0.905342679396
0.924471292878
0.0475509369454
0.928150602401
0.844439778292
0.00641944705885
0.678248304003
0.987212668562
0.268491712851
0.170371652147
0.935988632089
0.73771420529
0.981538078314
0.0613931086701
0.133521909783
0.691652376553
0.730512819013
0.0590020753038
0.572295153516
0.993434013059
0.0377299081139
0.853115832614
0.869643858942
0.0794434466767
0.296409439201
0.960115735984
0.850685497325
0.52564977243
0.253456439124
0.903718823196
0.806564600313
0.888514417754
0.449171039592
0.590315650073
0.121933942504
0.0634497998538
0.921013669887
0.439599369746
0.386099982025
0.00141606448387
0.856620655332
0.131773774631
0.465923331067
0.932611434209
0.658631796175
0.390734256922
0.0142995931457
0.123260548038
0.616311123516
0.613283361764
0.994084722913
0.882220728321
0.00495796865228
0.1642988621
0.559737134334
0.427947265035
0.0286739568733
0.320726969218
0.00939978054608
0.330889204476
0.960617038169
0.648448954544
0.360308959595
0.773477051262
0.707620239128
0.93865003419
0.0572898606369
0.49840358498
0.120269208041
0.439582325247
0.405537270819
0.995208588042
0.0289068416153
0.84281933494
0.665111526909
0.617975860916
0.778862246273
0.922383401964
0.936825914972
0.0632558607616
0.936069152459
0.526276554421
0.0606862271856
0.520765995029
0.399277757732
0.704118373638
0.111397721046
0.0479783126292
0.184359464683
0.964655898186
0.864160282492
0.333512864826
0.00954489762369
0.358470856312
0.79819692528
0.0707426351723
0.379876644194
0.979505790795
0.976696630782
0.0224512997763
0.45760668021
0.762463527054
0.23759672072
0.374095010626
0.0277857919666
0.500478038552
0.968277363769
0.156256897662
0.160278265319
0.359802055037
0.50260084446
0.636819287063
0.588027940285
0.841191708588
0.954445558252
0.695937843178
0.825726146744
0.453129368706
0.0440468814418
0.0341939627559
0.0836028252053
0.827600356134
0.964577766051
0.082414179045
0.980004620133
0.604656591024
0.979790182775
0.392493589983
0.080512778386
0.896535841969
0.529920997737
0.174653323875
0.595190769535
0.0314740191599
0.414787739866
0.130973499517
0.81112238731
0.51650399437
0.187540423095
0.778699584584
0.935605482739
0.763106437185
0.669927331994
0.560210481207
0.16053011469
0.0750510648332
0.417395385427
0.202018026663
0.215676381996
0.929537019408
0.970327129073
0.395014730069
0.116712705651
0.0620110122694
0.365317931536
0.0539150883203
0.638095027584
0.143878414248
0.973394183487
0.0336912776496
0.0233522370511
0.958965511448
0.975948656942
0.53613266535
0.37558134616
0.575783931052
0.847563198912
0.502858758717
0.0899304406755
0.271445281736
0.951453394675
0.764558383131
0.708093425813
0.0831288269737
0.287614647783
0.817572601939
0.982896134112
0.187197605876
0.0398935236045
0.0444003656378
0.0387340365871
0.959327252649
0.718146868574
0.0362021448101
0.633751763399
0.458005617627
0.321374994845
0.283879513995
0.891004169029
0.564215521409
0.428189403231
0.457039204145
0.784211140654
0.626757163961
0.906909924174
0.947411030714
0.228106720517
0.895256689541
0.96250814167
0.0692008999037
0.201235560326
0.292440474945
0.169853732431
0.950988094594
0.019603630284
0.387266674043
0.00958627809456
0.621894424287
0.800298453378
0.386099982025
0.797191496392
0.027633120959
0.897512039802
0.986015056499
0.975065978936
0.150936890851
0.641016198043
0.927021883513
0.87528869356
0.00971959699634
0.386968251598
0.332316232174
0.172372163156
0.0443204309096
0.207119971077
0.963209698982
0.969469099133
0.55924152661
0.00584065123991
0.561376494363
0.591380380602
0.722704031444
0.985161658647
0.967072656204
0.96905682556
0.294337185038
0.790560467465
0.901128567416
0.909165174739
0.875143700684
0.695922799651
0.889465264389
0.432989622296
0.199549157935
0.0225847781176
0.686612565777
0.0129661158759
0.650405875502
0.940570915224
0.888261489672
0.547766484894
0.943947797361
0.00576734459532
0.56022966388
0.958748074355
0.0380430779603
0.987706682258
0.990809317072
0.109893081119
0.950829738787
0.806356796208
0.850697146285
0.65912571203
0.973387644058
0.165724508618
0.98882227731
0.119063092938
0.261421628703
0.150929012211
0.909262981537
0.123049802138
0.892608267302
0.422764449548
0.89733675647
0.0371567338005
0.837608901314
0.211782982329
0.123659802509
0.0248483796557
0.0371822535881
0.0369878070648
0.253597301951
0.906516112253
0.932794010485
0.506732199535
0.365117214335
0.705492827259
0.608649124981
0.141493066387
0.541826837788
0.982502858623
0.653212049256
0.692577813013
0.71151574221
0.0222838449122
0.0830460034917
0.222009041186
0.217169236406
0.239861508385
0.690805690829
0.830275288661
0.915779331506
0.0300439481122
0.237351922242
0.117641731582
0.0615141531931
0.19925575402
0.393114185002
0.985547600267
0.0243978448897
0.638483244164
0.118598121716
0.108020419071
0.299249712464
0.552780903921
0.736607997772
0.228127269571
0.505545154518
0.0472052086124
0.942542972864
0.0904790253189
0.0117359334235
0.953916804812
0.242772623375
0.0022145994894
0.619862541664
0.318992494766
0.291177350202
0.145574394659
0.0357319781667
0.515759419878
0.127130783274
0.660390184581
0.261021094583
0.608649124981
0.0346778102309
0.910744825597
0.803838453902
0.0144733975646
0.887938120622
0.18141069326
0.983189697785
0.638281974847
0.96823641352
0.034607046942
0.843930137766
0.870467292999
0.912246117614
0.713631633123
0.221325320527
0.734072320683
0.794792842131
0.876012801389
0.880923402431
0.879575772716
0.34074570264
0.175670100317
0.407858973223
0.180139393921
0.94257910411
0.937322626148
0.765083340356
0.348226403939
0.151025683598
0.740244006689
0.98831116555
0.0190876871702
0.750834183119
0.261421628703
0.89389536578
0.500525355063
0.649760551475
0.666669804903
0.900009266926
0.0669899985683
0.101807831424
0.764821334913
0.94308535686
0.681168693024
0.849180802517
0.477259802657
0.977365811928
0.0121215434665
0.98504911512
0.361159632711
0.937634690792
0.654894355546
0.456103991726
0.951327264569
0.936694447276
0.893229610275
0.965044144873
0.687570306911
0.278998799944
0.540268073156
0.0723750963269
0.961677390164
0.0266130424661
0.45395683996
0.938890605065
0.235453665232
0.402740860528
0.247809666101
0.725635603892
0.148693988362
0.877032927578
0.188021109071
0.0559585989204
0.0213592439332
0.0252784133823
0.807234700462
0.152539862497
0.778981534954
0.972548990048
0.601620358726
0.966606106828
0.0776271024675
0.802363180828
0.800698044121
0.351080756961
0.396251190321
0.253841777939
0.927159972021
0.936725074928
0.146404120338
0.624667183146
0.713887991325
0.148426678139
0.165716061046
0.936987409354
0.81118957799
0.947902486749
0.423587198287
0.211570072917
0.437202556556
0.080719714804
0.477062139094
0.23165168381
0.912319810417
0.00240098680219
0.953583813056
0.825143789102
0.09856430644
0.847316304054
0.831902399811
0.277110683349
0.832290758167
0.801321523799
0.476210583449
0.447957391616
0.672353376216
0.964435806846
0.971744644474
0.090678309515
0.125049362707
0.5312612084
0.662560313824
0.788712235139
0.367838042492
0.0105777553659
0.0150214557412
0.978325766727
0.0939114340211
0.339092421481
0.00467063936096
0.157960060069
0.529177177651
0.00425507215129
0.414072104162
0.0435303764476
0.965816456564
0.548445975467
0.842202471633
0.638649247449
0.812894540762
0.0443204309096
0.941706209783
0.743219935554
0.956636669964
0.958306347675
0.993388297166
0.86783474316
0.358727762657
0.708686442968
0.986080058499
0.82950237435
0.0671387799023
0.921613261838
0.0518127490076
0.100974051725
0.484793077526
0.103426694536
0.864425197471
0.0655687194795
0.475033753051
0.244227201615
0.792671725076
0.00975321489302
0.394371518605
0.0718368079525
0.172660640314
0.905942939349
0.46595975147
0.0128047240205
0.826835411984
0.46777921575
0.190861693592
0.724245217185
0.301067275157
0.0211859222441
0.31261396433
0.247809666101
0.901128567416
0.0919480821845
0.948489351279
0.449268291141
0.0473507689657
0.150551227491
0.8703175183
0.890879421177
0.180494528603
0.714755866947
0.615841912892
0.243106943173
0.0675814440454
0.9911808401
0.809934422353
0.971363259153
0.402248493686
0.646678590218
0.35066005772
0.0933693754073
0.462585296045
0.824082074158
0.359427994554
0.649022598588
0.871378468169
0.156037730832
0.280137583627
0.578532036832
0.927190556383
0.0747097826207
0.638203693052
0.212512670629
0.483824930819
0.945380256395
0.00267739385956
0.0295901621118
0.650600232951
0.328798328797
0.0418276570412
0.18353863533
0.0780109772005
0.190902420639
0.129508568672
0.942765753106
0.245667622312
0.659424534377
0.00233686067883
0.2313546997
0.800484262848
0.894052750943
0.209987922387
0.985845123478
0.772767236298
0.320993415984
0.0484108143918
0.11268737738
0.0355760279532
0.967049356909
0.0591861639353
0.218157902832
0.572355249785
0.911143156971
0.989112551986
0.435301332744
0.893664262618
0.370986524241
0.720514604761
0.859718070601
0.75932991575
0.401178978245
0.0506390163328
0.953149432812
0.941883705426
0.985686196042
0.335824378209
0.416300301827
0.0187294101332
0.497697592231
0.706467225707
0.10847734783
0.225402428673
0.485962248233
0.123757542112
0.643723531371
0.193440869439
0.959397472666
0.25052899485
0.939567947802
0.971354849652
0.801680983528
0.903778067184
0.903667046116
0.0614921208591
0.378420764834
0.91036548592
0.666588464409
0.154146891056
0.657573734916
0.981704354455
0.559789668586
0.640943549687
0.794136958599
0.690470064581
0.57440417531
0.625881554949
0.0313540504035
0.245310382718
0.00295003702906
0.416463947959
0.0277775435423
0.0469403176582
0.120191825843
0.63518411341
0.617274512377
0.490943292935
0.65310737056
0.661320757511
0.96878819968
0.858703842772
0.42803354889
0.331748120663
0.387368933098
0.956759240316
0.26305777986
0.957674870724
0.984928270951
0.991634976446
0.791565986482
0.408600780248
0.958760991155
0.0903067355987
0.627805874434
0.266363827777
0.365579704426
0.168291090306
0.988744933162
0.604602241798
0.968291872518
0.958149426434
0.379641389632
0.88842278756
0.699342967007
0.589468564469
0.0553954366619
0.146731708874
0.799959265062
0.438732527399
0.835916143259
0.656348563458
0.0571488287985
0.165923914072
0.982056772961
0.299250952785
0.432179557226
0.868705338223
0.347471136892
0.996232716511
0.306029285843
0.24422836981
0.872922921637
0.128634760888
0.0670896733513
0.430743108026
0.955205594675
0.94461377853
0.0487063785942
0.160626245455
0.213659740944
0.950140788855
0.0244576344945
0.00644880495951
0.825189029086
0.508926941273
0.749936046101
0.708048027876
0.660896315653
0.0507904947702
0.761071567349
0.0845725056862
0.653411233424
0.0279363439461
0.0604672006769
0.572071982938
0.0407649389417
0.878917155109
0.962822548131
0.744008044198
0.96002975718
0.960392666001
0.881869078624
0.63507426743
0.139330966331
0.142192706422
0.188348774736
0.930254034404
0.0321996867138
0.111179128399
0.0724654162423
0.660093682324
0.00792623458464
0.972741877784
0.841595951677
0.963373514679
0.972074076854
0.0243166094219
0.818298838007
0.0292199204023
0.109342336646
0.656729238266
0.0269600773729
0.235645851124
0.124499271425
0.0417882585815
0.962650478337
0.649721248259
0.0346766459549
0.36582210791
0.637279446541
0.993001635987
0.372370178515
0.23988241597
0.52779456143
0.539798268357
0.143364704551
0.358753452168
0.0439984639439
0.854646735636
0.212129534557
0.679309706406
0.963150302573
0.746724970852
0.947629526387
0.434780875494
0.914616111535
0.447244164228
0.900581437975
0.0398433573908
0.0939114340211
0.966461377112
0.294231785841
0.0568429289426
0.631211297375
0.812363354854
0.905800045878
0.888853321957
0.0498530801377
0.920331150531
0.532198652346
0.39715359396
0.592699782137
0.475772042049
0.461669233383
0.0813483770453
0.0232932059451
0.671414981672
0.27390957286
0.753123416599
0.947017629914
0.371699534865
0.00228699435026
0.728122634589
0.963307580472
0.305337276247
0.46346278017
0.909899377681
0.26805614116
0.314271564421
0.992314108689
0.511064183766
0.238285836377
0.581257616854
0.578318517291
0.176338831458
0.774919633019
0.879352938538
0.951964065476
0.162600482759
0.329057541959
0.950667475914
0.890594141225
0.00420127115167
0.0556707190192
0.0235250136026
0.56250138798
0.987347952933
0.952231429407
0.41451065864
0.682365973697
0.470302080437
0.389665701974
0.0312549907079
0.00867829653007
0.334855364069
0.977288108648
0.686899970965
0.846238457626
0.00154531097813
0.842773441991
0.81820692054
0.926667960387
0.892790275787
0.0492573641982
0.452317687654
0.904060991702
0.83916149931
0.439459177265
0.802648001537
0.874988817387
0.591305599784
0.600126656237
0.139460187764
0.930744159457
0.20686448538
0.977457354574
0.877165228455
0.752511677029
0.547870995014
0.12888542094
0.577555173973
0.0784026827582
0.617292959279
0.879136539145
0.198686231788
0.139765998133
0.820847539829
0.576766231266
0.864533296376
0.0456703693683
0.135092273554
0.626476719943
0.672839035415
0.625454481511
0.27984413826
0.0193182508811
0.842208950338
0.419990750643
0.33069973809
0.966506290807
0.899363282376
0.267793491949
0.097221943738
0.489400201945
0.776696761391
0.982623207278
0.769850220073
0.0609522944609
0.928815535932
0.756418929209
0.87726321434
0.770374560021
0.955917130069
0.175623649778
0.94795585513
0.231675900031
0.0648550843479
0.969388806257
0.851435505611
0.836537375015
0.648411886095
0.630910690277
0.540068481168
0.812056000785
0.857342411017
0.0438899960279
0.78072013608
0.963655799359
0.0664486593686
0.91426815894
0.353203792253
0.29434686754
0.22750439313
0.844286985928
0.967791862454
0.73259999142
0.387406983916
0.963842436693
0.996293981947
0.165634059105
0.877256501552
0.0406970071241
0.973915787646
0.950647176445
0.467192351476
0.927590896902
0.664998237708
0.545050690097
0.591701698404
0.663117375151
0.708873140406
0.136026484336
0.674879034691
0.96774504325
0.534628338157
0.767763147319
0.570573645834
0.0148395644669
0.485092879657
0.955224964168
0.602265934546
0.668135005121
0.724123354556
0.29562223735
0.151867038571
0.867071766607
0.258955342058
0.00478055921791
0.427301055552
0.974830874237
0.149352057467
0.751629172045
0.0851920222906
0.0584294871543
0.896866488519
0.954111297771
0.739431026756
0.528911005396
0.318728071348
0.602997521013
0.043154922153
0.808340931118
0.0971775979787
0.983251010766
0.699663973834
0.388278134648
0.0209478648314
0.169212413567
0.98007503219
0.663972633585
0.40296847479
0.48564771699
0.0349633652867
0.265415679939
0.628011759064
0.188907140074
0.0811813324361
0.960112677512
0.909921643925
0.0346985296732
0.88900155922
0.792265691287
0.00616037871475
0.614289875861
0.544369837034
0.868342802046
0.643797951668
0.0341180280897
0.174984424827
0.334953871608
0.242462825139
0.0917749306306
0.892486404184
0.819030072399
0.0119801385395
0.275346820968
0.0112860302489
0.879575772716
0.655684890093
0.649548758162
0.862954186247
0.425120442223
0.886993922507
0.861823382513
0.820118057828
0.106288969635
0.676232864812
0.851083786533
0.569001279006
0.211323813582
0.619283674095
0.058513910361
0.949664121058
0.486445241573
0.944382759766
0.0674425773667
0.0103698301743
0.804457618219
0.653928888744
0.00340387216992
0.919064946778
0.664314134314
0.827139348569
0.00349030320862
0.862122231668
0.0274073461232
0.369079989021
0.920092554175
0.588804340709
0.899525456939
0.261515906427
0.882027740389
0.0591714130933
0.213051248749
0.52593430298
0.392467774216
0.963164940238
0.212046665952
0.970820873884
0.0633976679195
0.753963439753
0.924271135728
0.41984804884
0.243741016402
0.195964724164
0.991636655792
0.419990046891
0.0284245162056
0.807649192843
0.168943475441
0.433700312803
0.985211028748
0.977436940752
0.433096918268
0.774310348486
0.683854787875
0.96143345849
0.897158228283
0.9896495406
0.511107640828
0.149164633404
0.144005488755
0.981965292269
0.481114842305
0.61454574794
0.906976145644
0.905533868674
0.673760477926
0.62022382574
0.0642577498796
0.133789547462
0.715768762214
0.978671419787
0.0162531564704
0.956244508735
0.943519637722
0.556735552642
0.107593382575
0.0934035451355
0.162785316775
0.542494377299
0.902211563711
0.978693380611
0.458119017851
0.282065903411
0.814798645726
0.190275761723
0.44569069843
0.715984347612
0.868577669231
0.0309862092708
0.573687386924
0.924975660833
0.688824531508
0.535978883218
0.155242897457
0.819957228947
0.80806334354
0.0386257146417
0.660813512835
0.0306572394054
0.952065269137
0.374131414666
0.964124306972
0.261850466658
0.616063224095
0.37554157286
0.0416693129516
0.280257472367
0.838933874451
0.642099579171
0.808855397595
0.337660553833
0.725744469717
0.939745247575
0.251603091355
0.214836174219
0.0982087847148
0.443876771311
0.583362949661
0.110662873692
0.9215653205
0.1108196941
0.453690374541
0.89389536578
0.558732750696
0.955450198261
0.922882458848
0.557540969156
0.58237665324
0.966647752013
0.284284177361
0.00658610150929
0.0169875911171
0.029913076836
0.0947667835828
0.840465415492
0.36459125098
0.78072013608
0.634474143147
0.890392494482
0.0230087109551
0.0297568565886
0.0356139220666
0.176566133445
0.668268465202
0.914262475028
0.772580434336
0.690585420309
0.192140099695
0.352144036963
0.708491697239
0.861978086239
0.831902322222
0.40571958899
0.655943214977
0.946725347492
0.884906591049
0.686217906749
0.419413756037
0.208504015012
0.740217572282
0.251865223905
0.82705986014
0.658077050019
0.327105819217
0.902968702968
0.923441779368
0.379140003991
0.206002954366
0.554045178631
0.698319711559
0.907656181459
0.152722917869
0.0112860302489
0.206745538497
0.957060411931
0.348415009934
0.955086942012
0.514834630711
0.0142111155527
0.824405467095
0.225776388295
0.246049822843
0.651688565933
0.977562354509
0.358470856312
0.315650858083
0.442370846593
0.831369540094
0.00311019846169
0.205056797818
0.339044791231
0.998354781426
0.0146790564714
0.0142601913708
0.237884518131
0.295097278747
0.899625613588
0.506657401456
0.650651320788
0.184267122257
0.534304003913
0.939430560405
0.025416181553
0.974196999434
0.986656134669
0.854504036796
0.438812793429
0.0159346822319
0.250029356791
0.414143598373
0.963444311248
0.909809485511
0.997095917683
0.352629118087
0.763117205721
0.900424809624
0.900869270215
0.956064706916
0.0890925957097
0.546655449672
0.922260549641
0.27566568488
0.820021361512
0.00458832046689
0.141060472389
0.0863345737553
0.85953866096
0.401686744562
0.898687420518
0.913641622156
0.440093087929
0.157839907573
0.82414141197
0.764881969708
0.945502251109
0.979790182775
0.40369197292
0.0874552177986
0.63093931147
0.0350936393907
0.385660684123
0.857991433827
0.295980079454
0.0560451431712
0.906217319787
0.940018624607
0.26467423546
0.0511680667321
0.820791995425
0.945413795831
0.00238984482167
0.930967486534
0.0322521207777
0.945598564329
0.0048994177666
0.495733687471
0.0466337545723
0.0347713244921
0.824331945604
0.22189707777
0.84872264634
0.0722804848316
0.324915309534
0.0132671980993
0.385419158139
0.0529622813595
0.528067667316
0.218615167357
0.965311859564
0.938241300699
0.647659350315
0.934749288394
0.604344238746
0.973057246374
0.186122670408
0.133094614092
0.0166277387333
0.971776391886
0.233284916049
0.910030411895
0.149210757355
0.306364108257
0.267984777557
0.893641628492
0.121178566074
0.657879313372
0.0578062219274
0.0179610847088
0.260821546689
0.731615377226
0.140141939681
0.377094383155
0.213960590325
0.0644700766527
0.941829928751
0.491638901232
0.319959392508
0.0911326194598
0.889459312225
0.615731813986
0.600739303085
0.154140527838
0.490785927152
0.738877460395
0.194359747185
0.0508841080023
0.976809634751
0.673141152788
0.39155296916
0.513379712295
0.444412079666
0.0922905035164
0.0271110204603
0.229229792792
0.61201792735
0.825884692531
0.100579977887
0.857803967557
0.0306305725111
0.113345486785
0.170227130276
0.198446207674
0.503157030888
0.371028714695
0.538998875627
0.772342648804
0.749273071398
0.0157081137467
0.0357236967847
0.644034804067
0.603585775161
0.0917496483462
0.714731706038
0.0667297992895
0.154786358474
0.129831736972
0.647945978472
0.978210621006
0.97863003333
0.696524904223
0.898082987173
0.932921750341
0.515189032679
0.647694301326
0.96143345849
0.956765113396
0.651438458805
0.549313856213
0.814424295945
0.974163693089
0.0309188538249
0.917589267257
0.0419492220615
0.745040302276
0.843966418125
0.970081316575
0.0922765418687
0.0301727932254
0.521355081799
0.380574145548
0.176338831458
0.0107298548418
0.831451748674
0.682690248807
0.389138323914
0.815797604041
0.116577587516
0.750920513602
0.771694915871
0.0270751292348
0.139564422827
0.665540077942
0.277463526938
0.00493331882427
0.101713804999
0.939661956968
0.357370935165
0.330837289639
0.610353796
0.488665611311
0.900094344927
0.20244311029
0.438102468076
0.036280548856
0.0422415356759
0.884417567139
0.382124592497
0.977360451363
0.991370441946
0.243369017393
0.0310303722543
0.395898603736
0.874524119727
0.969814283447
0.196097061494
0.972134375827
0.918918281591
0.153314589216
0.822375731377
0.320392854372
0.664013096499
0.0217722371758
0.467819458144
0.682647501214
0.592693611491
0.476260256353
0.974283733046
0.040782258232
0.322350083553
0.0387699961527
0.633496205933
0.876092375815
0.0461181908442
0.853381267554
0.388920696371
0.525005215701
0.455989747204
0.168192521399
0.814884922072
0.949169734979
0.121712327229
0.450392067649
0.940779226394
0.912933996819
0.00927511565143
0.827647148827
0.925751809591
0.385296559941
0.0110361941616
0.895996508334
0.987762653368
0.173867293681
0.103721354923
0.00930968134065
0.995787032207
0.39629386564
0.505892957628
0.34454594081
0.987437319679
0.0415855206581
0.927966786112
0.94205725401
0.469275367267
0.97211414502
0.00373974046898
0.285741136621
0.666980092589
0.552715369377
0.360720390306
0.0954724092213
0.989936131765
0.838883035755
0.185018172072
0.384965059204
0.616124428195
0.965764676461
0.855858601108
0.946434732257
0.0846205861
0.766685247158
0.944833478965
0.0110011427503
0.758988006904
0.896543939159
0.743297897989
0.00998361465469
0.359844511996
0.280636365835
0.646521349606
0.018068957889
0.507232497003
0.664576498267
0.969526178668
0.94455808436
0.792265691287
0.960140937394
0.616906246566
0.564374805819
0.252143023309
0.0514867558961
0.119937774334
0.791085556384
0.937518753829
0.0446014012046
0.766574349028
0.909741644292
0.0426280602641
0.870208900443
0.962065310873
0.909469991925
0.402056669594
0.950461733734
0.0636826437651
0.246175228131
0.267413567084
0.931082674296
0.427947265035
0.231445376424
0.543585172486
0.688976571306
0.0788946713675
0.0518498908093
0.476122474027
0.0692488773388
0.130278180407
0.256303224157
0.96703033531
0.626476719943
0.799649023744
0.224569067981
0.84496840445
0.507677060603
0.75735170169
0.663057133836
0.862806609515
0.560579147752
0.32226346028
0.779108312725
0.34990108954
0.411055094489
0.253299131756
0.385542783239
0.273222343131
0.433302862405
0.340981126043
0.211569953104
0.225535156931
0.747059393564
0.0313563241158
0.0568782395146
0.787779036712
0.0874504202988
0.584836995725
0.389774929943
0.0299433100259
0.351697826203
0.987995211871
0.907052030247
0.0365857525995
0.0372614452958
0.0424073051317
0.14221478087
0.71083160527
0.950516428245
0.242306568431
0.00506751394578
0.786879788052
0.974930824708
0.412372856789
0.927880201001
0.356185990914
0.389986374232
0.0405961969692
0.916027472929
0.271097454981
0.699424203472
0.846177481679
0.0133657077356
0.672782462611
0.52895516146
0.0545070419007
0.200122381184
0.158055042835
0.538637684335
0.0972724727514
0.0244365461255
0.275504882274
0.788901174868
0.12011164179
0.66269323648
0.161340577073
0.180459293301
0.675258444598
0.429355969364
0.992888346053
0.870838664761
0.295972250135
0.406722345808
0.912703075832
0.157047948405
0.182534468555
0.393304711975
0.64510494775
0.89783309026
0.0172824032439
0.111027824043
0.464898614753
0.665659876634
0.297387921529
0.0916725572287
0.0899346628211
0.0475509369454
0.553940659589
0.0357788127546
0.524327444242
0.187499801962
0.0470924462359
0.519123829067
0.0168670023295
0.375018400107
0.360408919741
0.992163648819
0.970234947874
0.396321285778
0.0247676151443
0.838561155752
0.259667190071
0.0353764698758
0.949664121058
0.908812284839
0.64165942101
0.593268077854
0.991249793864
0.0840862188875
0.309582075712
0.878650981707
0.655924645873
0.428451668384
0.770997650453
0.240459581197
0.620506677675
0.303848327752
0.465046272495
0.908369158123
0.360192238021
0.87933243633
0.182146013244
0.966223014445
0.995096927209
0.396990450276
0.968064139143
0.475891759111
0.882722302087
0.035143026791
0.367696619311
0.0114156803431
0.0295393384979
0.429616744395
0.640820735499
0.808522014308
0.67160274753
0.853361955032
0.653060593635
0.722044969155
0.60758394388
0.923921416919
0.109391134186
0.787747364155
0.834700136309
0.949288512008
0.405597790743
0.942487700238
0.238519153308
0.132135254583
0.799224410241
0.977615002425
0.756568817049
0.200354782118
0.943219246606
0.84196364466
0.474541854146
0.194072147854
0.454479891833
0.922337768218
0.471323231908
0.0877367849397
0.913387324559
0.29434686754
0.757611515091
0.242703457332
0.500411810829
0.941522461454
0.853714695023
0.00228699435026
0.294042414569
0.0318749729783
0.910456452873
0.969279895
0.127306277447
0.111104912255
0.420139581342
0.941738802798
0.959225423236
0.986506101378
0.327474813005
0.0355433599979
0.26867902088
0.618965964145
0.997096507205
0.0290641749523
0.643599289467
0.75504119363
0.226146469583
0.881291557194
0.270296818639
0.0823698857831
0.319214456468
0.0415418614736
0.10665727781
0.456079583063
0.973974925233
0.156949762889
0.128800384546
0.586533488449
0.0612865212255
0.581306250027
0.574073555619
0.631974082691
0.321386902688
0.538257958246
0.988178145622
0.959833314514
0.327281115145
0.868452129281
0.0704178282485
0.5861309825
0.381756012357
0.314127526946
0.284028250908
0.0275117058826
0.00868860159275
0.53897762252
0.315174389749
0.0960958408991
0.925165364004
0.817867212863
0.78014443352
0.214149092509
0.0233522370511
0.936718267754
0.311198479965
0.339386821474
0.826385817729
0.475862103768
0.627828003618
0.742089308067
0.708679104133
0.29372593272
0.581592554126
0.0412613051485
0.0356139220666
0.191434438425
0.938212145644
0.905048403021
0.730665730692
0.983488121138
0.933403816836
0.0309925628356
0.201271393593
0.827254422898
0.301590985087
0.541719004229
0.971961256343
0.406863611272
0.138155844422
0.0814876634597
0.144548890818
0.825151809294
0.955213728323
0.133976057407
0.372043677482
0.00429763491906
0.727799525706
0.955945187346
0.97370130944
0.865184254302
0.960347931816
0.621443036912
0.86983474626
0.970316117632
0.894666045028
0.964080661714
0.658958167857
0.393975863221
0.050436500478
0.346895040002
0.95900651817
0.94074668589
0.378379437382
0.971982892294
0.874028096402
0.272954158181
0.283542178608
0.738680044463
0.60677951909
0.568632913864
0.224089625101
0.896972072773
0.269056425323
0.985605324777
0.42730685519
0.0212170730897
0.255764422024
0.0132671980993
0.912638498015
0.9878731976
0.679036140695
0.273628019453
0.294258939164
0.343765488268
0.0904118928127
0.836866701556
0.912113297398
0.213517326031
0.0820910529912
0.747299578452
0.0100108362532
0.0441378481363
0.923616646429
0.503157030888
0.61558605674
0.0730505246697
0.958647208439
0.384112683504
0.365543824549
0.889891221229
0.0161124449464
0.022760077862
0.0426073666603
0.197198377314
0.0106889657598
0.730935644942
0.473850358254
0.804356609415
0.118909526031
0.563671290047
0.883016004002
0.125091896967
0.50342160173
0.222837709577
0.28943907703
0.0325851177599
0.351067202727
0.370389836167
0.206788616463
0.923259609589
0.817090634792
0.641094306221
0.279162151334
0.817497044667
0.0839819364289
0.214635609629
0.971530839591
0.938803651482
0.770055100305
0.870959393621
0.0894433442083
0.530099291468
0.146040784789
0.89909516877
0.945805645993
0.116821201958
0.994586566071
0.816518538457
0.0219445245884
0.126988714729
0.836231459388
0.3376583175
0.695437919223
0.0294562098005
0.44783552897
0.515736558489
0.993565739572
0.0837073107558
0.528416187745
0.787180751835
0.225788339598
0.954442416312
0.998269958834
0.881482105356
0.643935239615
0.957957062766
0.149723280288
0.730343317973
0.547923510579
0.0336398633672
0.964112584265
0.439940408612
0.337431318571
0.673568872519
0.636867599337
0.955192764587
0.730573025237
0.353795874984
0.949133712852
0.968350181166
0.626157200196
0.0250211894408
0.984061424253
0.41979479156
0.0610612810258
0.812644067844
0.590914443675
0.944639289412
0.0512199384488
0.9658601522
0.0432302866919
0.124805478867
0.95294053896
0.844226110759
0.728553757873
0.712753685349
0.857218011794
0.0017010023731
0.667455382059
0.00142174643829
0.327071668763
0.591651796607
0.284028250908
0.104986144538
0.554621867802
0.0449758627938
0.978111195993
0.0485069025033
0.441352709714
0.0611402308704
0.679781388366
0.80243071458
0.497739423029
0.100974051725
0.672669089551
0.600275102321
0.0201875991392
0.746581379193
0.00554407707994
0.604417086
0.271703270863
0.0149589779903
0.941119548712
0.922086373567
0.155266324342
0.434771987315
0.0199003947018
0.870250321326
0.0567085217969
0.00378074191578
0.950447775327
0.138318825035
0.621534055806
0.680953797066
0.664188134919
0.330211841273
0.97211414502
0.691262024542
0.450412813325
0.872844050283
0.944223833904
0.829762575942
0.55760316894
0.578382264885
0.628335969745
0.887540966913
0.547533520631
0.0309202837987
0.0218516899418
0.210698164622
0.673837526477
0.972548990048
0.302263201393
0.497013564962
0.989412054745
0.825803981231
0.958497535243
0.646196022544
0.630066587076
0.497087492573
0.437949292733
0.054535263816
0.81744820077
0.0917496483462
0.0749288775287
0.0265469617209
0.0533777772955
0.846163351551
0.697897160301
0.20535379872
0.0359044301336
0.670304309356
0.936879311337
0.502900581276
0.965456966426
0.283533382764
0.436767664046
0.419176239971
0.115794408279
0.789207863935
0.0916999589882
0.899215593462
0.638203693052
0.877384203881
0.150537442236
0.429067230523
0.764391851856
0.479584339832
0.440258523639
0.511064183766
0.928986536136
0.207119971077
0.957675428444
0.875629768854
0.965680651643
0.142835962509
0.269592510182
0.779386514645
0.891515448546
0.352903186049
0.068949544453
0.0598323068391
0.628495438503
0.984059100656
0.0307311229476
0.51001579262
0.972074076854
0.461146591959
0.143152329122
0.0750584078963
0.0220936150121
0.469792695556
0.507521500217
0.870846785898
0.909992831518
0.332926420911
0.957526243695
0.0764908255742
0.122367165474
0.306364108257
0.400442746565
0.658861045689
0.288920789061
0.0185334338285
0.974563946144
0.781073818114
0.0254141403343
0.479775674831
0.641690436476
0.742838713227
0.0595450760919
0.898060511408
0.765214607431
0.975877186788
0.546544894291
0.222533565959
0.158363436213
0.639677344245
0.993273950372
0.0146937450951
0.582362289658
0.00482553875146
0.455177637029
0.906105371003
0.01864545569
0.0139965708354
0.691065400255
0.343449784867
0.856703478359
0.675430937921
0.221519301958
0.732118988461
0.15618691697
0.990234330346
0.470677412577
0.899689679718
0.199403976807
0.738374956026
0.892058944346
0.895516495109
0.678099263745
0.393793530956
0.589556834529
0.974506153037
0.871046727147
0.0271664037522
0.817267188293
0.459135515426
0.0877390719248
0.292734524996
0.594306286515
0.275841538953
0.0625334117774
0.901962049745
0.196331383113
0.324687235854
0.198803627875
0.277250789229
0.0962688669777
0.379542035882
0.0435036308957
0.496567299262
0.148619586841
0.796290398244
0.0667597549949
0.608512378028
0.794136958599
0.283032716097
0.271626805144
0.117465058204
0.976363636424
0.0145672981255
0.342914675392
0.955403256077
0.986206401897
0.366579521819
0.00442138922238
0.445314263907
0.540911546738
0.0872141796429
0.972544138394
0.956951964347
0.68368742719
0.683431792468
0.0342896053984
0.815898152741
0.911915294543
0.484948668875
0.258393076878
0.382002927008
0.956484559609
0.0227180466495
0.781787288014
0.255697612917
0.818499059039
0.918735583737
0.547224543924
0.406095378351
0.00697599045722
0.0852265386242
0.825331306841
0.807774039025
0.156245524858
0.631102444387
0.832654915871
0.558641754261
0.0134394602775
0.155967619533
0.804177367529
0.955920856172
0.975424365786
0.0365857525995
0.74164954648
0.45674072334
0.896667008566
0.817202537705
0.0203380878898
0.202006493265
0.449656756643
0.962572272925
0.440156809372
0.10217438642
0.844290560017
0.851113377829
0.909060667476
0.0820981523794
0.930753295465
0.685810465067
0.122180573857
0.955453455894
0.980916380774
0.0354100127352
0.545450019454
0.918163657443
0.136961096692
0.281451391801
0.335345496172
0.0754557439023
0.909811707675
0.8260056504
0.0860304952452
0.995892321586
0.246802886204
0.120723487491
0.438087929494
0.87875207887
0.12549150984
0.0888412073747
0.732084289222
0.658657726115
0.881423011177
0.572025911579
0.168943475441
0.615128192713
0.10217438642
0.916154123505
0.168288470298
0.805441934329
0.161116687437
0.811888462413
0.130831715705
0.0252218481468
0.960140937394
0.427529409413
0.195902562714
0.531132499427
0.214810633706
0.725635603892
0.838118227481
0.0744140479642
0.61011771961
0.870187956061
0.860950496394
0.0311563211042
0.017360561616
0.858409457934
0.173826149955
0.79990582092
0.361307648453
0.203482065666
0.542494377299
0.806898567126
0.365077349928
0.247598921702
0.507922218035
0.0228945646052
0.704933024601
0.906965043532
0.816165371535
0.413969756495
0.0110412050045
0.681591591705
0.797129234631
0.00328748442603
0.688113999767
0.938241422494
0.974185109402
0.598232751317
0.583223564195
0.642734132723
0.974808374433
0.621738083027
0.0910836568191
0.402576106873
0.0325747730175
0.992166071709
0.751823112627
0.889174549406
0.538654782517
0.442771125356
0.251847290175
0.0166782746994
0.624463754738
0.410737724685
0.979695807893
0.202811071472
0.0638510523199
0.372931410476
0.557365331142
0.9786301043
0.0454053766706
0.102729265255
0.761447844475
0.636942022242
0.155542646938
0.480765295401
0.0362190010491
0.889563071994
0.66172748886
0.792437053063
0.137541947576
0.96250814167
0.920977927221
0.972044726334
0.942083787708
0.0604212921046
0.963248960108
0.171364316403
0.994599283161
0.351467304812
0.962016114756
0.00181462060049
0.340567951833
0.494115775238
0.393806083332
0.626856201611
0.59465169351
0.875727650987
0.958062781681
0.973974925233
0.955212781315
0.249871993868
0.3241349645
0.923199303974
0.236924659255
0.303921743064
0.635949603732
0.58451422095
0.0672781486602
0.453863070724
0.727333686088
0.911158417972
0.776509644606
0.517205467649
0.320983602551
0.0376914008899
0.167621950532
0.0118479868225
0.709055722414
0.302425940216
0.0070622683848
0.4095904833
0.987510053822
0.338182789649
0.598897036518
0.643766486953
0.37785041547
0.382774846971
0.00794130053508
0.879231941659
0.706396301247
0.382288202066
0.949981102688
0.00230959330782
0.0311242006599
0.89635372045
0.827723714302
0.393274285798
0.868128336528
0.802669836896
0.847332078299
0.995868370768
0.607507721945
0.4536124643
0.485838753404
0.0289891234747
0.92519123635
0.103580425162
0.108488357841
0.804670225283
0.256344997268
0.871266346673
0.594353750918
0.613528919899
0.747509169965
0.398884468286
0.355454920117
0.699174462151
0.381167671213
0.44494380287
0.925381004923
0.239800558888
0.0873752911673
0.705347677099
0.356073096541
0.964351970246
0.306709281459
0.591358582235
0.376234248369
0.262224463034
0.218258313757
0.288798574131
0.956421548387
0.827864012734
0.128641188372
0.634884061839
0.0139142396257
0.945988523738
0.0323639218621
0.692222553612
0.644405175216
0.947765542067
0.275346820968
0.836645737029
0.847769921102
0.127911445985
0.642767986071
0.181320612503
0.697647460141
0.923910114924
0.176084241728
0.660342193422
0.717980268504
0.322403043799
0.231027399375
0.454236729346
0.900050872072
0.823376889833
0.299742173428
0.0718312151534
0.187957281323
0.119875008117
0.926363656086
0.235525680017
0.923466861126
0.298556525624
0.59294621443
0.00801612346887
0.488913469944
0.755418825888
0.840413494213
0.911177041461
0.0956119389948
0.794114656495
0.0162195811329
0.0151976271755
0.905309900677
0.721478562895
0.181473827394
0.373890588502
0.00957948041419
0.581819062926
0.567069062796
0.261292071387
0.0361639332876
0.117557043395
0.361387718891
0.490248323457
0.474009783685
0.946561648133
0.417395385427
0.236295527864
0.0645044615128
0.0645044615128
0.457520403734
0.646559061072
0.0982087847148
0.816503465783
0.640129864447
0.0772832876538
0.979479083907
0.910030411895
0.554766278415
0.740901730873
0.965676757776
0.236924659255
0.939151780187
0.171915465924
0.413462821517
0.286311910294
0.936058866395
0.636819287063
0.751464825329
0.862258291763
0.281019866988
0.985219620842
0.863153408573
0.282437007082
0.890364491745
0.466760393457
0.974315043308
0.940724352556
0.380635054017
0.943327315899
0.955806679883
0.940340457929
0.0163213549414
0.881010969162
0.808673234472
0.556492286819
0.0834816095364
0.419994124145
0.883305182863
0.130831715705
0.524310690126
0.938947071443
0.30003321701
0.484291575595
0.990420013338
0.639039483607
0.987765454583
0.938324429973
0.36242232634
0.0355433599979
0.943519637722
0.942788097343
0.960396944628
0.144585115462
0.101675922228
0.825019687207
0.439626109608
0.981806578142
0.980465098137
0.949086258683
0.147462104311
0.0242074577073
0.151867038571
0.806014190769
0.94440450774
0.802427643339
0.940067827513
0.0439984639439
0.685728119951
0.116734829583
0.973098315831
0.148543581612
0.202149460285
0.0233082817431
0.973648450196
0.0443204309096
0.98988516526
0.988178532849
0.972080173976
0.436758758164
0.879231941659
0.526921803319
0.421619858707
0.914334609851
0.268599725168
0.979025038038
0.0542625238099
0.291132764195
0.6950273925
0.116802162514
0.997382295907
0.626476719943
0.630602361289
0.115420708323
0.14642943715
0.480165406218
0.989762376912
0.531703847766
0.583057683995
0.797557095185
0.0669747675543
0.158405067569
0.254969840667
0.973747019182
0.00810301018649
0.010014750857
0.0458624722607
0.0871529465027
0.530979040376
0.909810591554
0.403236573794
0.508093225184
0.772936178502
0.376932203168
0.744932313823
0.20468850669
0.0685994821193
0.899151919798
0.849833437906
0.13353342362
0.203075907513
0.491904500511
0.200331592411
0.0161147470318
0.714448286267
0.873160851513
0.508288212995
0.950806285873
0.936085700471
0.314076569826
0.941347014916
0.948971877853
0.899689679718
0.637652980275
0.886055911996
0.855516082236
0.887598744285
0.128800384546
0.0370752366962
0.773393464907
0.211570072917
0.944653923377
0.776487695425
0.0535852028958
0.114908270564
0.972050862025
0.488890498073
0.16743299108
0.889657154832
0.0895356684965
0.934683463071
0.477196464027
0.61767073451
0.139780385953
0.178054240596
0.977954572406
0.473350569848
0.00867472148833
0.455948672742
0.628428775066
0.921121886781
0.288091995555
0.458810306248
0.745539082435
0.275154748637
0.973963033259
0.95976779176
0.178438497302
0.812076899184
0.905331358944
0.607694073765
0.0190533045086
0.889162536245
0.334615660231
0.0553954366619
0.944044540502
0.475335676831
0.902571160576
0.179905705542
0.577928193015
0.788077947536
0.0604245783657
0.410829319762
0.00948827348035
0.0354190543349
0.709668103879
0.357817147455
0.27674831672
0.970168948109
0.00517584519787
0.551769714081
0.92217030948
0.0230537069159
0.548477382033
0.814933433188
0.564377778458
0.58789770233
0.463044302711
0.0137422687986
0.925060404787
0.558311070725
0.0203551179139
0.284934248513
0.323786628333
0.184121000057
0.879131363678
0.763073974919
0.9733732045
0.812644067844
0.470165058743
0.512674694389
0.792551713202
0.87748233231
0.167232390218
0.646334165869
0.113845148786
0.424218534592
0.023141544342
0.507780619719
0.101120982392
0.926926223973
0.623534524921
0.811106516541
0.133186624603
0.527156437249
0.672950540073
0.115440595028
0.612927092514
0.858786862258
0.0183784648818
0.154745653596
0.159225979237
0.32569913269
0.805114447377
0.00949834051867
0.634108672064
0.208140322121
0.00240720532943
0.0830040489224
0.152300539527
0.869445686428
0.382677889686
0.687102059866
0.857991433827
0.348840883568
0.934666711622
0.869747256543
0.791874771271
0.96752212234
0.945138741081
0.00119155930553
0.425972216004
0.989094345119
0.407189250978
0.973219318992
0.00506533722423
0.399353713178
0.285873577633
0.676679802252
0.717898462646
0.626705409492
0.443171385977
0.075776533767
0.708447277855
0.00397922966062
0.658744704887
0.973351863772
0.59920880695
0.025416181553
0.132210176536
0.30290854631
0.359417324169
0.511206566679
0.823917527993
0.0448732698627
0.709287728304
0.789309910082
0.776268884303
0.981345396714
0.977731504186
0.910933739285
0.848560348287
0.31942385495
0.97651330876
0.171237336925
0.0296529983977
0.507828661
0.397090413126
0.259442488947
0.989753143936
0.186079150606
0.977970605622
0.626713194132
0.513736822624
0.267003986506
0.975221913916
0.719333551633
0.165943736526
0.167685323117
0.466452800387
0.0623902567412
0.393304711975
0.299993512427
0.0446087849776
0.0168670023295
0.0694227912415
0.706348580082
0.950943439137
0.376964475932
0.134031931339
0.48963993878
0.94874884001
0.31021711341
0.88314438832
0.807048001619
0.203639107362
0.982943427761
0.681208354735
0.260087712839
0.275419714545
0.343813402264
0.468710904556
0.306260452186
0.912927080172
0.928930134241
0.714731706038
0.524204254008
0.126872885754
0.0947912972789
0.43137662282
0.165859921293
0.563250189045
0.625618135053
0.133041291192
0.786473993294
0.0237697783719
0.0813445824809
0.873047722281
0.172243401521
0.0367768060484
0.758170964893
0.135523198901
0.891861124866
0.143182231629
0.542107895471
0.126710513025
0.201799221111
0.580762189065
0.874810275253
0.54531893022
0.958824094
0.84176356372
0.567726794309
0.154626135689
0.955029962559
0.924060807465
0.612167059933
0.697513194521
0.979838478444
0.0498034555487
0.548404352685
0.937487017088
0.0916484204055
0.0823698857831
0.67160274753
0.654980586513
0.2586484198
0.57027281164
0.564126521053
0.976415406692
0.32225556403
0.973704976642
0.027724779246
0.948639007598
0.37605282205
0.643846197205
0.566204950072
0.800785613497
0.127996491351
0.887305741784
0.00472992500813
0.163421995069
0.774919633019
0.818887246238
0.0350427022888
0.896787214967
0.699855942363
0.766423289768
0.741594063775
0.680953797066
0.092479243706
0.949939486751
0.573960679414
0.359802055037
0.992373162491
0.480240836295
0.0902644916329
0.635785098178
0.504231667984
0.772401469338
0.117482388203
0.0149402945116
0.591651796607
0.974844236407
0.0706786461226
0.540684458954
0.597812453701
0.826647019491
0.685194238762
0.990706692639
0.644405175216
0.697217209493
0.949654218147
0.815797604041
0.857442649085
0.655190737396
0.74912046838
0.593188613803
0.13329248745
0.734113417591
0.430089000145
0.204564168482
0.948589624413
0.0170720845964
0.620670510959
0.537765851353
0.973612551044
0.462073707505
0.268628371358
0.976105453097
0.816518538457
0.873142597343
0.0278561619107
0.433779732036
0.0684567246125
0.795447629635
0.0706262885555
0.861097920326
0.0987821117199
0.962936879384
0.00198513961869
0.0749107858233
0.0745542201801
0.934260802093
0.502424025119
0.4937602636
0.0321326930239
0.158410986644
0.439374974949
0.873479302286
0.896600599462
0.0661157836306
0.038474476854
0.0700237517981
0.258809758439
0.977630970757
0.994530021991
0.863498002176
0.688209125614
0.950224478847
0.348468471937
0.0197636815576
0.847837824191
0.0603561212384
0.728060250745
0.764234751058
0.0180551357395
0.69602530132
0.0263788224043
0.063106602336
0.912026500218
0.375149085008
0.41040291769
0.81399587237
0.918857771848
0.253697010194
0.0417866376259
0.498854683531
0.0109816477155
0.154820248293
0.0486798565934
0.901419692957
0.707333820726
0.139507701798
0.877966418552
0.0277662233878
0.65321436297
0.0135897403075
0.770997650453
0.62076682271
0.963112753059
0.73957565768
0.678939340187
0.0447139469403
0.336674380254
0.191509300326
0.936718267754
0.02798156588
0.466737406995
0.0182696103197
0.184520959688
0.028943984908
0.482838939187
0.905585647073
0.856339906291
0.148543581612
0.542117026049
0.953258109871
0.612057442043
0.310533857814
0.859891942062
0.0527722381176
0.0030130698991
0.532787157627
0.768507421005
0.76205190639
0.209724320684
0.0495057677561
0.429147016981
0.122134244335
0.581945459063
0.203762447255
0.669491202294
0.0422554078687
0.0454584305155
0.295471928862
0.574222930868
0.634879100415
0.580679911764
0.44641578662
0.965534766355
0.00534832482155
0.954947647155
0.926709039441
0.807348597531
0.917965093987
0.152517643322
0.962285113917
0.116508642754
0.984984699991
0.120372140636
0.0975599677126
0.160412345781
0.994608891756
0.162397469693
0.24234967631
0.691946038854
0.706962615932
0.430743108026
0.00572333904871
0.619322063661
0.23041934957
0.346895040002
0.249688053267
0.92273002649
0.892646779987
0.647705535233
0.508799803837
0.517321354624
0.312900823203
0.0209538330716
0.343352639914
0.143622772674
0.0275231813317
0.447351297282
0.574051483961
0.951525310178
0.949359382659
0.00993359289448
0.932611434209
0.959520562206
0.551784215425
0.947334133742
0.327318538323
0.202345963693
0.0674894226183
0.530125425184
0.62085054828
0.369240471839
0.196919614497
0.799276467081
0.966704863703
0.92930583362
0.93731237887
0.0502132965263
0.263004505266
0.887967152707
0.286632170071
0.702831334502
0.81431534705
0.0256061029998
0.116121882657
0.212942716434
0.547792969219
0.508544718386
0.201238800977
0.860148366315
0.0905333720164
0.0989310563418
0.219200837221
0.100820738288
0.890407697853
0.161324232728
0.661533727702
0.286931151498
0.772578326276
0.326616964149
0.0228945646052
0.816520676193
0.447091935456
0.0241201412149
0.371809837659
0.868556318391
0.647705535233
0.699730494774
0.896825996289
0.859701680289
0.825931642025
0.00386040155253
0.713737999703
0.00616037871475
0.819508742445
0.98088769526
0.517895675905
0.763994022173
0.363472829217
0.00191811060686
0.922362879688
0.046904025768
0.963842436693
0.108020419071
0.25467275828
0.938008619236
0.895344821756
0.665056818694
0.749584404302
0.895281945935
0.109060665526
0.828707824901
0.533778550155
0.985845123478
0.252712807235
0.922086373567
0.0603712856105
0.152465490581
0.335575003609
0.850396321689
0.832447433968
0.808931703059
0.079988763805
0.885092949395
0.216500724729
0.144822902668
0.61011771961
0.469065949957
0.967101216036
0.906435825544
0.0591804260696
0.895077915197
0.792012311368
0.233274396422
0.717206338538
0.881841967335
0.966573728177
0.254114194879
0.489125997232
0.11631689011
0.0436405282873
0.102905682566
0.210361655243
0.5558710537
0.232909820461
0.0228168129419
0.836162985831
0.841176928681
0.012753368082
0.97540056419
0.132656681821
0.953440768119
0.552398194302
0.142360363266
0.724036920177
0.149605287277
0.829088553797
0.4749072119
0.816750856727
0.806148116073
0.586031767811
0.270472083646
0.00419765821124
0.581857677496
0.847219562841
0.781370671392
0.724663768535
0.168389276006
0.101859318325
0.49839758557
0.991186718468
0.642792601309
0.970383203912
0.216072426346
0.88528793126
0.0838032087039
0.94104497303
0.747518462069
0.267233919331
0.990888534415
0.813376555276
0.0560435133121
0.663972633585
0.765333019053
0.685452471032
0.387352045963
0.939830215079
0.800765831661
0.0027325953674
0.88426886744
0.757629375199
0.907898919331
0.416463947959
0.750741949381
0.880030436846
0.223574529328
0.0843329161235
0.0724654162423
0.0208127573325
0.0669988385572
0.977329679041
0.978937409586
0.93884932829
0.0141550277411
0.357611603875
0.887291891046
0.9343739081
0.131880866536
0.0604672006769
0.165314463021
0.863704791595
0.31660445863
0.278483341459
0.0393406721175
0.148790221736
0.833393919156
0.956001848677
0.399550347724
0.894476676783
0.0884858598701
0.857582035589
0.614178947279
0.00482326359091
0.00867266458375
0.334436949987
0.755299493087
0.0824234033734
0.211879420465
0.0702798307128
0.982720099873
0.000909475250539
0.668211827426
0.0530026151504
0.239861508385
0.305472660842
0.944639289412
0.559950788236
0.684347693796
0.673425744147
0.85401433193
0.0456364250004
0.805166089275
0.0320453207559
0.362582439483
0.747299578452
0.0287860853428
0.648495977321
0.929359718814
0.528710540363
0.66188235504
0.48559755098
0.412497598712
0.813577117672
0.485166324273
0.46339204844
0.714568399713
0.0329235912139
0.202578056495
0.71123204193
0.633773376422
0.843284364418
0.56691447444
0.935064865115
0.643750905236
0.052039440964
0.0298331197567
0.972571411382
0.00659212444307
0.92228333074
0.394272350716
0.166207433759
0.870237242825
0.845060715472
0.187577712862
0.0634497998538
0.585885963378
0.973796695659
0.812173333399
0.95462772692
0.144999026367
0.188890533985
0.843146289782
0.459572947232
0.330825055457
0.370408947346
0.0813038635135
0.962584830943
0.930953260005
0.964407729267
0.805255179117
0.120506370884
0.967820472709
0.302754208048
0.211837414243
0.512223970582
0.752429656161
0.178509931682
0.952876243226
0.975142003508
0.130948216881
0.758402727766
0.27752654052
0.981833117528
0.994941394066
0.229473362528
0.101830138624
0.424001253269
0.909242499488
0.0627744730696
0.868369791321
0.0317585135627
0.106235251163
0.017032118107
0.836224042776
0.677752752126
0.00555198661354
0.0661243975525
0.443382734004
0.614999896417
0.75878962673
0.481622774949
0.832605869565
0.343841236162
0.86190336342
0.637899090054
0.538563152809
0.879723110615
0.206506702466
0.92434797451
0.0313563241158
0.711008757565
0.908258705551
0.591051627103
0.978111195993
0.656908685575
0.992588253961
0.401686744562
0.943436525941
0.394353214901
0.923330789669
0.494499028687
0.887236216948
0.225733660713
0.983156778346
0.852516289369
0.817985493243
0.817572601939
0.92343746644
0.914595792101
0.597040799284
0.0152851828093
0.526951889268
0.910587543833
0.875448353053
0.305287816974
0.73751355637
0.956802868017
0.398893133679
0.980596659202
0.912364100284
0.437839886711
0.0206623885484
0.731966033162
0.294893003625
0.853991860318
0.189691321191
0.740395180128
0.622966839848
0.888514417754
0.821279741169
0.164727733438
0.91604945759
0.900211195874
0.23467201744
0.521980050888
0.96533128922
0.186189935608
0.52429330496
0.122965614573
0.106911635821
0.950195589826
0.0735911538156
0.959318284399
0.0793585371542
0.504326652614
0.129604493794
0.980224378149
0.569828214758
0.960540045136
0.14232552605
0.298765465428
0.158220801363
0.12745899503
0.141206088482
0.914037325582
0.634360646847
0.53897762252
0.928930134241
0.499556293075
0.804455552212
0.126330572468
0.0364554486778
0.0366921715945
0.0256123078312
0.810885635514
0.0775127220993
0.0193947933587
0.030450225799
0.191813784166
0.957593741495
0.312937040094
0.171111697482
0.0313111222973
0.928111758212
0.44923342159
0.64510494775
0.0763556802663
0.0325969245045
0.214633855495
0.731449604936
0.447137238221
0.970141306407
0.692539336663
0.82863004498
0.211316261271
0.47185374348
0.761332007965
0.377808088796
0.954580716044
0.0752177317786
0.0071859322187
0.705594599681
0.825960671719
0.581257616854
0.597665987944
0.921149814063
0.731467555436
0.0917186601294
0.966668710387
0.168780085991
0.566746126161
0.033555775678
0.0305463542804
0.548415318061
0.0171724562198
0.807766119793
0.917390283394
0.733877673918
0.0197454030616
0.86955909469
0.574134964889
0.62180239512
0.0184372493533
0.931591111422
0.674066824877
0.0386150113427
0.16263015216
0.565935858096
0.938829436527
0.262372003353
0.107635275183
0.951894575298
0.0349760054699
0.201342904499
0.142193345774
0.861636631549
0.805114447377
0.604520571627
0.854867382237
0.975306244512
0.0914963457332
0.0127548859084
0.0676286470863
0.20315660544
0.541764049629
0.186072616072
0.168856463791
0.404873580848
0.246037214001
0.547759215027
0.269030523217
0.960354550981
0.404177336009
0.117083269225
0.699174462151
0.683482195556
0.0641648642715
0.417627468098
0.0834033923231
0.324544883529
0.0377299081139
0.16441498388
0.706715397953
0.864509867548
0.348768706251
0.744704353348
0.231541138723
0.484427615223
0.869751732722
0.699537170327
0.399175594155
0.724003208797
0.956275837138
0.0982087847148
0.830572577404
0.0217165252709
0.386969661062
0.876238913892
0.567483554226
0.969205928384
0.667390239194
0.669592236551
0.00635102739843
0.00153300002612
0.137822346888
0.422322243359
0.870040563523
0.25312106212
0.979676147176
0.00334790852579
0.77759572599
0.833873218178
0.773268678131
0.906754483744
0.171719314248
0.0854807520032
0.970834650749
0.855039673515
0.975278437782
0.304843411226
0.199043527205
0.286076737006
0.993482334187
0.147883541255
0.851510824681
0.479490150403
0.153729198763
0.105743465756
0.745194251064
0.0893055035709
0.325374570616
0.870876061942
0.0312673139426
0.933335398159
0.0780183987082
0.955892946112
0.789309910082
0.728655732756
0.085317283541
0.398818965228
0.935145909796
0.35609332046
0.176644820713
0.527485662009
0.435871320942
0.403236573794
0.0545380633876
0.887214622417
0.676720913085
0.53807821744
0.807182116373
0.966652681487
0.15252278802
0.636057523869
0.564095945679
0.229142044512
0.884022666661
0.431495127035
0.634275425878
0.405789104358
0.841129884456
0.989496047167
0.560562513408
0.460156285371
0.872579702691
0.903503303067
0.335182151827
0.939655422141
0.0632062335892
0.745889387651
0.791554463166
0.814159966215
0.97679828737
0.919751920144
0.976458971349
0.904291879918
0.920531266141
0.882332612999
0.235130482692
0.62938835528
0.962546003578
0.0311276738173
0.144658772604
0.051378863792
0.357705399174
0.945538239242
0.482561864002
0.717487387165
0.726852573963
0.918165414906
0.0636043856986
0.92351111704
0.9799217673
0.879958415588
0.78105909134
0.384638235784
0.538307483578
0.0777721154489
0.00581771156996
0.0960835821978
0.0281721458077
0.844013534901
0.847593058982
0.0249867471789
0.0536238486856
0.724123354556
0.261211667106
0.828623618529
0.906722627573
0.994583315495
0.0310589508945
0.960486072576
0.409851619397
0.0271448779601
0.796304211503
0.0300174966195
0.902752979947
0.142537657339
0.74998138635
0.942444442608
0.733577999348
0.290231796935
0.0504395133552
0.0319452163822
0.568070919024
0.139170013783
0.90172097121
0.843371435174
0.372147943461
0.0173254674291
0.0586491530422
0.573231480018
0.269160059151
0.513374212188
0.499305233993
0.266078269115
0.14475711456
0.0311730041844
0.267689045168
0.958402951506
0.565765645639
0.0416693129516
0.994608428147
0.966154431386
0.554281326672
0.0882673906456
0.965511801794
0.785282183305
0.646700795397
0.483379026173
0.23502859067
0.324034481405
0.11609261127
0.0188509953663
0.725153260824
0.0662398722602
0.532351915994
0.938162047837
0.0843212589804
0.534840463372
0.632812804347
0.15789891203
0.182407985619
0.4669316311
0.540687609638
0.199287378644
0.470652907859
0.393955891794
0.535180069171
0.842040226662
0.654161225519
0.433751559159
0.617534715814
0.396348021352
0.464790783237
0.840623825398
0.310829439382
0.227720563734
0.928062496315
0.0217818763855
0.945389275647
0.958325446159
0.125650535645
0.981103170472
0.938750567366
0.849736942814
0.194956491419
0.0545933043754
0.124448005888
0.418861298606
0.0131686311825
0.436783817564
0.250225510072
0.175309708308
0.704898733025
0.637730785108
0.651520463239
0.803581092421
0.83428780618
0.347085538066
0.361567436795
0.0141646023612
0.148467550761
0.0448765793263
0.965721097809
0.0525434462345
0.0650052484401
0.976762181699
0.775967466912
0.959833314514
0.58369083506
0.153567756701
0.341940558958
0.981925209396
0.915678305101
0.273301238091
0.0114137995635
0.0172838854951
0.875633476692
0.927097429793
0.756612395549
0.718874955459
0.333150154748
0.75517473355
0.409083981917
0.451769433373
0.787403227584
0.218698846784
0.956356327461
0.462073707505
0.854183553646
0.0166328602173
0.993362094997
0.762485193951
0.340443941316
0.281049249814
0.57601209727
0.327016190741
0.658334913774
0.311920431308
0.187252070667
0.720274217278
0.573217357802
0.40050426548
0.0194402735687
0.820265706694
0.98544134225
0.958180432471
0.987265075976
0.950429926496
0.58886731955
0.962569669714
0.124042577875
0.362399591459
0.0689137531368
0.770877146883
0.78962875593
0.526730590154
0.913821272607
0.994739312566
0.971265721205
0.962178175654
0.970409717705
0.996131076983
0.984197353975
0.6123652456
0.407442436164
0.866140562201
0.913302328816
0.0591497658267
0.0389860593207
0.0754914354941
0.297233837365
0.87144779866
0.00995296399921
0.0151680308706
0.462630287003
0.954851073113
0.309540872065
0.826039217876
0.2572974402
0.318510600497
0.0986491235506
0.155165406751
0.430574716225
0.193271653322
0.852429698926
0.765252351712
0.585159415746
0.213720052083
0.215111890963
0.196370524392
0.310801825093
0.976570652875
0.974922956012
0.404233966719
0.9658601522
0.456817980449
0.385629392126
0.976073149794
0.701856856553
0.0601145780197
0.986074369327
0.286713823366
0.171529517776
0.696451780752
0.474710696087
0.148750445724
0.0507941333807
0.202777509239
0.697029905716
0.892005657748
0.910505503698
0.657582902486
0.69309121044
0.257607151392
0.800523390024
0.230253058641
0.114777644998
0.820226980502
0.982891596691
0.00844016328531
0.494948423268
0.342943987306
0.121935192008
0.941208248192
0.702075432093
0.941252700753
0.430116097403
0.191567991026
0.0266039310168
0.0248282081095
0.496370974208
0.134344394872
0.462402486682
0.986058807287
0.93884932829
0.226889448282
0.816370829008
0.793302925841
0.975921095885
0.0428499984401
0.939830739059
0.763847385833
0.131266308497
0.538054320048
0.480209458136
0.283117167426
0.724036920177
0.960399126936
0.962158320163
0.0653759870174
0.284580018515
0.0260314170247
0.302007868869
0.0906159686222
0.942142922506
0.779275866261
0.970405561242
0.455948672742
0.877141822549
0.977755645929
0.947722672699
0.0815183342981
0.128598291921
0.70472230268
0.902472234056
0.418087455636
0.0196699796232
0.796644022595
0.730390510436
0.799813301931
0.188326613188
0.885833431638
0.74723348458
0.947354392529
0.0339524744616
0.616349645688
0.541745504171
0.955864749961
0.515255508604
0.641898561383
0.974170741999
0.354974328595
0.209014749056
0.222661922974
0.821339321376
0.466124446079
0.948754275485
0.710949145362
0.0391941899872
0.104021707753
0.869435865226
0.213652931892
0.582013158598
0.976053120646
0.75134625382
0.0674914472723
0.879432223258
0.739996495967
0.427448340149
0.99615618328
0.950463554627
0.295634339377
0.597552807111
0.0603528254291
0.987643807871
0.521980050888
0.734108645411
0.383874843766
0.00626082669137
0.725293426026
0.0657371002282
0.9214730298
0.341245107277
0.944292808112
0.708136678273
0.163825946072
0.948957725646
0.886365449215
0.0573452313905
0.39301139574
0.941486714771
0.777741911115
0.00257903134389
0.697462022587
0.984529736632
0.0293177812873
0.507867210292
0.134006031662
0.406176138396
0.895891584269
0.238065294081
0.568967481342
0.835987539639
0.0831987391681
0.802333407354
0.764066285256
0.275230548268
0.220536431067
0.911484826929
0.0479453495719
0.931984745105
0.225638917662
0.810586098341
0.218642926212
0.832633280636
0.0888801930975
0.890898564163
0.468123861492
0.0121408610454
0.150100168849
0.960559547019
0.853012127422
0.541680699529
0.565842693746
0.653793314456
0.297906226916
0.0370823697169
0.0127199642989
0.366522601991
0.913864785012
0.962898938297
0.827450792578
0.371272074339
0.120808330818
0.152734586301
0.986290225669
0.513577317763
0.153245279386
0.868128336528
0.622287378677
0.943860961111
0.072506200907
0.259152492048
0.581283207245
0.0656122505172
0.380695568113
0.125091896967
0.493490924688
0.31147386235
0.467012296353
0.629451374489
0.983456321065
0.348388814614
0.69502919706
0.479044757586
0.0802805885262
0.394436146147
0.148616804312
0.661295659108
0.770981806573
0.78453928254
0.108865230525
0.826873978351
0.456093392613
0.0564711702739
0.631049623168
0.395376143782
0.781257309099
0.994926043851
0.0113120246886
0.817223214239
0.912055958216
0.0962349602825
0.721874607826
0.718025600754
0.0784371164416
0.00267272886483
0.181487032314
0.159530618808
0.0724580460458
0.843023543855
0.416256224615
0.0304543076249
0.0797510862208
0.384368419715
0.972571411382
0.181279869401
0.833137391483
0.448246849462
0.0413365130599
0.922260549641
0.512304746208
0.0416693129516
0.0279723742068
0.188354202195
0.980301707794
0.756735634969
0.684314759969
0.414236859489
0.44783552897
0.19321738709
0.429222047632
0.0305126841863
0.828805629872
0.0233709181205
0.886012799409
0.675258444598
0.552023260469
0.0630154630895
0.0272273557004
0.0296529983977
0.286091766229
0.264658048976
0.279306795882
0.819095386083
0.824770808267
0.686649954595
0.504213752291
0.552927185114
0.342233094185
0.187353061763
0.964939277328
0.388399840885
0.976279762763
0.956696659554
0.237396513115
0.940458956175
0.465839863261
0.525897230231
0.0397247895844
0.0542697526893
0.925204478803
0.0273180603681
0.0303602642828
0.551415669445
0.730823946485
0.16100363798
0.306407017012
0.210530685297
0.627584779888
0.0611440086312
0.0936177338024
0.840301504717
0.779420270083
0.569794220206
0.149802876235
0.348835961853
0.582013158598
0.770027559199
0.878923368753
0.104143205489
0.454663700774
0.897415281748
0.0682037351631
0.389262490469
0.615368376047
0.977864056352
0.948203933683
0.881442785523
0.354974328595
0.753760833233
0.904667871027
0.092450646747
0.498067685314
0.195081399941
0.981893589195
0.245301082502
0.0512737586851
0.48638981037
0.0246088103773
0.907493714568
0.854332526876
0.0244365461255
0.0631301628865
0.346832484554
0.334349595644
0.997109932967
0.0809343744515
0.433216264145
0.970515598076
0.991366892079
0.959102474703
0.147612406194
0.010127548784
0.83668930063
0.273494712378
0.108155170825
0.933994225551
0.059743487247
0.948760188815
0.0416709404112
0.565921063902
0.198722577774
0.513863163849
0.0397640976409
0.952426981137
0.970768716041
0.813553459868
0.0727906511909
0.0632515600908
0.268553342398
0.0965482936944
0.972827717704
0.142930786114
0.19887592111
0.0436181809502
0.879921158285
0.725742028707
0.179515622906
0.868342802046
0.849142400895
0.717052315754
0.141493131495
0.343553462332
0.859634643651
0.275003041051
0.947253776318
0.976999071663
0.962930625298
0.712749281022
0.116018858149
0.960096345651
0.063231669676
0.285315947619
0.095566131487
0.713580101187
0.401777668161
0.18320784204
0.70933743063
0.0379162720849
0.0227180466495
0.894637764432
0.826585976734
0.613299867656
0.72657052648
0.144944338937
0.660281607541
0.145827002942
0.773430272933
0.658501593176
0.963055517232
0.506711767206
0.567483554226
0.870457041289
0.0148893382623
0.323944940806
0.0445109031502
0.737145290757
0.328635761755
0.935696514042
0.0309688934465
0.779764016777
0.0282426386617
0.00448386316332
0.952200211928
0.393451495904
0.15021193028
0.776585654426
0.265568752147
0.922898001284
0.143715741547
0.900756896896
0.886433344366
0.863003326613
0.796234019428
0.256689413642
0.200466536465
0.0529347665381
0.585507636414
0.132230478329
0.0588733665671
0.619491254523
0.0240601320625
0.914921863561
0.00281661594761
0.318665194818
0.921077411414
0.673069449652
0.769904046772
0.0210030602378
0.576989860207
0.926082733626
0.682002624041
0.0290373926456
0.959509103201
0.983833268682
0.947627873327
0.829762575942
0.855386952072
0.446152636115
0.365069356434
0.134623097672
0.201108040849
0.811800152646
0.745389829207
0.138632917528
0.964140771336
0.443914662195
0.911649476573
0.935767364794
0.129580489632
0.994969586251
0.0524536422882
0.224219355618
0.833339010736
0.949894117264
0.454716349799
0.913554884387
0.157909568958
0.366266511395
0.0791844229697
0.124308801688
0.303855266306
0.534083599098
0.315926448947
0.905516913314
0.817420203359
0.0190741610415
0.10851878052
0.922732620249
0.0500071899646
0.982261550753
0.602277624359
0.757858642476
0.052111706628
0.72618500466
0.734171231793
0.549696449664
0.0761214438118
0.915859647196
0.877245042763
0.159300879024
0.550124077805
0.358495513422
0.891221750602
0.380752710443
0.191995839915
0.719384921318
0.120354599101
0.924584563607
0.503146819496
0.463588058037
0.128414510899
0.584795015693
0.178392781696
0.00998361465469
0.449101660901
0.0671856253744
0.0504781292468
0.620766718233
0.246756572073
0.944745746528
0.062383095367
0.835955948916
0.0393406721175
0.594148896521
0.688749762966
0.156351348034
0.934453601825
0.00627982210929
0.736360129296
0.434476517767
0.405789104358
0.204106194555
0.307094638789
0.780982415622
0.92036793329
0.18796995807
0.895796886602
0.0563814292028
0.465510151085
0.654894355546
0.740177295073
0.369078916293
0.907389613424
0.0441886303472
0.748201776973
0.382124592497
0.447507769416
0.201681785526
0.203919604843
0.956345694477
0.686708296229
0.108181371113
0.518455654312
0.0742661338159
0.948342304034
0.997109932967
0.606707208911
0.387680213771
0.21472502753
0.92464541652
0.652341854196
0.779774963416
0.69379443992
0.547870995014
0.31147386235
0.714639785497
0.948655266058
0.592180226067
0.851490306742
0.24757486647
0.562448340615
0.106129691348
0.106803508618
0.366736143186
0.257648399898
0.345181251335
0.918400179287
0.835014112061
0.880841580116
0.689255330452
0.558141583769
0.826085858189
0.133900012301
0.0149014223486
0.202578056495
0.336327119656
0.0399637104554
0.337183355467
0.752504228935
0.697435130813
0.15429702208
0.348800246394
0.0440449076987
0.279130604858
0.447056948958
0.974893117876
0.285497610186
0.951885556225
0.0906242004272
0.968384053092
0.951924202044
0.484433625689
0.170105290503
0.833422163645
0.240953151322
0.69898448373
0.684314759969
0.865504733965
0.316562866615
0.863732271887
0.915807895786
0.255470959287
0.791824329992
0.905341246084
0.866102545385
0.180609825658
0.837171714076
0.376565542063
0.989619057425
0.479992479969
0.977435179971
0.284113889246
0.0580162258983
0.4447466092
0.0681561509158
0.945448586186
0.320239128852
0.708339085194
0.340688685038
0.849142400895
0.938466939729
0.450661724535
0.925648625775
0.64459879195
0.27740986084
0.579082155036
0.103755855229
0.017615344666
0.928990172907
0.97064683642
0.940877600011
0.157561129745
0.575650129352
0.24832393214
0.254398309087
0.529211413334
0.915127522303
0.071147090674
0.216250291883
0.0255999635055
0.0123212467359
0.841728199146
0.955945187346
0.129316779882
0.0291121077205
0.171459469236
0.939053313127
0.232544092994
0.970331732819
0.00610527682118
0.902552402853
0.909199868747
0.184974986047
0.0279708381032
0.909489973565
0.110871667681
0.624410974659
0.97540456953
0.558720014463
0.712943131018
0.973378697033
0.91043364395
0.889051679735
0.324624230825
0.187215442559
0.880674434791
0.515488234077
0.68555374519
0.352255847991
0.324103719826
0.548634696743
0.00314110539457
0.166738942889
0.0542102615493
0.936457914405
0.957121734886
0.592551588448
0.1227162256
0.178438497302
0.671715125819
0.092617653287
0.499031255988
0.0193947933587
0.924402314723
0.680665984057
0.111905381806
0.670304309356
0.269984226263
0.972022975472
0.307096341622
0.809684159135
0.607464975873
0.816520676193
0.118599829574
0.622830544538
0.844436495209
0.533274303061
0.0160269448222
0.972541551327
0.802743588662
0.0775916543893
0.124610046843
0.218038414515
0.0818523187539
0.157274193282
0.779693364696
0.150132785197
0.7250034957
0.967523177624
0.351913941727
0.454850521781
0.265651532345
0.783989209214
0.755822240534
0.0865397404898
0.27179165694
0.716599483641
0.0625775529375
0.641034074679
0.623387464409
0.78733393716
0.697513194521
0.557224330395
0.129720566388
0.485982162517
0.315455088859
0.379030769107
0.482598519349
0.0677927259964
0.464182018028
0.318157797658
0.919493736377
0.0654871504099
0.366376066459
0.951391950258
0.363731383499
0.778584812576
0.246084209905
0.707519257406
0.812025775914
0.653357378932
0.98683747061
0.0710173013146
0.671862456211
0.982763744862
0.827240159476
0.969960626014
0.599646782927
0.913255572548
0.597026680474
0.264346098798
0.309391026769
0.91043466693
0.149024409225
0.0902478212908
0.422677200403
0.303578941821
0.948776995641
0.0162370614117
0.979026539501
0.958246811055
0.343667913032
0.0880294694136
0.352255847991
0.618992919188
0.244031341477
0.0286833468513
0.573912446518
0.360790870993
0.906965043532
0.0440321078138
0.873823723147
0.46954756437
0.86496336491
0.0762756000514
0.901823119035
0.0656415826077
0.966232229349
0.441803458764
0.476735951504
0.2226410504
0.590852613674
0.985794822119
0.959324930134
0.259172505071
0.0457890768179
0.663147966049
0.959257274601
0.515712838438
0.933647397335
0.963629927975
0.474009783685
0.881280966582
0.945934028634
0.334331805346
0.368480393985
0.0296024730592
0.138592233609
0.665179875989
0.543951457694
0.621348303922
0.927548676715
0.745291157801
0.990313868091
0.64022239411
0.712023005835
0.971776454098
0.964448978564
0.480075500106
0.96774504325
0.405872636285
0.303761338113
0.278962963827
0.982790624381
0.266303247733
0.278962963827
0.0289891234747
0.46174402227
0.306364108257
0.132990195214
0.697916040599
0.390205130455
0.119148356409
0.859386446874
0.680701763737
0.719084311795
0.936058866395
0.958970808311
0.37064739401
0.0217538051932
0.107558475936
0.905669728382
0.424914711957
0.0232286497737
0.437298998565
0.800610037506
0.0223269069438
0.00845465160923
0.0845725056862
0.831487222006
0.959191472921
0.96250814167
0.298441706754
0.943324419927
0.236849370973
0.967812395116
0.468992029621
0.778118331423
0.447980327735
0.557041771466
0.159106870703
0.919927474924
0.691810899474
0.447050224486
0.290179437405
0.881873080454
0.780861974963
0.641898561383
0.0984231489154
0.914638233138
0.946752220113
0.150194035076
0.209536396288
0.976330820384
0.611127227141
0.421019375738
0.874545227019
0.0145787281054
0.789624432444
0.578401519063
0.278200706212
0.828070217134
0.66694993451
0.97402990242
0.629002100543
0.881098793196
0.942509601138
0.478103372027
0.671663948552
0.981875482762
0.0721381685134
0.924665318623
0.40040459351
0.824954467075
0.167495997924
0.771402995438
0.722900579191
0.0308837079354
0.503755625048
0.155918033948
0.319701130018
0.591810139921
0.116464100158
0.562912818457
0.541307995119
0.0143776915536
0.979597805209
0.260339902698
0.0896011548357
0.535569732452
0.200303902461
0.898692640919
0.970222591405
0.574384786611
0.982107487197
0.289175624832
0.008453367386
0.125192534029
0.0582070049591
0.899906694785
0.644018984185
0.841311746391
0.65674105877
0.0273416341503
0.937184995451
0.793624937507
0.674765407539
0.899602202855
0.0177835090603
0.873994543855
0.247342149507
0.863003326613
0.53302491223
0.517806280347
0.981805537165
0.0984353304264
0.199122397282
0.513400792429
0.920289932983
0.335413499919
0.370417546243
0.309200737
0.965227609444
0.826902384738
0.962747198959
0.0330004451597
0.963681740291
0.0392423819097
0.287216637849
0.130648963428
0.547236401882
0.353335679386
0.0551779308374
0.365644312273
0.75517826182
0.0900636431229
0.0148927345917
0.971121256544
0.540948848951
0.590032932669
0.0030130698991
0.864268861345
0.842544782041
0.9792450599
0.914217454898
0.755029189947
0.401894494242
0.965888586626
0.160820930843
0.634211608925
0.0395091085537
0.808669592567
0.0465521324233
0.949359382659
0.131199927281
0.267128553677
0.954201841416
0.102583675095
0.028623632764
0.828770193339
0.956323367876
0.386903854939
0.897121483116
0.936900363205
0.619616549121
0.0406017808152
0.609314252959
0.476942116422
0.806332378339
0.401058556109
0.636016371336
0.447170831356
0.378001598894
0.816225107475
0.618746935263
0.860132719956
0.334096090562
0.0540694879475
0.950066503801
0.499863912355
0.805400242469
0.908627601601
0.356196345518
0.581388147514
0.760507317598
0.85910100284
0.0617202860461
0.970436720805
0.947210010541
0.947627873327
0.908990974531
0.992648548814
0.581857677496
0.166634863427
0.0884151615365
0.081130476461
0.982412034893
0.48768043317
0.30733882982
0.260091992678
0.145827055153
0.246321929959
0.152007670169
0.0659124350747
0.121552683824
0.944702010407
0.0120557009966
0.322352385049
0.518697228283
0.543815503428
0.170198493055
0.807442818039
0.147570746176
0.223454346523
0.121152566891
0.974455741928
0.0131295799421
0.0277378762549
0.384112683504
0.338018313091
0.231693649948
0.0161495450541
0.787027310675
0.236864786991
0.632705970288
0.876073345672
0.869067413129
0.00214482739357
0.644671493219
0.280257472367
0.880716180455
0.0252218481468
0.665084583406
0.228263463778
0.251366496131
0.986390499205
0.0324715183394
0.351925102596
0.633182608201
0.0802679962393
0.155282722913
0.121852810007
0.858445205248
0.515104120647
0.285074447147
0.340567951833
0.190011857772
0.921730890002
0.730240952642
0.0390845285099
0.624781478743
0.806946658831
0.860571687257
0.173510823803
0.0496592481217
0.544343386694
0.839408565675
0.0183844341769
0.121408784288
0.94470735161
0.539580453075
0.307249922634
0.0993869839084
0.855944079787
0.930250553418
0.705593912604
0.792064040041
0.115842409828
0.285129252469
0.196536645147
0.513921914376
0.1992014623
0.366406032162
0.972420400421
0.510602220206
0.200318084831
0.453240971186
0.658643069188
0.751173262013
0.810813633758
0.055242728295
0.46346278017
0.967072656204
0.348308559786
0.48346265028
0.200648494621
0.695298602459
0.59943422213
0.234803426986
0.72259200367
0.761447844475
0.338338591828
0.026291788904
0.327266104978
0.578133036556
0.939927427309
0.936709659493
0.0124851368914
0.90314038141
0.117933746953
0.821753641902
0.684369104183
0.687044609957
0.715374532587
0.966593389674
0.63784902385
0.751722879346
0.980549287114
0.868910700393
0.0803316637403
0.529015191558
0.15964490642
0.868927081825
0.230023119325
0.0220936150121
0.0670754040695
0.787348255649
0.0990563711171
0.878142004315
0.67621710506
0.981893589195
0.502707785292
0.992275853321
0.0149571811106
0.139477438304
0.805166089275
0.489243535553
0.341983388635
0.226790573827
0.671763080167
0.553067163718
0.824838758224
0.772878606682
0.124646519924
0.0382395257058
0.163757265264
0.801200925006
0.0850065900594
0.0878914936419
0.111139781779
0.181612714552
0.0588966397377
0.534922558395
0.014908116273
0.00956999937661
0.981557306879
0.932150053098
0.338698610536
0.358193129828
0.952096516054
0.0500532265655
0.0406516003427
0.0127554480295
0.242772623375
0.017766149163
0.436830666398
0.568972596698
0.926879148175
0.340173188415
0.742553502165
0.697504153183
0.807651492137
0.135755315615
0.713026825811
0.868245162825
0.817066361884
0.792625640797
0.601015778746
0.097817098282
0.169212413567
0.289392313892
0.0917333356384
0.960244494809
0.936731652245
0.645984360094
0.0821250832566
0.49536733354
0.370389836167
0.0880363199743
0.47792716353
0.633182608201
0.8143242183
0.259765403345
0.986996972514
0.5784162609
0.101807831424
0.035115354059
0.225996479957
0.44886932939
0.744573140222
0.944639289412
0.752480358256
0.75129321782
0.00541789206369
0.898060511408
0.164712350103
0.235809545754
0.0214340914023
0.210956538001
0.671118043745
0.433393286843
0.267417791155
0.0632062335892
0.0815983839041
0.0249136587409
0.980963904655
0.32226346028
0.0388164401393
0.533052083303
0.0044325223705
0.946023276948
0.0534104817903
0.651754134244
0.909307402815
0.10881974729
0.841949319833
0.924430421871
0.958354148723
0.465109540279
0.858023344493
0.841752815708
0.755128251925
0.299817276619
0.36085671852
0.116242174569
0.0827602633148
0.484316533909
0.215405538039
0.628761551372
0.941617418077
0.574372788148
0.753082584367
0.959729852606
0.232763256028
0.107828657237
0.899222684462
0.0079855163126
0.771071002367
0.287350043597
0.463527789212
0.983833268682
0.918266484306
0.947724506915
0.612378964546
0.461289837072
0.917480578655
0.76469007946
0.52511358711
0.343625321653
0.660213116202
0.790102200144
0.793365080873
0.462073707505
0.185728048117
0.956344897821
0.0158766438051
0.815797604041
0.581362027487
0.944724214521
0.395263755956
0.42397047919
0.00273983474293
0.973360438532
0.793494397206
0.730512819013
0.149572715641
0.0190533045086
0.359543077888
0.0124993024967
0.582948726395
0.0349760054699
0.857332599365
0.157884625697
0.57845907188
0.152147191582
0.395553069172
0.785898463596
0.0142145691692
0.118599829574
0.0603528254291
0.648396510293
0.579946128396
0.984438089445
0.641664951911
0.978585953602
0.81719536319
0.356738622976
0.0672702618156
0.0340211588925
0.519934328524
0.528928832448
0.0598081492732
0.712094680944
0.213344508008
0.791314224371
0.68404194148
0.503059042474
0.693954858651
0.583796451324
0.958399804079
0.971342142342
0.0694227912415
0.256133690586
0.643171696617
0.482614534178
0.714442648672
0.233222912237
0.860808657709
0.819493049055
0.341463892898
0.58004962288
0.842775770279
0.581932649898
0.437494869583
0.1016688184
0.920724793706
0.413325047254
0.383413389504
0.604261889891
0.908740684625
0.369079989021
0.207162790785
0.695328996425
0.237773471183
0.977975830777
0.217797412343
0.768467670209
0.239894026262
0.748678591348
0.77701572611
0.11218137837
0.238130855642
0.00949834051867
0.923403777855
0.621348303922
0.84077824565
0.780978671263
0.7104737855
0.115202831993
0.855942747395
0.330097579053
0.147848983074
0.968093805098
0.940816462319
0.854651377609
0.819485516955
0.950195589826
0.774412170627
0.785428252227
0.704135119261
0.0929450265329
0.841602389025
0.840426516747
0.1787220095
0.361193483701
0.776713269924
0.908798328748
0.37702145864
0.883262388214
0.136971991544
0.555903376972
0.809816015885
0.960690978398
0.825853151097
0.256249764767
0.756568630827
0.0233590760342
0.290790137455
0.387987572199
0.0791070136691
0.451675371305
0.833339010736
0.635787120944
0.917490430867
0.843031223202
0.256429157708
0.541632156718
0.156037730832
0.575158594454
0.61837403893
0.476735951504
0.513554344474
0.799224410241
0.541307995119
0.14212079123
0.223310594271
0.882778880273
0.874897258103
0.0276574212088
0.429722971845
0.991430095738
0.81377587016
0.321092519401
0.971971575473
0.871814185055
0.987425327635
0.489131470742
0.893063379754
0.828341046437
0.492619574677
0.0637870191638
0.968639276915
0.817048571367
0.237542082794
0.929003099982
0.806531683724
0.874810275253
0.994155466053
0.216072426346
0.862203270095
0.292217350777
0.876692185436
0.891932334013
0.069034643461
0.976858631846
0.124821143481
0.340773951925
0.689502040185
0.947152711648
0.958863327997
0.66468007896
0.92042373313
0.0282373490066
0.990304931258
0.415307172542
0.058022620961
0.745751704208
0.894614816188
0.0838070760621
0.343166372982
0.492783489374
0.923300372581
0.0369878070648
0.970234947874
0.0432903843261
0.651312321305
0.877918331088
0.9658601522
0.645561137378
0.962037981707
0.0119372994161
0.33311099095
0.336356875117
0.0232534580227
0.0464316819111
0.379050541596
0.105295692519
0.193217167544
0.887164828555
0.602782220064
0.39449233475
0.534398367604
0.570058407152
0.944583868367
0.649820191567
0.946175981814
0.397766267842
0.785478169043
0.938506386591
0.439407086132
0.530897280572
0.203655164962
0.70259857654
0.614409206937
0.631720156366
0.939089431907
0.595994687421
0.304023181378
0.919604969544
0.264492680574
0.733566568132
0.736832363862
0.00357028992109
0.904722419899
0.65946942011
0.0534104817903
0.76985661878
0.00530990885187
0.0350247078385
0.951525310178
0.976151332163
0.292612038897
0.00460306870453
0.0176672603908
0.190690600384
0.782953094667
0.480209458136
0.65933720788
0.756871426561
0.514437909221
0.76565181137
0.986390499205
0.673760477926
0.277075486601
0.0165800420723
0.845840134187
0.845023855083
0.00953586505671
0.0653906090695
0.702809514259
0.996373613032
0.255635768001
0.0304775059987
0.157666078627
0.633495771595
0.0192410190771
0.131708055438
0.972967853087
0.795721790035
0.00839226468697
0.796170662201
0.356026865561
0.145366955517
0.500580751222
0.114270428302
0.438309848595
0.0405180554151
0.118104870597
0.919604969544
0.0515023694346
0.174753177824
0.141638157469
0.899625613588
0.461924123691
0.799649023744
0.102912201003
0.00570576916306
0.997382295907
0.00715611763074
0.854996698209
0.436811975658
0.556455824565
0.773430272933
0.809578308767
0.717061492685
0.766396486077
0.702381433758
0.944724214521
0.960559547019
0.419176239971
0.914158251383
0.975385327318
0.929932588242
0.193553610478
0.578659447046
0.994926525607
0.596234861711
0.95380914662
0.113403013771
0.824851954411
0.156205250135
0.828915101916
0.00917836152303
0.966613442362
0.0313397032788
0.0854010895495
0.812219917118
0.297233837365
0.877048532342
0.0470058870729
0.013224538756
0.982520417018
0.186459788097
0.490700259908
0.368618109116
0.759602235466
0.23476959724
0.607904963059
0.0768847127342
0.0251979415161
0.891993927815
0.822845501376
0.0943640926928
0.00319128807991
0.978940834946
0.990173278884
0.76985661878
0.484041282509
0.0664486593686
0.282377892776
0.0171523925331
0.548655019097
0.827304688129
0.217773712149
0.664442491201
0.491915309291
0.278209943767
0.575225792834
0.775085691102
0.964541483646
0.341245107277
0.479865971945
0.936447402249
0.705795194384
0.0407020761627
0.92977833542
0.0690694408674
0.465839863261
0.748892675817
0.0735546890272
0.855842453276
0.0208239460339
0.954091874158
0.0418912718868
0.633725365883
0.934262010769
0.0530333112498
0.840116374123
0.103697229225
0.950384292209
0.546005092101
0.446757720856
0.5358635155
0.142774992878
0.0161124449464
0.063164830224
0.828616699585
0.0154941836325
0.929935459758
0.367723239185
0.00538423175657
0.101001975913
0.88426886744
0.204081874302
0.50260084446
0.245621040103
0.528018654086
0.637138849098
0.533803828101
0.368148917936