0.138579319769
0.911554398648
0.0642211511833
0.0675637194531
0.616445672736
0.140783283466
0.650106632318
0.983148087808
0.0123797022793
0.908218083562
0.209471544971
0.932446054836
0.685556014861
0.394546276647
0.95120501175
0.889360824548
0.980711840471
0.405039510139
0.878358038364
0.570560044914
0.820184555539
0.0413565562191
0.854580279864
0.635268178062
0.0399699829171
0.0126349790023
0.0987400749143
0.394382622227
0.0547622192764
0.621961711119
0.0497759076075
0.976758826038
0.848688820652
0.768427516447
0.812218740323
0.521947678676
0.627673510127
0.539690218721
0.695637978342
0.814156771101
0.67328421491
0.0858773451982
0.150905739655
0.991808567572
0.0593224907677
0.500332248194
0.659881942986
0.0337423636815
0.0725332676229
0.494769215939
0.11035560549
0.0579045275036
0.0446819264799
0.420251980607
0.977893931571
0.121286958756
0.108096559803
0.571209451879
0.0271783833315
0.991252473496
0.195574066449
0.540190951056
0.0543855332102
0.528317502389
0.7638982934
0.0482174516159
0.429075089053
0.155248629827
0.414243423652
0.430980399115
0.909110353507
0.297718192564
0.281799211414
0.901850627997
0.887645893554
0.936436306089
0.279794747267
0.586006346191
0.383422514523
0.00221548817238
0.364733779052
0.0285544614005
0.114361382134
0.740458130319
0.635306575508
0.262881148103
0.548050468409
0.208870777239
0.880294377319
0.692329983024
0.230125381815
0.0200655734585
0.96943124274
0.918075019969
0.167935689469
0.129520929028
0.940628940382
0.58351259498
0.683626668321
0.508039487019
0.422266665775
0.965853845707
0.959367980015
0.561021056896
0.5150115084
0.302931453089
0.249475613301
0.834736667877
0.154221450176
0.839385878494
0.309496961695
0.150648455547
0.926593046121
0.338287242925
0.981771177649
0.849861764993
0.713938535838
0.980824210932
0.963876129768
0.869512063481
0.921105776499
0.939923121653
0.0162929755983
0.866520791723
0.781082365826
0.962433908486
0.803874168903
0.014583243007
0.715897330704
0.919652553967
0.777157732523
0.160803901403
0.0520112221876
0.934626026428
0.0448632027981
0.748951869797
0.973011090089
0.287741754111
0.841438298237
0.0961542829953
0.98613458728
0.946179674315
0.754144825243
0.964704689181
0.302792594472
0.00673841063553
0.0910137424547
0.0129135311578
0.191566582908
0.897380885464
0.241250857676
0.0582206866156
0.99075370012
0.951237299121
0.465264242504
0.0683123600561
0.831345483801
0.994124693303
0.691830326925
0.327474955151
0.868496547352
0.352992165331
0.819422930273
0.512614111764
0.794004752726
0.491064292384
0.960602044645
0.967707057281
0.188162936048
0.0655789070638
0.513756552532
0.427663168099
0.0761042362604
0.850374336644
0.386940943308
0.0552470843392
0.494055372515
0.992611891944
0.508062411304
0.960645769416
0.911034840778
0.243376989452
0.854942360335
0.32088473662
0.400930468572
0.804267775922
0.412494205874
0.0589173779114
0.294857296776
0.970920891713
0.861747031022
0.744987358989
0.00781382388509
0.823937687584
0.932013198172
0.972334299027
0.382338720753
0.983851612729
0.94329188673
0.778626013059
0.579669420923
0.969568812642
0.306716630486
0.173144899649
0.974268562191
0.0419550495977
0.0656268065618
0.944439644108
0.00114777267738
0.0270423231376
0.989665875258
0.779904529881
0.666049451204
0.891953496332
0.985285214688
0.383422514523
0.911065580944
0.97129661888
0.96330559091
0.0417143610624
0.784617093928
0.941878115212
0.539442432201
0.0655641605227
0.379456098585
0.468191063394
0.988182140716
0.00415581577419
0.866198424529
0.398372468056
0.00443213010988
0.100764669225
0.0733700674855
0.900357821267
0.706153069959
0.737938498673
0.0240846560759
0.479404664812
0.291934687842
0.793735761308
0.990517784595
0.335322771375
0.485128892997
0.909718794114
0.0121965376818
0.783718044266
0.00488615515928
0.955713268163
0.959823962896
0.326917020333
0.983398595112
0.977121494567
0.452008724905
0.530591210833
0.0223771675185
0.0477199509788
0.189532818665
0.109544293915
0.495043566149
0.894142943234
0.0375975538603
0.989411964983
0.737252341493
0.962464685576
0.907422629397
0.113176421012
0.846297216914
0.37070890369
0.664120137384
0.69260248108
0.885767461224
0.971704408875
0.649119913784
0.0634444671382
0.917847028445
0.211531602462
0.981845958751
0.930947103258
0.713264859472
0.346912485259
0.074990508386
0.726005279259
0.932134803267
0.890878777044
0.531084139644
0.640559619532
0.710079281143
0.979489632445
0.783503871364
0.11087516763
0.945694700238
0.920462166512
0.842213467141
0.0248810753519
0.977417190171
0.337326941575
0.934450046461
0.968194683879
0.974343718956
0.828700209174
0.00621333662992
0.635306575508
0.687921532774
0.168173726386
0.904122534111
0.0544636183557
0.00328364048665
0.46169222965
0.791758306677
0.0493029029141
0.281279863779
0.0656042605473
0.311287331453
0.672914922574
0.854647755181
0.832388024606
0.979246661304
0.116852512205
0.467529959924
0.665626709726
0.484803872898
0.757519835339
0.0109898302876
0.935707970202
0.982919281371
0.0319422460682
0.207377962247
0.512760120443
0.957066305657
0.429075089053
0.239294385323
0.0593224907677
0.953431835919
0.0199804747609
0.819345408398
0.912560629411
0.610718026952
0.688267182055
0.69219437938
0.885539590309
0.989883946264
0.911043555039
0.909568764365
0.0227534754634
0.334248650092
0.107553077758
0.922189356121
0.390869357681
0.37951097511
0.0247849203922
0.891551585397
0.404221658121
0.767496307135
0.0126132117899
0.4455594526
0.86805819765
0.90677320335
0.767065989604
0.0367597899989
0.992581069712
0.358694457633
0.89145854865
0.822504902584
0.0550099522477
0.850216355581
0.0122162507074
0.0322865994973
0.457680756733
0.886400816532
0.941707784849
0.229716717008
0.085378284016
0.645938105703
0.350574729255
0.521932430932
0.950739714611
0.835754043893
0.613916177794
0.0861936899141
0.639669505897
0.0223053709712
0.581237646902
0.941148972186
0.34987042787
0.0235282226924
0.492749454759
0.187900464179
0.371699616808
0.680036694469
0.951423902589
0.835941276793
0.112843010487
0.0462219525208
0.0438557524943
0.23400272612
0.363251151795
0.540783923679
0.355165859671
0.680287015558
0.00393409266471
0.775718528757
0.531090950856
0.0863342152397
0.068076330421
0.901741938319
0.989298286566
0.612969735247
0.981690180281
0.539212505196
0.00914888918046
0.0206843370884
0.602161091438
0.81270468788
0.651622783964
0.523736742487
0.0156470383809
0.628795743442
0.0142202204622
0.962450562457
0.935399971563
0.122320085603
0.148639668919
0.945015511319
0.0650922631113
0.00163299361318
0.0626970900823
0.202234611592
0.611218639127
0.83303362745
0.744828387808
0.0222284800652
0.139838197884
0.906308382324
0.0496569319076
0.377626209597
0.928015199531
0.723919448383
0.550764022238
0.167550697708
0.804408551462
0.482000403044
0.70844242515
0.0647826432217
0.287750320102
0.761421936139
0.921160176587
0.0580472804976
0.425200749371
0.346173248414
0.548491684088
0.344819574816
0.750115737217
0.944043287286
0.777576094377
0.895687827667
0.100185060364
0.103460019227
0.185319513152
0.0512627296107
0.167684864848
0.675694830034
0.923448052157
0.151900307032
0.229887863165
0.00329438397576
0.0324946325811
0.147547132636
0.537464952839
0.929591511659
0.955024818919
0.827078702505
0.950622827754
0.868907169315
0.0701565610294
0.325056967122
0.0078876629807
0.775643021648
0.92249972526
0.849163517252
0.934450046461
0.874705428764
0.988606662631
0.0760928330534
0.941046503206
0.707495301784
0.0301236261692
0.0359026455854
0.243045536594
0.944317687877
0.738350071116
0.0654119096463
0.02060795714
0.9883258021
0.315757665601
0.906913666709
0.894826560926
0.651469544754
0.823634416439
0.848100035629
0.704540767888
0.712268528613
0.201060462462
0.508603890192
0.917908652519
0.989964069477
0.75841946956
0.0768994364963
0.969387265193
0.0111233523828
0.0197785811132
0.272468357593
0.0915338257571
0.0533342210873
0.212328356989
0.016692542604
0.00460235883071
0.0037160771185
0.930725031835
0.989561782866
0.435340075853
0.682032093788
0.410592563872
0.81298399583
0.947966741451
0.52955612958
0.658892361178
0.772852978564
0.797557666615
0.865109107238
0.0625819245565
0.972411127731
0.899279969097
0.683015282285
0.750485940528
0.0132052257854
0.962735513822
0.856083192441
0.284779684415
0.0880290042426
0.0366285740317
0.161046407078
0.911634717385
0.463922137001
0.948252104642
0.799752925837
0.121890214869
0.605250328565
0.129866187577
0.931306899615
0.0020955721114
0.224364025118
0.0175093833518
0.454762981853
0.830680071163
0.97248173471
0.0121965376818
0.913623920089
0.939940281146
0.970048590923
0.308331667757
0.937643133734
0.201085670911
0.749385727164
0.502666000164
0.842213467141
0.0794178519907
0.90551497896
0.279977908118
0.00634597295554
0.468731611146
0.963638692086
0.396397594457
0.958160663115
0.0877488021828
0.991795763272
0.0314103888818
0.00274135875549
0.670780994421
0.00151363320038
0.946628914242
0.974144268797
0.947260154978
0.0350134174431
0.303526006077
0.306405125604
0.888907177494
0.549326247873
0.0134575718086
0.0308713164394
0.248490787986
0.508840562458
0.473701309808
0.178331581171
0.740608482317
0.791413081165
0.191144346462
0.401153128969
0.93253093023
0.0468104391418
0.644677597035
0.630701364983
0.933789532499
0.303944715191
0.954220493628
0.0234473855907
0.268138433304
0.269428678793
0.0729324672218
0.0407571736485
0.762674253016
0.87866840619
0.0112346575103
0.44914769673
0.145210769665
0.42931497881
0.749683166168
0.0371927509038
0.0132017744311
0.493713500193
0.928957463438
0.944439644108
0.0225328404971
0.930940993045
0.837964629647
0.00371615608433
0.371873216165
0.992150081215
0.138456141634
0.138543077285
0.924276882891
0.799868756595
0.985742100208
0.0623038073351
0.106407539681
0.497380439547
0.61042781912
0.114134812725
0.627135355353
0.994158992237
0.0171654710506
0.868646518834
0.871032503796
0.0624900744109
0.216854554082
0.969685205071
0.905908346864
0.659979864841
0.262583616082
0.917945227804
0.767540869227
0.937433905719
0.373576661448
0.53534905517
0.0867346820397
0.0422853480532
0.951384066299
0.585610243257
0.275413909222
0.00130600889156
0.838133924613
0.119435633052
0.327897161794
0.933155313811
0.618577223733
0.432438614652
0.0123167835604
0.0853332851027
0.458687814237
0.64406842154
0.9952775257
0.936298641467
0.0043868771898
0.117182085321
0.688225701587
0.561972004586
0.0188806999246
0.327566505881
0.00807346500978
0.332879379737
0.978184290046
0.499098887352
0.318526004398
0.840962856566
0.649401331386
0.957688874353
0.049960815535
0.388430795047
0.130118716799
0.431852163566
0.594017903028
0.994671881123
0.0166101700707
0.85862667414
0.790290928092
0.552476533315
0.820692543054
0.910657659765
0.95705907946
0.060724549501
0.987819357904
0.554512462596
0.0979285816045
0.326583326123
0.36922583353
0.764519946407
0.070710329724
0.0989190691174
0.218879806791
0.975604028902
0.869237607272
0.382416686614
0.0113530135783
0.314747550906
0.811898137919
0.0690008884348
0.400987159194
0.983169780109
0.978987248702
0.0158445756574
0.51362505726
0.707469491018
0.277832919264
0.37983275241
0.0257775295102
0.519796546128
0.978557951439
0.13343155601
0.2454842678
0.336115932868
0.304282007584
0.664044201422
0.668807700538
0.864730120252
0.943713663442
0.717281296702
0.84573417392
0.303456797314
0.0386526178704
0.0682508808432
0.0487409619543
0.724339837599
0.951737995832
0.13667622268
0.980441874366
0.612276877089
0.968860455209
0.399470008741
0.0612237324756
0.928338300551
0.67427664175
0.196206482044
0.564752300471
0.0083401466912
0.26295962333
0.227315736723
0.904821030831
0.509621195438
0.171766789259
0.770549400924
0.946027145736
0.735429032341
0.560164458173
0.54132725549
0.174413819262
0.164585483101
0.456982679638
0.199897679119
0.190196802137
0.91753789405
0.947873947272
0.511394788213
0.0889532229997
0.0752426397657
0.334976312442
0.0528608381222
0.684222578788
0.0939668133295
0.986657683916
0.0304297294037
0.064006201891
0.961540302592
0.986966003885
0.484629151477
0.479725952244
0.55176623934
0.909907613728
0.330973571722
0.0782598133335
0.320092257381
0.951845301454
0.849071177738
0.768150920488
0.104933560044
0.422588390297
0.801137460576
0.985895200684
0.257933389282
0.0469398095557
0.0197994517673
0.0402086405474
0.904800586625
0.794506805025
0.0298593626122
0.623495896655
0.467860094765
0.350410721913
0.261011935442
0.871367782473
0.536680574778
0.477444149834
0.545902448798
0.810277322537
0.638801568937
0.935014696099
0.955049715485
0.337790916055
0.90949988304
0.97279204252
0.0798537750033
0.264813867067
0.143545075752
0.339621608014
0.959496283467
0.0123170578735
0.318176858184
0.00636025622448
0.687216436913
0.821473256271
0.275413909222
0.847640538574
0.0442653156768
0.900966641429
0.989701602134
0.972639507263
0.215190760293
0.734598632124
0.921335298936
0.909231040474
0.0182261514136
0.359200253283
0.221637296968
0.106364234033
0.00934397073437
0.239918106019
0.978605407308
0.975664539109
0.461223566587
0.00373772321149
0.441782323797
0.612071721796
0.680283753946
0.979860332004
0.96501097244
0.972521343366
0.179803031755
0.648314004212
0.90795995704
0.941839457777
0.78696290806
0.694551754987
0.912899225052
0.361372968038
0.140104355446
0.0112415728397
0.551916498582
0.0195776215794
0.588402031403
0.97005433302
0.927573819213
0.317529516306
0.934359373174
0.00668013634445
0.603347184889
0.978683271206
0.0303816367933
0.992649557369
0.987408744909
0.0628391643192
0.933256703065
0.726102648353
0.829944968076
0.770730117204
0.978522806586
0.184086025931
0.990563558145
0.125598141608
0.28207739963
0.0855807468117
0.947268847409
0.09929313844
0.867560948606
0.429106412554
0.885482776626
0.019671168496
0.85452814795
0.167815334638
0.115427316499
0.0166991415328
0.025534859595
0.0331609992092
0.293429610187
0.918204855561
0.921849010781
0.592728709074
0.421000807113
0.715382856212
0.589362105561
0.129625678402
0.50343866908
0.982626027474
0.652357764799
0.688019260296
0.733067808349
0.0163487878647
0.0429704229094
0.169180204509
0.220872764493
0.275663991299
0.670240713502
0.79609477442
0.939318917238
0.0272457461805
0.207365517926
0.11960081231
0.0377340440189
0.161989079824
0.40213242013
0.965140081634
0.0152271957857
0.630793628629
0.0895889235227
0.0946572127564
0.20378311741
0.679293461427
0.819201589116
0.222116356307
0.525678786019
0.0367597899989
0.968962733911
0.107515542448
0.0130851294347
0.960261489612
0.38416908479
0.00189232348412
0.527811838775
0.303396195746
0.245967142717
0.0879958175466
0.0282127996875
0.428854989703
0.162040614006
0.726006171389
0.43973550501
0.589362105561
0.107319245766
0.858116502414
0.831607365032
0.017096447042
0.881255732379
0.26845592036
0.987253356361
0.709749788339
0.985345869681
0.036640688249
0.859816180674
0.899631822811
0.916335511527
0.656794187763
0.215233553028
0.829434289174
0.694400195169
0.823913280596
0.841286068178
0.892823205021
0.526525748529
0.120136358736
0.264622483266
0.113164880326
0.961055074015
0.976852032822
0.712824585419
0.514202474432
0.0964268128469
0.607670301709
0.990210957287
0.013584506883
0.6886320413
0.28207739963
0.921016894226
0.510394549076
0.766122363658
0.674869317845
0.899425813911
0.0694895261285
0.0855626017833
0.848310403923
0.948349084051
0.692436742206
0.721886051843
0.444305336359
0.976530634738
0.0140949453084
0.988224126091
0.424758682492
0.935410428577
0.563777050311
0.452498866864
0.95354242333
0.967205611519
0.900089109393
0.982642685125
0.527211776816
0.223571383982
0.518552552728
0.0874607103961
0.983475979664
0.0141353957335
0.5097147391
0.874440821356
0.108932478253
0.432569345307
0.138492537906
0.670523982075
0.0804916689996
0.877535105826
0.21828959999
0.0366956342865
0.0262482084851
0.0360040418186
0.885767461224
0.106218393334
0.737776252287
0.97257899678
0.673806081431
0.957804421991
0.0621859928657
0.578035744771
0.477901850523
0.440468742164
0.422687722448
0.173181229002
0.942574559288
0.904671972214
0.127651505023
0.616265742466
0.58487480226
0.166620873323
0.114717783487
0.957454025479
0.791318373928
0.966681982703
0.410467403398
0.185821899412
0.368815158077
0.0356156109368
0.625941340623
0.228843281585
0.939185366341
0.00186597913883
0.975118967485
0.893168285351
0.0775806359338
0.88882029615
0.882628157545
0.210299156488
0.848867080238
0.730569132719
0.544375504273
0.773411208066
0.82500259218
0.97202614028
0.95788318929
0.0729612202606
0.137402109285
0.37974606217
0.673028556083
0.686434867124
0.352378152534
0.0113832953248
0.0102355878305
0.983799184626
0.0997667589786
0.283219076718
0.00425209087885
0.128146057024
0.50918207488
0.00755265865388
0.456287766087
0.0936073871825
0.985323378066
0.416362972253
0.887189366454
0.547166207601
0.89107605394
0.00934397073437
0.954524444802
0.678999808784
0.952322288227
0.971880375822
0.99378635194
0.81133443439
0.502288560233
0.789844014853
0.989323191315
0.721742212959
0.0409969896598
0.877726792893
0.0336512922031
0.118450499431
0.354015890113
0.065427565847
0.676052545383
0.0459179867182
0.519773856516
0.193536308242
0.765535729299
0.0091032373777
0.315757665601
0.0711060442269
0.256438256949
0.924955000936
0.562894537731
0.0222794025917
0.786399365454
0.442477403178
0.370844986712
0.583961971159
0.371887606924
0.0150405229733
0.219444281858
0.138492537906
0.90795995704
0.0632624046772
0.958793414271
0.3721068141
0.0308717375491
0.170938721407
0.916508006787
0.909592201083
0.167935689469
0.681208304504
0.684454381754
0.196286281524
0.0416391083757
0.991082819823
0.932365909697
0.972544246337
0.353781797852
0.670114120532
0.413580100411
0.11631958091
0.39912280188
0.810797014615
0.446223777085
0.916171491392
0.897878685311
0.126931516643
0.274639389473
0.510033057587
0.933840204176
0.0875999591842
0.432261688816
0.202208997545
0.46943082735
0.951809328084
0.00309528033351
0.0279119110707
0.597883893618
0.320762386484
0.0397756420998
0.226129001447
0.0470647193074
0.0778368104067
0.138475009703
0.961127712676
0.180793048536
0.664868978084
0.00261353477255
0.194764612385
0.810551333095
0.903912907487
0.170322074915
0.98698057763
0.865218163221
0.423398081163
0.042662337619
0.117012044536
0.0233533485014
0.967529684904
0.0340493325771
0.229294853909
0.566598397987
0.931976345448
0.993093182566
0.884228138635
0.964713657882
0.606213257708
0.675310052708
0.921241966334
0.831345483801
0.338137331287
0.0506709449493
0.952983357905
0.94934672873
0.983806941279
0.373103043866
0.418039246131
0.0148025911922
0.591729704678
0.575273256658
0.10487214756
0.387890647681
0.391463528092
0.120575980839
0.680510598604
0.143634046416
0.975723683018
0.191307629498
0.922038931066
0.960607129063
0.858985272373
0.914253263695
0.891817899008
0.0430895371745
0.354225439236
0.902782609769
0.82532647524
0.110914043533
0.638118100217
0.985785287382
0.584640168773
0.658266789297
0.731831303928
0.483113174147
0.639630875118
0.7703460218
0.0198673583712
0.294091003729
0.00222478377428
0.329113596447
0.0327785954734
0.0102560710311
0.0983520578663
0.769926497878
0.570447032584
0.481431258606
0.665450119346
0.719260300445
0.970491386842
0.887621295184
0.399033639692
0.463922137001
0.311612745947
0.937547646743
0.243164340442
0.966036587696
0.987683349163
0.995324406171
0.815877587663
0.476046987472
0.958133735439
0.0741593752979
0.708746897185
0.146035316781
0.393685718715
0.133187257069
0.989020839747
0.578706730324
0.978729725113
0.975052681658
0.452720375768
0.898224212496
0.70452545892
0.547416209846
0.0468948644754
0.117271572399
0.795767896277
0.403605368777
0.858487043851
0.696466079424
0.050437863801
0.147150837914
0.980947948028
0.180019028213
0.286101709833
0.928239506117
0.326062342902
0.996526044207
0.153380907166
0.227683361851
0.889452633493
0.0911250676737
0.0575056194022
0.366259728613
0.965552766141
0.967171740474
0.0308122012243
0.124513969752
0.204467965222
0.964660179116
0.0268544399968
0.0039694773287
0.84401381604
0.432084107697
0.780463586743
0.729137328303
0.686584621129
0.0422569980226
0.73761833501
0.0968923712024
0.677331678669
0.0336052815686
0.0610150999384
0.530006049115
0.032604879052
0.844667751953
0.969436206638
0.804383060617
0.964362420923
0.96848848365
0.915598493092
0.622695227029
0.0843703910865
0.205602195542
0.112610659789
0.934956518547
0.0285843730387
0.0925808753994
0.0604908629502
0.772077635446
0.0087355699348
0.983851612729
0.882768839927
0.978159469875
0.987932619374
0.0206085864805
0.80980658788
0.0166517023233
0.172202731678
0.709157280726
0.0225690069367
0.292004602998
0.142443107456
0.0313295437649
0.976807504744
0.662635474773
0.0501167705596
0.343735672655
0.599514480644
0.994844988813
0.363972331054
0.257823937467
0.644660616205
0.55127676993
0.182547335459
0.451209036394
0.063520650379
0.927252075445
0.383419411057
0.674493596417
0.958713513202
0.788876158519
0.961485938431
0.478000557744
0.938457913977
0.491709732462
0.900918861927
0.0497866037118
0.0997667589786
0.975913426924
0.27515336447
0.0399699829171
0.563687170332
0.762951525913
0.948156155492
0.880290872093
0.0499502971436
0.938334147475
0.742973403968
0.253581483728
0.291954173615
0.41027590677
0.639893274603
0.0878183553485
0.0202140339601
0.694636230386
0.245970397796
0.753413885315
0.960224246711
0.265566389591
0.00200808628582
0.761372400232
0.965406236605
0.349303676772
0.428200658226
0.93428648112
0.158239107203
0.249007251815
0.974418088488
0.362460050297
0.164733818856
0.629360947218
0.597721294323
0.16555120613
0.774371023178
0.886769732955
0.969665054185
0.112665784236
0.289933488904
0.957067676486
0.939903889288
0.00345131670854
0.0493029029141
0.0278527559472
0.378369747954
0.989215749941
0.974308953501
0.430013234301
0.647336106769
0.523498776095
0.408868698002
0.0361913374097
0.0150807885439
0.228855218679
0.986676543922
0.653858425064
0.80722488779
0.00147755202506
0.912637630189
0.855297094534
0.904214225321
0.913302756862
0.0554082904568
0.428667379219
0.804686327963
0.821908807181
0.33899447539
0.747499589401
0.917308833751
0.618131583784
0.595533067045
0.465465989456
0.963489908493
0.13672028225
0.986857217877
0.565992932187
0.807984029559
0.438807701828
0.0988487017854
0.481057312757
0.0481727922767
0.686098913437
0.868034104766
0.143867338998
0.0919434756582
0.90868948911
0.526938480438
0.908439731846
0.0915140082626
0.128586890138
0.492568557899
0.577670556734
0.582527074556
0.290297536311
0.00522443203422
0.808086218073
0.165989026744
0.297890130542
0.978835280892
0.899585389957
0.2518900228
0.080915969254
0.606972589713
0.805689010149
0.990590510777
0.737231268049
0.0373170379059
0.893453499328
0.687524177994
0.903628997835
0.7818409201
0.989879131071
0.0777793056787
0.965310440734
0.283489624366
0.0474402148989
0.983594138604
0.858194698316
0.854265755202
0.688372149631
0.599693927066
0.552913934906
0.784023430495
0.848106907611
0.107881061794
0.844519955173
0.975706354581
0.0626609783787
0.933576251795
0.496907584441
0.271401828669
0.151762136173
0.787032264829
0.979686946524
0.723585228938
0.418765337388
0.964599836898
0.992692679629
0.145256220681
0.870262734013
0.0459304567858
0.952154754016
0.961414724443
0.361480770296
0.961913950222
0.571258933506
0.506437528132
0.648804071469
0.538020716458
0.715568724719
0.221533530872
0.784214725833
0.977422847887
0.446263037755
0.608900117283
0.750883467992
0.0222356543906
0.508114976996
0.953014746774
0.699358067711
0.655673718907
0.689339057394
0.352486285732
0.146121508503
0.898961491211
0.25549663018
0.00400538503134
0.351390072469
0.97456700927
0.098601584325
0.582925144529
0.078378099306
0.0369813254108
0.928257123926
0.970348398947
0.599659900812
0.515475835369
0.197748828007
0.640706467163
0.0450135536467
0.792256358116
0.104502464503
0.989831863959
0.791693074436
0.388009839633
0.0197359058308
0.0498082405862
0.989677566431
0.55928678459
0.338308326211
0.569045359563
0.0382338207661
0.340098631318
0.689506713853
0.162490755561
0.032366839338
0.980581391551
0.950141772211
0.00715107075757
0.897687028535
0.84591323797
0.00780984957721
0.755797076548
0.59187617696
0.920384557757
0.532171167571
0.023223915232
0.163595372414
0.238670533756
0.21862096764
0.0998280844501
0.898093784718
0.923188926974
0.00924358896504
0.151856934983
0.0101125486555
0.892823205021
0.49968228106
0.633744291304
0.853674255185
0.522105669568
0.908086029723
0.933892128756
0.74131742435
0.0751454912691
0.685825244132
0.833245715354
0.521669274702
0.168955837845
0.650235398055
0.0581617379582
0.926284986593
0.383818458349
0.95791372507
0.0893103164753
0.0164681943013
0.862004864751
0.589937799669
0.00191560161712
0.845614871707
0.744857263677
0.90064463709
0.00314190954447
0.921093161191
0.0242170157016
0.421716631393
0.937269255458
0.628938287976
0.929828712084
0.30466565923
0.897321113982
0.0408393113047
0.180909985702
0.447479090694
0.414536264753
0.972200168683
0.162355851216
0.966506951883
0.0599040644128
0.664104287235
0.945321298871
0.511890085819
0.184900423953
0.325234032138
0.991047646785
0.477401835188
0.0211636175841
0.856116052744
0.130956144825
0.569499568412
0.989643979004
0.985237905554
0.412506719943
0.817798711056
0.667179761279
0.951553561114
0.874315198123
0.994095842503
0.479424546764
0.163092443656
0.0639461566274
0.994389551185
0.393081815938
0.535591871395
0.906026788128
0.872141718851
0.579436171157
0.626476996577
0.0319190141547
0.123149704991
0.722113862162
0.918859257339
0.0155180741606
0.965829867288
0.944866838631
0.520471165907
0.0871942283557
0.070758882139
0.114209290094
0.29862499897
0.833937248365
0.981523983668
0.442354726983
0.365014271103
0.823358318405
0.355038139919
0.494453111033
0.849122063348
0.915648873322
0.036884268536
0.683482607491
0.875333695978
0.850807521302
0.596521171093
0.1632829209
0.849930032123
0.912269010773
0.0676051075132
0.530013592222
0.0416754459485
0.955342994159
0.423394840678
0.862598560443
0.174962344226
0.606122815623
0.501606971746
0.032840241448
0.379392212677
0.913893110856
0.778638509975
0.875850808925
0.248622302634
0.699767976516
0.956255676493
0.223904206683
0.145682196857
0.0301550640769
0.475123459982
0.591155644914
0.116536003285
0.911622089563
0.108275030796
0.617424130319
0.921016894226
0.58745757775
0.968081629759
0.951359399626
0.537462697258
0.38536034671
0.98092749918
0.222269670373
0.00364245167475
0.0186128016583
0.0237841103906
0.0678935335547
0.848086328238
0.277734877318
0.844519955173
0.823937687584
0.78385688034
0.0295282755848
0.0205633012965
0.0189578340223
0.369972688874
0.615234823574
0.929418360793
0.760705084703
0.581923256781
0.188063686894
0.21498742834
0.751092973679
0.816005017564
0.907788943096
0.427652327598
0.709570913217
0.962693402692
0.878364811526
0.678879158653
0.43769612622
0.361162374636
0.84149376629
0.269563415802
0.877513414277
0.503873463096
0.316804361198
0.908642849275
0.94912982714
0.340835948735
0.191661380708
0.456946281723
0.784969527412
0.900134599012
0.159431999901
0.0101125486555
0.178893391661
0.957440790511
0.226291378234
0.954366912918
0.57138912837
0.0199617911857
0.85532325516
0.26956510644
0.26924070565
0.718205877353
0.97984146397
0.314747550906
0.344053773841
0.248724210469
0.858888493823
0.00325309691128
0.250280603451
0.389085269589
0.997931095025
0.00910355556349
0.0194769939154
0.261765797102
0.197496077302
0.937940687207
0.571229634018
0.6457735033
0.272114168051
0.542225257462
0.963482827346
0.0357753370486
0.983167012083
0.983490461329
0.811089801735
0.276546889683
0.0106997381941
0.230559434523
0.226744776997
0.972703696046
0.915873510856
0.996691014719
0.265821056813
0.870052362789
0.909387847237
0.931826358706
0.971090686276
0.0262092494618
0.627488494933
0.954859442632
0.292961624306
0.79280750762
0.00275715033958
0.131925453524
0.0499971602898
0.900184049473
0.43753894121
0.950622827754
0.930177254169
0.458386642754
0.139580650631
0.838922740039
0.680840027163
0.956291517301
0.968860455209
0.373667526961
0.187646301637
0.615636493725
0.0261808103122
0.180881568296
0.83640501562
0.285071902253
0.0769796881622
0.931816637322
0.945349006974
0.274522970784
0.0408484039106
0.891198982152
0.973703209978
0.00159545994788
0.957860159681
0.031755272059
0.961273456645
0.00652124102017
0.383345849383
0.103349597194
0.0290273936504
0.801357948423
0.211878461178
0.839252777038
0.058729493048
0.331885600128
0.0180975830723
0.436345926484
0.0411503829802
0.416557559758
0.226400683839
0.967125402797
0.938238484032
0.705433919759
0.908955869615
0.433637086089
0.98216904821
0.131092728246
0.220139495628
0.0407439973435
0.955905109072
0.271919394917
0.923826345364
0.184991693225
0.268507688211
0.238631675348
0.939463204034
0.102546742032
0.642191374382
0.0420156403347
0.0177227157354
0.239317243983
0.793724015705
0.111125214535
0.426827759906
0.253070842205
0.0463229693186
0.941840886569
0.729723927875
0.206348645356
0.0774138820732
0.936445520375
0.694548235393
0.574495437443
0.121975232613
0.624108198072
0.602765413481
0.119705562467
0.0835029715275
0.978365178594
0.692425735682
0.400997722665
0.511144802187
0.393625811971
0.0678613803945
0.0211428307254
0.0860142378569
0.770065223393
0.82836933917
0.128522502035
0.896315828079
0.0329117998806
0.120711408554
0.15094717796
0.149004994814
0.511696765306
0.396454884984
0.283461657256
0.78735885588
0.800713771309
0.0170456203927
0.0289991022105
0.631978223814
0.638988398827
0.109028858965
0.670735474291
0.0508427098754
0.0819426176569
0.135225006322
0.703908772967
0.976582922032
0.980182238585
0.678314773996
0.916405020356
0.96851987469
0.493481527325
0.688257396827
0.951553561114
0.910920471439
0.51331621032
0.601580583658
0.843870116645
0.988944492743
0.0147212285119
0.958772937837
0.0568962398691
0.721654249157
0.78288907189
0.976208342221
0.0803022468089
0.0218893233719
0.622178196132
0.455195343024
0.16555120613
0.0104466943529
0.789096503131
0.641643292288
0.365353641344
0.875175921468
0.136054312363
0.805334829281
0.87891387467
0.0110182287982
0.241101751858
0.513191821692
0.414815536754
0.00409215940192
0.0813955053062
0.897215941802
0.395374655113
0.235015385503
0.608214612026
0.379481708826
0.933333238799
0.243434060619
0.486773511675
0.12826158612
0.0746255534025
0.909362531936
0.514961526319
0.979192752339
0.991252473496
0.203888502087
0.0228811029812
0.385535530525
0.84405752013
0.964912894841
0.201376670585
0.976049900211
0.940796627412
0.130323200823
0.841827333719
0.347600909565
0.692074047278
0.0179657625016
0.471455412569
0.720658443178
0.575577742689
0.371198550114
0.981932551925
0.0216313715565
0.354151313778
0.0375913382418
0.691363515027
0.900361944217
0.0337773031653
0.922369276611
0.484637689856
0.513784814263
0.362605955604
0.101949722396
0.844577721936
0.949769596816
0.105674501228
0.421128786149
0.952745193149
0.898502110083
0.0132600980944
0.844805892816
0.9495181202
0.52267893079
0.0063335677075
0.931460655432
0.984199841491
0.190831386738
0.0585750524204
0.0140532437641
0.984694913985
0.524224038196
0.461163673722
0.251436787419
0.988116888342
0.0448485334081
0.946367344648
0.972473635907
0.408814706257
0.980648272766
0.0034233726921
0.219532965089
0.65147846808
0.320552492604
0.286014672008
0.212963501244
0.991636653492
0.752158475158
0.167676276379
0.339416866406
0.689109716822
0.907493618175
0.921763799312
0.97115898643
0.0620552331938
0.743469124618
0.939814733396
0.00719392976645
0.777805600787
0.77623083416
0.697195117057
0.00864033527326
0.491927288946
0.323194744361
0.651439613389
0.013749138336
0.413036741682
0.57427133393
0.976572544221
0.951725711784
0.84591323797
0.986760785111
0.520305676939
0.531044031084
0.317839310175
0.0353761670465
0.109234095847
0.694132176574
0.971715226709
0.0290393088414
0.753858690675
0.863940899239
0.0190453644543
0.873890787128
0.962757418449
0.902095650301
0.571324698379
0.967248918563
0.115316970302
0.141499796522
0.258207308133
0.944744597172
0.561972004586
0.334359198167
0.630199851287
0.770236188832
0.0405840323963
0.05242383954
0.495988278449
0.0789486066498
0.172651419649
0.778581410556
0.982327739249
0.492568557899
0.754942301642
0.165531703755
0.754739537689
0.463921427126
0.637624597857
0.650875330361
0.85519170711
0.557974861671
0.224147675466
0.810639193701
0.136213315886
0.459130493357
0.221097325909
0.331776697507
0.241098271342
0.587870374502
0.243268578176
0.172598806848
0.168719088853
0.764155455818
0.0161920723212
0.0381626985586
0.75672890181
0.0979357464577
0.658579558323
0.229600283789
0.00876484832647
0.233103056434
0.991354642302
0.907137468875
0.0255793158215
0.0286051284667
0.0289294856409
0.169916315259
0.624974356743
0.966219214858
0.164319268134
0.0044963492575
0.79944082545
0.907590877563
0.279042927441
0.953784113977
0.339142842739
0.386734544888
0.0439874693893
0.900009856328
0.27568786207
0.727284573574
0.885213747614
0.0168018199449
0.717100470607
0.620388039122
0.0311684271019
0.184169242379
0.197519888803
0.322323855047
0.111169501679
0.01522550345
0.307191433127
0.836260434228
0.201848070201
0.723983715282
0.168575012617
0.150969492084
0.577764798487
0.368033194193
0.992324388632
0.929292662219
0.398120662357
0.388365484177
0.933742171688
0.129823761319
0.165851181732
0.301805130015
0.708672829876
0.890644246991
0.00669180462617
0.0850783762515
0.504573136765
0.70330882607
0.395254006192
0.20384467649
0.0452410289196
0.0225279372227
0.322889680207
0.0372114702334
0.607042284978
0.0886785561204
0.0364587907915
0.49360894329
0.00619026500794
0.312830772186
0.306109205662
0.994221673475
0.981715144816
0.368298127611
0.0188639715167
0.807273896142
0.119215324784
0.0377379019525
0.926284986593
0.915117744262
0.782725055159
0.782517306838
0.995141305877
0.055019729011
0.34661305466
0.892996927476
0.676333909101
0.351322192304
0.76436480766
0.280896681103
0.631422826408
0.256154800754
0.424249026068
0.932021804758
0.291057803717
0.93207957912
0.106093354185
0.983295199513
0.995197238784
0.42128774971
0.981488358624
0.561500654935
0.846665991536
0.0170942064826
0.432787610877
0.0241994410969
0.0345737041716
0.403262008624
0.675528218033
0.841323150796
0.702059293139
0.872853745259
0.723872960236
0.630730844374
0.522836659368
0.915472763162
0.0617157653171
0.722813657156
0.726070927734
0.969573927771
0.407738929175
0.950423441801
0.309049271353
0.189525258572
0.752160705161
0.987185063627
0.615979070855
0.230571111512
0.968054953793
0.818688700107
0.443384914641
0.149497152748
0.402545842187
0.948192005897
0.440999034593
0.0569220592863
0.907657947173
0.271401828669
0.752726298667
0.266922228356
0.434201498194
0.904325367479
0.89756062592
0.00200808628582
0.439206386324
0.0152781432884
0.833964343452
0.973382618865
0.0740821907892
0.0794588536182
0.442829317806
0.945377255632
0.952474463952
0.982947857154
0.475377338299
0.0305043904498
0.120793941505
0.574750831005
0.994860496585
0.0358826585689
0.800523940755
0.738999841739
0.253994385349
0.941083918742
0.325356662903
0.0500728075949
0.484938587408
0.109528571297
0.10298608487
0.267749616725
0.963448173214
0.21874743307
0.114786827981
0.620591392754
0.20345159294
0.485963912597
0.550870883041
0.587846419945
0.324424767043
0.709476715599
0.991173826352
0.979189374963
0.109135209374
0.867035010424
0.0548795277189
0.44452788216
0.454245430809
0.244655212295
0.360139137488
0.0218524761522
0.00975468977645
0.594569764626
0.349318842454
0.175774270527
0.942007398861
0.803733338496
0.749455345422
0.193803953865
0.064006201891
0.962859779988
0.345954401752
0.483740580465
0.87885008773
0.605250328565
0.54097171226
0.771437920199
0.554067176977
0.4311994427
0.698698355174
0.0302922529293
0.0189578340223
0.242460004867
0.952140398519
0.932994712195
0.665005349221
0.993781998876
0.946661984588
0.0391798837073
0.282539341515
0.841082372182
0.272367945864
0.518417287827
0.97456279049
0.482433362856
0.215217341274
0.0926210670363
0.114868604132
0.835151863503
0.947905014588
0.12052123314
0.40570131485
0.00261976590577
0.737446089414
0.977467353863
0.984791603041
0.838530632287
0.943754994634
0.620546185201
0.856310160294
0.948100839351
0.913612115083
0.872011088508
0.764115668651
0.586277467256
0.0368474538543
0.359330243723
0.93794391082
0.931999998516
0.34107406033
0.985529898765
0.834362680365
0.230531862594
0.280961277696
0.771118023343
0.748470937693
0.771541548721
0.149494010364
0.930143720886
0.136196629775
0.971713633396
0.576984645518
0.0088284429673
0.24774718715
0.0180975830723
0.918741716651
0.984860017548
0.671436249097
0.224604633334
0.182925136605
0.238276579953
0.08776709455
0.731839275127
0.951705654216
0.20545462793
0.134878232489
0.611923064853
0.00896690868758
0.0362025232885
0.951972666169
0.511696765306
0.60491379416
0.0593581316734
0.974952037259
0.447887047121
0.507625560479
0.910304332317
0.0106351607899
0.0671453168641
0.0365036732505
0.384625797901
0.0158850651589
0.678931892133
0.486946389359
0.758237141589
0.0621552589693
0.525910446157
0.846199647655
0.0749032847448
0.533017912003
0.477616518652
0.194851470293
0.00759762081327
0.477270939076
0.4365777775
0.268891498785
0.933674501649
0.79437104078
0.430142477696
0.295122363888
0.823352482285
0.0524545371286
0.283987820264
0.983202517268
0.956041222705
0.868634323891
0.912554051791
0.0598140877132
0.566580279667
0.134492387025
0.910350120158
0.960112277559
0.0959416454338
0.993362817386
0.836043286459
0.0171119897113
0.0624405758203
0.668671147057
0.441436170589
0.679900284849
0.0161124504587
0.325613025684
0.641154118658
0.995226198663
0.0892074298312
0.620359421504
0.853937931776
0.131357718699
0.964959104734
0.998066322378
0.867100155494
0.42931497881
0.967407484953
0.212436719112
0.69219437938
0.537388928456
0.0584563936719
0.968819181688
0.259716204351
0.196059418864
0.684381336317
0.505378418197
0.96232504251
0.669661589407
0.355541328099
0.976154071238
0.969993417938
0.648288149406
0.012556363551
0.988432926493
0.553216122622
0.038566887204
0.754660542628
0.659974945866
0.956656726325
0.0940542011048
0.976257329537
0.0236180789926
0.125947342024
0.946195376194
0.853659846722
0.841796631552
0.642954292563
0.878225492686
0.0012462299863
0.639005649589
0.00150172297593
0.410223205355
0.4402539675
0.360139137488
0.120152066468
0.64277064082
0.041702407968
0.990129975934
0.0782084945413
0.342744503472
0.0445464981897
0.687391948024
0.854324374256
0.761930654365
0.118450499431
0.638422240369
0.565370107996
0.0160450406847
0.663418523947
0.00654917260499
0.771135109475
0.436088717849
0.0135739079619
0.937929075239
0.915939605093
0.192339218419
0.391722861115
0.0190440992073
0.909993714333
0.0401783639393
0.00478190544847
0.977269673078
0.0984604804171
0.748402474699
0.678335735158
0.610275417465
0.239565061605
0.980648272766
0.657822434828
0.328929238234
0.854918519658
0.947514493705
0.810556443043
0.569125102141
0.564163501758
0.19215213588
0.897117103697
0.58174425823
0.0279922338768
0.0235649114567
0.292936662223
0.670456295293
0.97257899678
0.40483078675
0.465812629561
0.991868235321
0.69640368915
0.962904214064
0.791237967295
0.618123871153
0.63208524592
0.517308376164
0.0730841066969
0.811989171007
0.109028858965
0.0551508889051
0.0368843925123
0.0229871243512
0.763908695232
0.729512795473
0.430902911693
0.0246114132223
0.677672080325
0.942552879108
0.43326033789
0.974974963631
0.214371835973
0.372549577761
0.275253951577
0.126343885664
0.8229968753
0.0377641467798
0.925541635587
0.432261688816
0.863182871531
0.114098075724
0.559010575588
0.882521298743
0.482187074696
0.443409779481
0.362460050297
0.936197363188
0.239918106019
0.92399647537
0.916002301053
0.976987906255
0.1304653914
0.293583684863
0.717934956451
0.883579867451
0.297103933565
0.0377262792903
0.0435780092037
0.6900296304
0.976955824826
0.0529544206929
0.477628617075
0.987932619374
0.393800427204
0.172388844865
0.046806762041
0.0151278283673
0.390394149201
0.382159037597
0.890122693743
0.904073755539
0.25467519075
0.911827246322
0.0898114687451
0.103166516685
0.268507688211
0.302931453089
0.659180702732
0.315974440337
0.0216615868011
0.984656114911
0.677572369047
0.0296342765395
0.381601709145
0.594686070317
0.735483317997
0.0274906000207
0.895449092668
0.823357223134
0.975715012231
0.485348591896
0.269307042412
0.186552109782
0.717270341564
0.972799611266
0.0130824545013
0.532696025153
0.0058314540987
0.534030942956
0.873796992036
0.00910898878531
0.0111110391742
0.639373596007
0.245152385899
0.797404083643
0.744088463215
0.213031040792
0.628501092089
0.186054935514
0.994785415698
0.374073772413
0.931541561364
0.149558463456
0.677924041122
0.893362463848
0.869435170982
0.683015957047
0.637244983642
0.495043566149
0.96926062656
0.889643488961
0.0264834969684
0.792814285279
0.63314065046
0.0850912918355
0.317808789097
0.624773205345
0.23297225639
0.0502365303668
0.923373186313
0.182619739385
0.347786015533
0.237391297857
0.5316982086
0.0474991682352
0.394992728152
0.0581629770394
0.557737672993
0.10358924641
0.763032972439
0.0513101656438
0.413816902695
0.731831303928
0.355986260079
0.181140865326
0.157396430191
0.977948471988
0.00427294051156
0.198415527943
0.942301219754
0.989476662177
0.329873068823
0.0059611392468
0.348694692907
0.4407873856
0.0719034757398
0.952280921927
0.961463661734
0.626661802943
0.685345207813
0.0262432936974
0.730395094475
0.940908335605
0.43584202098
0.550470978805
0.375048026108
0.962094688351
0.0326997143009
0.723739793425
0.2157200422
0.806373702423
0.918192340487
0.650245978906
0.335409280944
0.00400561873776
0.241254575975
0.913377428769
0.690710048275
0.198769924023
0.757980283411
0.811696028671
0.382758763455
0.014771817006
0.179477821262
0.866866097062
0.965433636973
0.982877280523
0.0235060814093
0.737883923346
0.452957221358
0.898036674633
0.822307951767
0.0298616080633
0.171137681025
0.4271880552
0.970871458353
0.329578197798
0.0425122312368
0.877328847549
0.886485968338
0.855499468604
0.0992124311229
0.908525594358
0.776699889042
0.194069604352
0.957673233745
0.985697264857
0.0394279704758
0.63744480579
0.933382920531
0.161301653268
0.255493064593
0.366684246733
0.0694069043092
0.959710491919
0.87009086331
0.0962765684595
0.995858086897
0.198720406934
0.060514536906
0.41015653134
0.87948095451
0.223937032032
0.0671611006307
0.861656795979
0.56211737683
0.937574708205
0.572906588687
0.130956144825
0.777243499534
0.0425122312368
0.935099713919
0.0980309769209
0.822527037105
0.219342757764
0.828678158451
0.154221450176
0.0315855412207
0.986760785111
0.451828382072
0.161765221446
0.666855457812
0.0981628707148
0.670523982075
0.663523779937
0.0720940099889
0.622776229613
0.893217985565
0.909084409215
0.0166482187156
0.00963103500479
0.866716687604
0.111103947476
0.820033189063
0.349624707013
0.217043853276
0.29862499897
0.803373339131
0.403237959519
0.526730036891
0.480327191831
0.0194720293661
0.732201721643
0.926678173861
0.813884130208
0.375776874964
0.0100678741595
0.601099917643
0.850249977915
0.00165759339697
0.540822398418
0.973084660859
0.963158806454
0.643061131982
0.392424506488
0.684060102946
0.98581276903
0.648207001335
0.0810852754372
0.328334719857
0.0210777339045
0.956935459505
0.771696024495
0.872483304214
0.377125685625
0.326515687502
0.178020508602
0.0214563495757
0.58635216968
0.508377782666
0.986121875077
0.212594365057
0.151582306323
0.378143176838
0.798646477158
0.986708408838
0.0199446266406
0.15526389233
0.727978738322
0.499995428499
0.116661819031
0.664649707149
0.0303500934915
0.807498437278
0.673429989591
0.811208107635
0.101383199104
0.97279204252
0.834237231184
0.963000324971
0.950905250932
0.0737135989783
0.979829333422
0.202376264523
0.991704271917
0.197430613605
0.980112278083
0.0021950234899
0.371207593498
0.514118602047
0.33080777173
0.488889206639
0.576568237477
0.8985479698
0.974199203153
0.963448173214
0.967231257596
0.381318475279
0.306855847799
0.850396667453
0.197499110252
0.338950889009
0.733000159414
0.694180418539
0.107011843446
0.480914686647
0.731495415087
0.932086186787
0.737561789774
0.648286990229
0.301085475937
0.0340404725466
0.119223779505
0.0190364623964
0.622772744863
0.312021091566
0.0128893883565
0.455425688527
0.98607439725
0.250427513984
0.726865790975
0.635527160393
0.365811512764
0.608357761053
0.00649614354284
0.770741949769
0.611714988853
0.607885396346
0.804355547724
0.00371650028129
0.0229745638831
0.807696706134
0.926899026856
0.433933501163
0.874563150814
0.796922987699
0.869269897969
0.975495901743
0.588067014209
0.487299136029
0.62096852029
0.0301854359666
0.944818196643
0.0707140658033
0.0792575152101
0.891910886078
0.362305072706
0.886036173861
0.622869901942
0.511134385046
0.85326748214
0.477973298903
0.534306198719
0.720563620403
0.36748186756
0.279471234094
0.927845757103
0.264481096805
0.0472339736858
0.830378170598
0.378952755799
0.972969740916
0.301289860974
0.605344575419
0.282511761133
0.206156698574
0.225913572663
0.328293373628
0.961756849958
0.801905426333
0.145530285288
0.605895889625
0.00864972215415
0.964916463181
0.0124561222126
0.754144825243
0.560600011412
0.955312915272
0.151856934983
0.804555777479
0.855551531845
0.174192389358
0.604701155075
0.177269822115
0.698222811397
0.912510247757
0.15096006728
0.701497606552
0.721113605492
0.287768634155
0.259213247301
0.409092284362
0.920247255987
0.801386707245
0.452393852249
0.0580321596852
0.132645162934
0.172518276062
0.93004873764
0.20688210293
0.968920344124
0.295316849989
0.705744161531
0.0562888382143
0.441758631281
0.808910632924
0.84440293059
0.910239467113
0.0907652716687
0.808665956328
0.013052512543
0.0145879795326
0.918582982018
0.635592627499
0.248632203401
0.379123378275
0.0108746863007
0.686073139492
0.422503568532
0.174067376239
0.0159909798954
0.0572581001015
0.439015193876
0.477269038827
0.5884061487
0.949201968964
0.456982679638
0.6531153725
0.103815914523
0.103815914523
0.400852977962
0.668810004086
0.0301550640769
0.86921181739
0.571323437398
0.030490421391
0.98028717275
0.923826345364
0.564777963803
0.800205971908
0.962124665432
0.197499110252
0.943479169502
0.129195693719
0.219304002221
0.192432655744
0.955993522643
0.664044201422
0.661936762304
0.793116356742
0.457658507246
0.989234710406
0.743699223129
0.343080965961
0.877201905424
0.424597993136
0.985168529152
0.955133637358
0.608316915595
0.939886809702
0.969753099992
0.963766908975
0.0131323811808
0.894249437191
0.794624167376
0.484990330712
0.133364782701
0.427127368417
0.824110444498
0.154221450176
0.478959548768
0.941136335437
0.217111679061
0.435083715576
0.989655567473
0.692866225751
0.9885448871
0.946834405569
0.46474812957
0.0305043904498
0.944866838631
0.947156251459
0.962535497745
0.121449720654
0.145315884104
0.717411120044
0.325465179683
0.981731002801
0.991711389026
0.961965669886
0.158538494317
0.0178732714806
0.146121508503
0.78891455311
0.970480385814
0.84075877791
0.960109195814
0.063520650379
0.641372791301
0.17254946668
0.985680351733
0.141644744123
0.256270567112
0.00864085635724
0.974674065519
0.00934397073437
0.977782421852
0.986916150498
0.935084934836
0.30733877351
0.770741949769
0.444085279255
0.316078129279
0.944387250701
0.272958815025
0.986133785698
0.039826302695
0.312067658044
0.637744380012
0.0924008294656
0.996020994117
0.492568557899
0.576119934771
0.0875249664995
0.157977861323
0.609126386103
0.996531329266
0.561904703661
0.7319442532
0.789871099575
0.0442187156382
0.191039399537
0.279982462414
0.978618989412
0.0101019497813
0.00869149434121
0.078454093581
0.0647222087929
0.537788879159
0.883800139386
0.45735140319
0.412212007642
0.716223654979
0.416328808273
0.736311143005
0.175272776235
0.0922130918273
0.939481223654
0.889877993352
0.202720375443
0.244956844263
0.40379847686
0.123260556806
0.00976465780377
0.675095042897
0.823754993691
0.450206305118
0.96219839205
0.908751677556
0.439868356226
0.93512958027
0.966446922122
0.931541561364
0.698857684145
0.929595076258
0.807055506972
0.880006511533
0.114786827981
0.0237484834986
0.773083450795
0.185821899412
0.963052910972
0.830476462679
0.04194559285
0.150952881229
0.986012306555
0.444746820808
0.229716717008
0.862743557228
0.0353650382603
0.9877158904
0.681047254056
0.62294820314
0.0877171753197
0.0706626927463
0.983941688711
0.41533349026
0.00904189309139
0.751390604815
0.635302905894
0.944566157403
0.351464445181
0.318275635759
0.63936426557
0.267304385654
0.942942058542
0.900009484908
0.195038459573
0.797659195084
0.911176127515
0.592373192208
0.012201610767
0.926711249432
0.332439261203
0.0468948644754
0.968002593735
0.253575359961
0.915933803511
0.174240161104
0.551524763644
0.723736554091
0.0472821993812
0.539690218721
0.0179471883587
0.0383264399816
0.711181302959
0.400091605655
0.354525143958
0.980583882854
0.007214107386
0.715694349865
0.943544929642
0.019134712299
0.534194307905
0.838840034516
0.727195393506
0.417120087342
0.482800002349
0.0181361627153
0.960585430363
0.576992524598
0.0180596723363
0.286532621079
0.393290729258
0.170200266747
0.88995583633
0.718678755656
0.980425527236
0.754660542628
0.440866597389
0.608373723764
0.766924702027
0.892322167392
0.293273267989
0.593611381588
0.181684499822
0.420251980607
0.0303260435491
0.357579972104
0.117136617526
0.946293534619
0.56677332812
0.836379743864
0.0769258316941
0.446072427258
0.694341874878
0.134265481181
0.690410567259
0.866166471711
0.0157547852843
0.165728258695
0.188337402926
0.357471904167
0.840515244044
0.00324184503164
0.711203919815
0.232853799824
0.00138588789748
0.113442473775
0.103428436586
0.869351222054
0.376168868934
0.763381946786
0.83640501562
0.257304759927
0.939695784901
0.800213207846
0.779954298493
0.974952627666
0.966055281381
0.000829076951982
0.408009686766
0.991209350636
0.312299959131
0.977864593078
0.00464934611241
0.373837665835
0.402829940207
0.752955333068
0.794275013262
0.658782895223
0.275621271414
0.0776823784772
0.68263570686
0.00296195235975
0.65173242207
0.978710642812
0.49113644897
0.0357753370486
0.102645743492
0.192511585708
0.405805647432
0.607386523669
0.757820436575
0.0264058795329
0.672099840314
0.922130933479
0.742907339342
0.976746254557
0.972955473413
0.89739942792
0.867474464535
0.371716254994
0.976102936528
0.129496560695
0.0133791226858
0.495621832407
0.428507914862
0.271347735811
0.993583498934
0.200619680496
0.980635449925
0.439095408457
0.580554950743
0.346179518166
0.967017683379
0.615019976483
0.223823633802
0.227617283311
0.493389232647
0.0415968551004
0.301805130015
0.299766027879
0.0302183370383
0.00619026500794
0.0942122492844
0.675769445235
0.959061480206
0.378006008625
0.146046791925
0.613728768104
0.967739656135
0.326725385327
0.88525764234
0.830589238364
0.265055817911
0.981850211909
0.679612407845
0.4431678355
0.269766343779
0.466639286446
0.390869357681
0.1399547386
0.878551335018
0.931709596946
0.670735474291
0.55327522232
0.12016339331
0.108197073638
0.535027933184
0.0444626917065
0.687394453137
0.66990993647
0.2038049779
0.794140989044
0.0216843805518
0.0740198733782
0.926873931008
0.222196614593
0.0276518029965
0.734689486794
0.224174590298
0.881990441998
0.191022553429
0.392321287238
0.0506414238361
0.360160779162
0.534540088022
0.916420417175
0.542855869169
0.944392338767
0.897618539348
0.409948119004
0.142141292409
0.962065858288
0.923057594688
0.637252356221
0.653988059551
0.988919786294
0.0261047743715
0.525692433319
0.952470671975
0.0541592706839
0.0500728075949
0.702059293139
0.644591121058
0.194885837307
0.612912156251
0.714471540006
0.983892750338
0.344762458929
0.977552785152
0.0203093701966
0.971666938215
0.233719414768
0.383931129268
0.639508298946
0.806170459828
0.118513286845
0.887131628483
0.00390237780872
0.0671631738744
0.774371023178
0.82963954389
0.0563536440081
0.888417367004
0.741924229213
0.730263263719
0.65560139337
0.678335735158
0.0527802742965
0.968618687363
0.334017674391
0.336115932868
0.995645618376
0.358605347157
0.0587370849941
0.744814231482
0.455413604528
0.81809499442
0.149583315359
0.0309473967131
0.4402539675
0.978184000844
0.0386756284703
0.636485282554
0.563717581796
0.793949903343
0.780598883966
0.990812237746
0.560600011412
0.832066177281
0.970140624005
0.875175921468
0.887067513678
0.755743571257
0.699059954611
0.722740486153
0.182453274188
0.744755346997
0.52333411959
0.16641008744
0.97294143532
0.0195460736178
0.411448362979
0.478175618748
0.982472700843
0.308466634051
0.211663670045
0.990904866508
0.836043286459
0.925673438337
0.0828878049693
0.484120464313
0.0391087605133
0.663602279191
0.0562162960738
0.914358233332
0.145478997315
0.933541830706
0.00277449993543
0.241908996652
0.0473967742918
0.915129522111
0.662427514344
0.493685622835
0.0192557158444
0.219064911804
0.570701200948
0.896805330021
0.845383962675
0.0303068413884
0.05045700771
0.0496213097314
0.255560856804
0.985122095626
0.992308038179
0.876027084255
0.597878288974
0.958951475553
0.17139458031
0.0158850298814
0.629711013727
0.0481344143921
0.874296986453
0.785528027428
0.011924325658
0.728030705673
0.025143592392
0.0298105127426
0.91913425519
0.395443833593
0.41880516811
0.787024429062
0.919254421927
0.32542027374
0.0623388497598
0.599573646512
0.0517629381013
0.080093355706
0.0225578382727
0.879987845637
0.684215311933
0.145813648831
0.938395331853
0.0421237358983
0.657777137226
0.014732049452
0.76436480766
0.552587903755
0.969811986813
0.605550682651
0.568187559196
0.0275135398873
0.391265579676
0.194238215045
0.962859779988
0.0222284800652
0.322345765609
0.0238291868053
0.106378288294
0.0258044000469
0.461286130503
0.534548041749
0.899336026785
0.141644744123
0.489533312788
0.96364012329
0.429420202952
0.228027885863
0.905208451482
0.0337887365127
0.00270141093465
0.773753890757
0.85452442008
0.707265851231
0.149598803915
0.0267996114513
0.389368097567
0.132727756485
0.595221449578
0.222204047895
0.696143229348
0.0569584150963
0.0368481949721
0.290700554882
0.492308470574
0.677872808093
0.486508103699
0.480159432811
0.974184517923
0.007657977731
0.941612009056
0.903188898937
0.709849307155
0.955338569947
0.195695466055
0.969510124638
0.110175213904
0.989890773469
0.0832818141489
0.141856940407
0.168144748252
0.994018393991
0.192080377549
0.394352225112
0.694672840702
0.769576366446
0.366259728613
0.00360449959935
0.701133237364
0.0954057984256
0.359330243723
0.479087518008
0.942802201888
0.892557291893
0.762713267849
0.456738043816
0.493807115293
0.257622834561
0.0229591984989
0.700331240643
0.245200150905
0.0232357217917
0.435576473264
0.647169524815
0.960798204231
0.969695961153
0.00971048068007
0.933155313811
0.967266905931
0.39324163047
0.953545969429
0.266795316776
0.182974998417
0.0916181777005
0.540895214376
0.601836364707
0.405108670445
0.213978567725
0.784824484332
0.98280133017
0.935591126864
0.930672121791
0.0830535424117
0.594094723034
0.871678015542
0.163674264803
0.738691168491
0.712400315707
0.016106774613
0.14956783363
0.240228370187
0.515387372173
0.609220161646
0.215297706391
0.848376368971
0.0808825081429
0.127120410983
0.226612806757
0.364686414809
0.937113804933
0.238683871093
0.742708485928
0.313267755778
0.754364017017
0.406319993637
0.0194720293661
0.751672775943
0.444923469826
0.0119308385006
0.344488672612
0.842503178824
0.762713267849
0.790145816418
0.933243394849
0.793010156265
0.920181657214
0.00298549473482
0.798005739289
0.00780984957721
0.809248306046
0.986437688189
0.683472702487
0.800762960782
0.245549420038
0.00133542840452
0.954831478139
0.0583682111251
0.964599836898
0.0946572127564
0.271420826695
0.920124349559
0.923471259084
0.776903447594
0.65085496963
0.844764934781
0.108824035941
0.885031392964
0.479946085266
0.98698057763
0.159352348416
0.915939605093
0.0668322379392
0.256714023639
0.297872402404
0.812448868436
0.706625195756
0.912397529678
0.116835759674
0.895494924176
0.282028445045
0.136280202565
0.622776229613
0.520548698291
0.969262679351
0.915394599501
0.0556953214086
0.905958205792
0.811659360446
0.12431441536
0.633708337185
0.81955594058
0.974649839984
0.231168338979
0.622474030892
0.0387144520905
0.0283537742252
0.101726541674
0.119732145912
0.593947768928
0.278954829129
0.0578794113951
0.83208137218
0.964022880121
0.00901979668721
0.983855026094
0.119729221813
0.964452689099
0.641774467503
0.228525063662
0.654459744576
0.184405362868
0.790911910005
0.356985183609
0.765762380294
0.761816095617
0.736381135806
0.408252793789
0.00392142460962
0.492135240009
0.860181122627
0.752089303118
0.760768726308
0.201085670911
0.0335363881377
0.448814499502
0.992961189153
0.72448816735
0.98817246493
0.352630868166
0.911270132955
0.0490071951635
0.950841740745
0.772167263069
0.346046391987
0.981272551267
0.788241883818
0.0545162812221
0.55928678459
0.742809568639
0.755112132552
0.313354896852
0.95993541957
0.872960717961
0.00224591261722
0.918154488236
0.68937434382
0.890922001228
0.329113596447
0.554170966687
0.914991578301
0.221093067425
0.0669957498936
0.0604908629502
0.0233896667431
0.092161007408
0.989372582115
0.983398595112
0.95121323272
0.0117815498932
0.339485812305
0.877280251459
0.96757630634
0.168118477669
0.0610150999384
0.117321037855
0.868004385546
0.203656708669
0.233983363209
0.0267798711063
0.370974251388
0.85396060219
0.978881083207
0.339476974415
0.903267777393
0.0690157965873
0.904780481245
0.691624554909
0.00443213010988
0.00693526785608
0.247698823706
0.789783266149
0.0503442266505
0.0983056640424
0.0519675940737
0.989024922303
0.000548631862221
0.594340582867
0.0352244915049
0.275663991299
0.21721336678
0.956656726325
0.45146888647
0.571908923599
0.631340408947
0.853237215301
0.0486753003982
0.793139593527
0.0305795648531
0.2698783349
0.611923064853
0.0174190616004
0.711100932803
0.953918809684
0.447994290361
0.805072390214
0.290420174002
0.456472726626
0.822832386653
0.55555382507
0.437053065411
0.669974366281
0.0259708486517
0.23248080968
0.760328233234
0.721547315725
0.770858561464
0.477704866726
0.952639614254
0.696888100135
0.04145695664
0.0309925718513
0.972959365653
0.00507821640363
0.909198263196
0.393924771504
0.298028529053
0.843555700011
0.817316915194
0.158154621566
0.0422853480532
0.762093976961
0.982448834236
0.874688138731
0.966152154229
0.0850022148432
0.185421727059
0.858393969026
0.571330314312
0.391321502274
0.465239610731
0.0924006568018
0.971916127839
0.957358035615
0.973479341223
0.748733805848
0.117869505169
0.981890832164
0.237054443572
0.165600997173
0.574438950668
0.861443248547
0.278606803447
0.949333313176
0.970827531188
0.111149297952
0.615331161117
0.127620916193
0.987884271326
0.994124693303
0.0698841602916
0.0953243480119
0.50989879229
0.912390923455
0.0822654623969
0.859562622571
0.0206884511363
0.0828173632814
0.00986214530511
0.857013671761
0.766273797859
0.00601545333334
0.0689505143394
0.583060250486
0.62973164992
0.751752469389
0.296100153594
0.870517764769
0.297831719443
0.829973374091
0.72203535753
0.672976995964
0.92087608283
0.431322155193
0.921267200415
0.0161920723212
0.816660155513
0.940686050965
0.72378914388
0.990129975934
0.584729057855
0.979423022997
0.43753894121
0.960164264509
0.440821005626
0.933713776305
0.46585192535
0.915183787827
0.133931887088
0.985252480343
0.826947264646
0.814285688175
0.801137460576
0.935939271796
0.910698251064
0.800837002082
0.00871980087523
0.408839008545
0.957567802477
0.877901567737
0.272795044019
0.755927985961
0.977114635557
0.405491066511
0.98149198679
0.927363413027
0.327784253727
0.0172299784685
0.73428213797
0.367039113476
0.872910066125
0.177220221161
0.696938453214
0.619306674097
0.937433905719
0.793385680963
0.149374756225
0.944885687714
0.904377437794
0.191566582908
0.564537983448
0.974487516614
0.177416409204
0.31166262232
0.104233347908
0.0626348747212
0.95294698279
0.0653181677097
0.961759725813
0.0737196577478
0.605150401247
0.11306790819
0.984847784595
0.630294727758
0.971091103834
0.139512429723
0.208532636137
0.161909857765
0.142499904328
0.132205342254
0.93071217278
0.600423196122
0.594569764626
0.931709596946
0.568572157339
0.857833500687
0.088506031697
0.0558184402471
0.0543672826223
0.0166036637998
0.79447883816
0.0600255372253
0.0182898877689
0.0183563596504
0.236762181492
0.966351214364
0.342000698497
0.138950995326
0.0676407379008
0.967046101712
0.503707128779
0.708672829876
0.0831393294514
0.0677523355911
0.253081232339
0.714172125566
0.415576923881
0.984560387911
0.680693186318
0.747036999161
0.256362956544
0.598971271189
0.77731666358
0.350821465343
0.962165732067
0.0455820503264
0.00579092894837
0.694583173686
0.856365300674
0.629360947218
0.54674569067
0.880965929087
0.705915424593
0.166186739543
0.905465071793
0.122560697147
0.530109058069
0.0399851639057
0.0181011601781
0.560003779857
0.00979649151228
0.835242972192
0.942011546796
0.780423861675
0.0180503875537
0.939584641531
0.515654170649
0.607327915946
0.00957339231597
0.932323398947
0.711826970748
0.0900023136268
0.143707544738
0.30200369853
0.963986592778
0.190515752921
0.0747668034999
0.965800383243
0.020832918936
0.330030447215
0.272566708394
0.874197431853
0.840515244044
0.74117449982
0.908246482854
0.95561134876
0.0404353032519
0.0162049754662
0.0326886537638
0.151865382546
0.381769490281
0.137334281345
0.202431531918
0.482708560834
0.22494408101
0.689574954369
0.477162052307
0.975869450514
0.377578197125
0.0784782835118
0.720563620403
0.744432687138
0.0469196643884
0.363001004442
0.0501021797407
0.225117709878
0.0171654710506
0.195852248066
0.782337962618
0.818806073731
0.32717835788
0.716627331415
0.153512145335
0.411576449535
0.928046211407
0.709396936401
0.540014727506
0.797625060852
0.964091516247
0.0301550640769
0.710703255241
0.0084258223919
0.341931760744
0.907347683508
0.436745660669
0.97642974826
0.715830374692
0.651047475522
0.00989484357733
0.000823906923063
0.167374855738
0.425228972554
0.849861764993
0.24946056359
0.985139614128
0.00243260247072
0.835817665868
0.80429417945
0.771581684039
0.848677222816
0.255278980478
0.0724760497458
0.948934537509
0.88835814423
0.991080906118
0.332558129823
0.242710850808
0.242494184218
0.995119075137
0.136091267342
0.901866396043
0.607694996441
0.167972663787
0.108279933478
0.664797236999
0.113848238972
0.350520093482
0.76494190511
0.0155963070416
0.954069283833
0.0543920742959
0.969848199785
0.922130933479
0.809585486486
0.0644234692404
0.418053379938
0.957890377476
0.481667542248
0.172397113375
0.462981328622
0.323742621088
0.45735140319
0.0496051853819
0.865543590795
0.749142580877
0.657508173578
0.852882407281
0.981408586585
0.345917977174
0.676512006557
0.742106454956
0.49350517536
0.884665518327
0.7316045789
0.647796664227
0.511904128602
0.841529809694
0.995526900214
0.529168587572
0.436032878033
0.826523617565
0.923522209285
0.211637525579
0.945824717626
0.0434858774861
0.720182303159
0.777927240594
0.744261893972
0.984735669426
0.941664862849
0.961595835111
0.909924619118
0.944367266754
0.875588633823
0.113637050312
0.800752775695
0.961263574322
0.0195624940145
0.0867016657481
0.0308975657152
0.322990461064
0.966667946956
0.436373128994
0.701531904204
0.690484716754
0.935767757476
0.0509610232443
0.94839860918
0.978684035433
0.883332245834
0.825346328353
0.151403362765
0.588565994344
0.0645881421052
0.00762805498157
0.125387146098
0.0292468840236
0.914335187427
0.832204708421
0.013199517784
0.0550099522477
0.689339057394
0.300109983233
0.79756566199
0.88746456809
0.993151397041
0.0186760292712
0.97514320965
0.548128604156
0.0116198766979
0.893646405678
0.0199326443721
0.935291093597
0.145275731346
0.779068334994
0.933272516104
0.706169091529
0.342231133462
0.0358020913765
0.0319231854362
0.589699379751
0.100449616599
0.905421403224
0.902883465099
0.656081514265
0.00968181246143
0.081596930391
0.561052426161
0.180870071555
0.522720560703
0.385447972395
0.151318521071
0.0846040302274
0.0202250772513
0.121642125011
0.96060914398
0.401475305908
0.032840241448
0.992880649668
0.986860825113
0.52781045342
0.0459556668033
0.978860782191
0.800822448415
0.701033284923
0.511777815048
0.24505609997
0.208094705435
0.0608105333645
0.00903247933441
0.824783335652
0.074723472496
0.442114483304
0.93925706891
0.0383757826715
0.540814998424
0.740373438519
0.118872433001
0.158306810797
0.484039506303
0.621920071878
0.191008056418
0.382687276523
0.442230416738
0.636235120951
0.83892020498
0.850578659473
0.374295430192
0.675399780885
0.383998669299
0.658102510971
0.881784889685
0.289979496157
0.345242617312
0.943281091188
0.0159879410116
0.966286800533
0.981171614626
0.116823071987
0.983164103133
0.96393623502
0.758188278785
0.0814622553273
0.0408665425925
0.198606312636
0.29677326712
0.0131699548662
0.409689556673
0.196745403786
0.0968843782797
0.730250242448
0.522563103182
0.713882516821
0.909707607913
0.80829771551
0.393637023947
0.545255850961
0.0196715074488
0.0587701795008
0.0345970853621
0.961111503746
0.0358021913224
0.0755404209351
0.981020688493
0.718702449976
0.979189374963
0.732598579333
0.310548127216
0.379406500693
0.977688629806
0.925046495314
0.50791754331
0.00697961780953
0.0116762429662
0.886977258266
0.884405094641
0.835066448212
0.744987358989
0.30004754973
0.734205314933
0.419823694617
0.266385654586
0.725090623012
0.129674867182
0.972413422388
0.308466634051
0.767321975183
0.0151019472155
0.987486577138
0.843597465244
0.406681305075
0.138188233011
0.441779062681
0.203088853469
0.744124610677
0.152543701682
0.208973897038
0.474226808187
0.474921134967
0.333263779599
0.0268340235935
0.872406168331
0.989615058369
0.969634066963
0.983194132915
0.961114585869
0.648814134724
0.989074992961
0.0644322069032
0.396467602958
0.0428212529598
0.785260903677
0.79635811291
0.535234125832
0.932520384103
0.980062718909
0.978427665474
0.978524316672
0.987445866995
0.993998931585
0.985299643743
0.514891446411
0.43457047896
0.87276697986
0.944016191504
0.031226117313
0.0284105991167
0.0885576274585
0.308153773149
0.850508300126
0.00772304710492
0.0175302116833
0.511699653738
0.970989803091
0.359191992443
0.877422134901
0.177486191128
0.335750594464
0.0438563679173
0.157653530822
0.52187322766
0.186094453977
0.781317158487
0.747078180454
0.440094801528
0.341736544928
0.194612758482
0.202120512442
0.402961415161
0.980157070266
0.983937440736
0.432925651382
0.976257329537
0.574901271193
0.385012949112
0.973777244165
0.684342252475
0.0693923236335
0.97850512348
0.311573391909
0.16192340911
0.78427641578
0.365601305278
0.188577907058
0.0393273394229
0.349201198963
0.687830720282
0.861912421072
0.904930356411
0.685208520719
0.668148523129
0.162435355284
0.888744381295
0.314312927545
0.141236599025
0.829462570774
0.987756197462
0.0168315518116
0.368976481205
0.616344139597
0.0909980509508
0.917459123502
0.597320269715
0.947833748931
0.635306575508
0.165401768312
0.0227278553024
0.0159499115511
0.513296514971
0.124751796871
0.582275402715
0.994305402275
0.95121323272
0.161343781802
0.817408471791
0.850458374782
0.979995343047
0.0224088487147
0.929868703607
0.729038501653
0.165125852062
0.580971165824
0.414158722832
0.317870157773
0.654459744576
0.974312171112
0.976906884251
0.116650673376
0.183045140312
0.0235408568037
0.2666660163
0.0752289467009
0.960730889403
0.858134508215
0.917758328906
0.751390604815
0.914396634878
0.979749619455
0.910978423327
0.107694875115
0.114654298993
0.840282184595
0.914627727808
0.432051946713
0.0176894375208
0.757427812236
0.677111076388
0.836771324335
0.193812896646
0.851155686958
0.755107147777
0.938301583517
0.037445759159
0.560812571859
0.638927793064
0.975479565651
0.420873237869
0.65798063795
0.988263615838
0.439358586572
0.165679519784
0.306413163622
0.809733722975
0.469563180713
0.893020740247
0.695922311163
0.0467887196961
0.127587800068
0.916227420601
0.206215736645
0.657364279796
0.981153772396
0.640930826034
0.0597600325189
0.793979693708
0.801186494887
0.428299944202
0.995443271906
0.913363000971
0.161989476151
0.454358000486
0.0662136327868
0.991949234677
0.564537983448
0.715897330704
0.30223794365
0.00675387886053
0.636300290524
0.0800225008366
0.873313805706
0.539348359969
0.960753216184
0.783943276136
0.159963803999
0.948656713628
0.883273882312
0.0456071706139
0.412663093912
0.951675514132
0.833987409425
0.00211921371719
0.641876071368
0.987813899255
0.0151477061956
0.513483110665
0.162959159143
0.676953444427
0.902326326964
0.233973599961
0.323103006021
0.795391004967
0.0435570335576
0.850044684475
0.725915872981
0.208813371234
0.345584030415
0.886432268112
0.0576881326804
0.944552454034
0.29765764031
0.768683467055
0.331194742062
0.882714254891
0.085453818026
0.890871578178
0.481419161645
0.0155365878821
0.0746482188689
0.974149736157
0.857980924895
0.508381028524
0.624399886929
0.679685941512
0.240499248932
0.0424222847377
0.0220380374561
0.381588544161
0.837977368324
0.974003064901
0.873686529655
0.222136735266
0.0957137467102
0.136244520271
0.991366773714
0.6555118433
0.0832605835563
0.874563150814
0.516430253261
0.962888503216
0.0533371836299
0.300827956108
0.556271443871
0.0471254779532
0.509580819659
0.0749032847448
0.582505686575
0.109675499735
0.335489921013
0.727177689165
0.988644732691
0.381344460348
0.966980881401
0.667719453019
0.0738500141173
0.426726332679
0.263090675887
0.583269924568
0.810184762633
0.63355325922
0.181063363254
0.861220581987
0.622875034906
0.0605753439824
0.804160064825
0.506574110796
0.640495275514
0.972626606159
0.00741998694478
0.754129598595
0.941670680918
0.0807915481856
0.735823802965
0.750674647294
0.0580938240568
0.00249265465997
0.141500644265
0.191596399611
0.0707820350074
0.831742639503
0.338229798299
0.0321987479011
0.0717046220306
0.295420776053
0.972680190484
0.111312176711
0.867768068663
0.402394060651
0.0282205832843
0.954859442632
0.315782182137
0.032840241448
0.0458245064496
0.169738286665
0.984564391108
0.777576094377
0.678063540882
0.281547777854
0.325613025684
0.38208303131
0.402119242465
0.0360314486301
0.940756644389
0.0130413612407
0.909449583088
0.577764798487
0.644908673092
0.108984575895
0.0142945348573
0.0133791226858
0.233095527893
0.130701008903
0.238057202162
0.786966555741
0.82650988899
0.736265747586
0.769996010358
0.571348635851
0.363006810075
0.235754651128
0.973449529924
0.508967849985
0.984008419142
0.97020859781
0.302078131921
0.951749244959
0.462532128219
0.586829238326
0.035778383667
0.0298413434431
0.933131245695
0.0164691118523
0.0238620076811
0.327614856759
0.724028743591
0.168007799976
0.303189274115
0.206457246781
0.534030268905
0.0562822178153
0.0827993576133
0.804745953466
0.515841917046
0.429494712687
0.103314435373
0.331407104323
0.657364279796
0.796495092779
0.922556628419
0.0991960338613
0.29306060697
0.796875442211
0.044267679975
0.416873225621
0.462175298019
0.986512573452
0.957548196061
0.897002557092
0.439358586572
0.65684631091
0.946638497973
0.0411250553084
0.564207776892
0.201082581728
0.983829738436
0.19749891211
0.0948524552644
0.501231058197
0.0156771825504
0.931796585344
0.816930055596
0.01522550345
0.0964946139239
0.359873455547
0.298094732871
0.995879535
0.133823595419
0.608580892181
0.981157405029
0.989308406267
0.959758070996
0.177782617483
0.0140659618119
0.925174749479
0.318220187733
0.13258741815
0.957860467465
0.0337835063711
0.969851458144
0.0346082812033
0.611627873684
0.236562320821
0.46800320459
0.0615078647717
0.964467592924
0.972285189676
0.787130538339
0.0681780710104
0.0305261095802
0.250889798873
0.0646559443559
0.980016138167
0.20729950856
0.135592873046
0.0472524947734
0.860176733303
0.769191629121
0.392636678524
0.920384557757
0.919974566197
0.567214267865
0.148807224108
0.338449910732
0.865333421655
0.353412369369
0.953916621961
0.990930263953
0.954056440728
0.846533842752
0.130913635586
0.955030226217
0.109774483136
0.216412495119
0.0915281825927
0.713264859472
0.353179076888
0.166953733079
0.73510474693
0.0553697753253
0.0326997143009
0.937718374596
0.849005764526
0.711403282215
0.827764939703
0.189249429857
0.668700924507
0.116168180558
0.765658154336
0.694936169487
0.948809475762
0.588503580493
0.436745660669
0.898841884371
0.0115824563768
0.243008876273
0.0400378350491
0.816364948564
0.296278794374
0.949721761699
0.0201385378082
0.806749896373
0.0178962448956
0.0051142769646
0.976979987156
0.40664214184
0.159176063033
0.61474094269
0.133713039084
0.917226443901
0.157127949137
0.899498022989
0.960220022477
0.893536260096
0.888987902241
0.474801266159
0.146840119748
0.0343861154826
0.321307981338
0.178943223205
0.0756892481651
0.614422348242
0.0165976169253
0.901455126019
0.00590735967198
0.252900228826
0.945936358248
0.712240110713
0.720370956353
0.0273661085804
0.627653399774
0.928021563269
0.716862230632
0.0250980321324
0.963458248911
0.980930471305
0.941211088843
0.810556443043
0.87757579314
0.592024392467
0.387690956386
0.13569868588
0.385326068449
0.297181016461
0.790893814134
0.111686585845
0.968611044268
0.318088154429
0.936966231557
0.954376430237
0.131185576274
0.993027722242
0.0309980929917
0.0851859052616
0.862686106011
0.988216148518
0.407559305157
0.879752663516
0.124327265695
0.366321880345
0.121066488551
0.144203489607
0.338001856761
0.604827539412
0.438271268472
0.88134002361
0.724020684247
0.0157525606001
0.0913714870502
0.923752019319
0.119084510711
0.986161553595
0.527760227376
0.727567858579
0.0505660070894
0.713091698461
0.802984621069
0.511236266396
0.0776723177743
0.945762595775
0.890459509689
0.130948749829
0.424607886184
0.464987984566
0.914202651784
0.151589069441
0.33000898354
0.768299808269
0.130632290613
0.930061637024
0.517241776003
0.574104831353
0.0851841597994
0.651642751516
0.178858880151
0.00864033527326
0.580782879174
0.0205188971769
0.112122237057
0.543883359271
0.172681710399
0.957459374932
0.0993222248783
0.838754473195
0.0267798711063
0.559612126872
0.720424858296
0.1446743358
0.953527998976
0.00555596281915
0.77073766154
0.425838863351
0.511904128602
0.198159130538
0.149233586482
0.79871313321
0.925937345105
0.286839190746
0.914844275492
0.0450539185128
0.47729503136
0.563777050311
0.76146201957
0.230779445943
0.914822521822
0.0268272510466
0.704406998874
0.514961526319
0.409651524868
0.096666915884
0.200445334383
0.965467801294
0.666957043053
0.117327684502
0.629267723323
0.0399845193943
0.969000095966
0.995879535
0.549820917758
0.309439271228
0.155239403018
0.948989462532
0.408548771096
0.857086197826
0.697061135078
0.438807701828
0.109675499735
0.593538591729
0.960689693784
0.62393795263
0.905814523965
0.242031170355
0.524861772346
0.0846737347961
0.103460019227
0.537685482505
0.223570609437
0.436686651093
0.837507797328
0.736853270162
0.896926096236
0.440665741352
0.532074792204
0.66270394732
0.091503365752
0.0113633937612
0.23248080968
0.478688270051
0.0360576773048
0.211218298129
0.703490022101
0.580759298067
0.117501230658
0.314081625657
0.0600577821079
0.510578051049
0.42979139205
0.958225552251
0.267695346335
0.976126463429
0.0419137772565
0.960050007474
0.950693653681
0.593975114876
0.0971042663639
0.785639006153
0.319932301251
0.856037785739
0.678063540882
0.922717207103
0.361654939238
0.893262781534
0.929746989715
0.23792943772
0.83798103285
0.890246717855
0.837536531526
0.273270966149
0.851111407751
0.438986127064
0.977266248148
0.67232098928
0.984614583693
0.239956191495
0.0582933888786
0.6444063414
0.102036782745
0.969861716035
0.294552509148
0.634568867689
0.365572435392
0.932739973629
0.966828029691
0.44932877246
0.950583328167
0.631020539423
0.114197304158
0.613491667124
0.162588229976
0.0214842504776
0.947293126329
0.983762063652
0.949522990094
0.0790878435478
0.662362394324
0.209827426464
0.484998292729
0.597504602975
0.834063833775
0.0680431241251
0.173136304432
0.0546850282836
0.0100433040636
0.972099331859
0.977467353863
0.0927488320994
0.047389274635
0.148432748504
0.940491982219
0.278047194754
0.974932216262
0.00805804150655
0.876298632231
0.924489876027
0.167277629997
0.0239695220187
0.867438349615
0.0972924819395
0.651469544754
0.983825745247
0.486747946564
0.853515391941
0.987163664638
0.888345945493
0.925894047521
0.275061102169
0.181186048336
0.905593945779
0.648569202124
0.571927394986
0.34017553883
0.511634541789
0.529404415019
0.0010557053325
0.119605982457
0.0205047228727
0.923860815576
0.923139138333
0.576678580819
0.0717771838708
0.195038459573
0.713959483743
0.0840203860553
0.421399976423
0.0182898877689
0.894949253928
0.685951643671
0.102467297543
0.677672080325
0.407025895986
0.922465095042
0.226706303927
0.77504460091
0.790874799474
0.751672775943
0.290284441613
0.738269564646
0.796916342783
0.605130100091
0.0128967636911
0.985842700196
0.833870920916
0.214263749474
0.130744539687
0.192003646498
0.0561299860269
0.211328483452
0.816570231186
0.174690365089
0.649300811409
0.969436501648
0.283764625302
0.52707661516
0.251177316773
0.850231541954
0.74995269458
0.0382924625376
0.258954803797
0.707576144164
0.0535967388285
0.616776889655
0.678116095088
0.746746068031
0.626434136395
0.578641643153
0.0748272426936
0.539073068097
0.248325766249
0.249789408202
0.715924087964
0.0450156127186
0.522236409395
0.44610820131
0.945657295997
0.0542343492993
0.461519456093
0.953101028944
0.558382107324
0.811895096793
0.0991615428334
0.731281318315
0.869112490007
0.736420115349
0.987757782971
0.0540830622332
0.854084223009
0.975374710246
0.906857911414
0.986242914665
0.575612534305
0.906463033721
0.522575357327
0.202580987906
0.303754788702
0.923033955524
0.199465563589
0.0193743014976
0.434028464415
0.449925332526
0.97285705294
0.00807780339822
0.980771143024
0.957981682329
0.125728782005
0.0443678131137
0.34017553883
0.418059827334
0.277558967036
0.0212501056788
0.537390689104
0.297501427328
0.926678173861
0.0247234876754
0.899914585589
0.39176635355
0.888615236358
0.0488694265242
0.848818707879
0.0903851767477
0.964806106546
0.520262805617
0.301952337436
0.218784048905
0.594622829077
0.99106234925
0.985036814045
0.206658220997
0.0580706252352
0.309729927721
0.93518307268
0.414114991887
0.952377394036
0.957585229291
0.5884061487
0.845447288665
0.92528021413
0.367004379405
0.472950430816
0.0336716520653
0.157294451028
0.599668794397
0.638755246796
0.734920199465
0.977680704026
0.808129691903
0.995503138981
0.617701187342
0.67328421491
0.977569028273
0.982438680858
0.466211512182
0.977422847887
0.423431220443
0.178622528279
0.193434739582
0.991852206796
0.332046479616
0.193434739582
0.0301854359666
0.472095409614
0.268507688211
0.161617131194
0.670807118609
0.360396943798
0.10526877275
0.8864195772
0.688671098117
0.745967214207
0.955993522643
0.969832574015
0.155023290459
0.0178587902176
0.235885566066
0.874938446908
0.540420332441
0.0155374764017
0.371741658824
0.761698760599
0.0129966279175
0.00828414928609
0.0968923712024
0.838582680043
0.983179522908
0.97279204252
0.181784205379
0.948298999795
0.194031307824
0.968900536459
0.330252976252
0.875453247347
0.541500150354
0.534981341221
0.148639668919
0.927220607196
0.701711466411
0.513825559959
0.252848323966
0.909773621831
0.819374698927
0.65798063795
0.0749321107623
0.947966741451
0.959474042571
0.106563407841
0.148515530356
0.970266320461
0.632203530724
0.47722313916
0.786866318845
0.0122448468653
0.698600669009
0.414183857646
0.292426438712
0.591026133611
0.686295273776
0.977812099389
0.690150823351
0.943166860913
0.957099296191
0.456473329234
0.645812234725
0.969022132763
0.081082941841
0.942194165786
0.317876331988
0.716026954866
0.173209372366
0.793771640865
0.688828478524
0.0627022324356
0.44970846449
0.163486283353
0.579205000813
0.523838038676
0.132951247068
0.487480191862
0.406856031974
0.00417108380131
0.983452066894
0.214840781416
0.148721610902
0.58776105299
0.224902825707
0.924279150645
0.923987359085
0.536482560567
0.990608775294
0.282226169829
0.00835484479944
0.0966462140163
0.0508521243723
0.923289631815
0.696398020781
0.717365553576
0.728793538266
0.027078482664
0.963618028163
0.931121619038
0.656548802393
0.920602821966
0.0250550527774
0.865477506786
0.255870849226
0.893536260096
0.387499919311
0.607739120759
0.982323167474
0.138467946338
0.164817356165
0.358608127377
0.932064401621
0.299682850877
0.532090858464
0.255832722407
0.970823280845
0.869278170045
0.967079993435
0.029267020464
0.630696788606
0.0650333312085
0.207768256096
0.157631515135
0.721880117777
0.509545138367
0.0549182835918
0.326956639709
0.585372102067
0.0701143090707
0.00919621629788
0.942600016936
0.710306924002
0.685950757528
0.0020412002503
0.878175296024
0.768533795642
0.955243912976
0.920519987666
0.808824456228
0.341004709777
0.948779631778
0.122112813656
0.646713874218
0.0363929799131
0.824626718584
0.0342513469411
0.969695961153
0.126330617316
0.353837236406
0.968600965734
0.0431640645612
0.0293365790291
0.892440796219
0.963208597383
0.430841129307
0.90793665785
0.966991337938
0.834216753791
0.0545555767785
0.545996056186
0.43530518735
0.897645281461
0.395057943683
0.723986622556
0.575651861669
0.343804528778
0.844961741034
0.562332249651
0.883004854446
0.454799443622
0.0339371498437
0.91431216917
0.398698608814
0.839134993859
0.884480292963
0.312184806147
0.535224360794
0.803478688649
0.869835080827
0.0460672000045
0.980287524186
0.935085196802
0.941211088843
0.93383825563
0.995697357416
0.492135240009
0.133758599929
0.0677256842103
0.0578665985876
0.989703478794
0.505681341917
0.399390572356
0.459167536518
0.0725356194731
0.191242761017
0.11185733578
0.0435919293473
0.0763373294598
0.946067896604
0.0107424278665
0.280975554616
0.528899744432
0.597943372071
0.0837463842715
0.739254249906
0.167759504285
0.319518684026
0.101698179488
0.980711840471
0.0079544817082
0.0203516111478
0.447887047121
0.459886662242
0.178212693632
0.0114836608282
0.76902467343
0.244184911029
0.594620568678
0.681350207933
0.935819606092
0.0023427783888
0.666381189219
0.379392212677
0.911747040219
0.0315855412207
0.699365293456
0.168423483746
0.372031275481
0.992707315537
0.0293142820192
0.338874304031
0.791949811733
0.0813280477853
0.20408672397
0.0551947849616
0.894133743727
0.537413310555
0.410822237169
0.371207593498
0.236757758496
0.941416405483
0.757503393378
0.0281422975289
0.444003226054
0.845025221363
0.871171378949
0.121194934287
0.0465250587678
0.617284059252
0.882763529755
0.0114516320993
0.24284264116
0.959952327544
0.388317205076
0.395837242956
0.0921789258511
0.895374347032
0.960454889802
0.675925254237
0.872371111969
0.0523390757467
0.264186651103
0.308820389753
0.581106699896
0.24006994686
0.400197726239
0.961077469511
0.500429709193
0.198776384789
0.460289577212
0.668485457495
0.733486092428
0.854415564621
0.031923290771
0.419587141548
0.96501097244
0.202234611592
0.482958810993
0.227706625369
0.776748674887
0.765945395999
0.251219735531
0.584327533811
0.727978738322
0.31567747231
0.0137106417562
0.247234119566
0.624646079203
0.963317040625
0.929916916307
0.0177813331569
0.924959537909
0.17784356463
0.835836227117
0.558557186915
0.667236139545
0.743335801232
0.981386041345
0.580933613581
0.785270588685
0.981891685875
0.867657367934
0.113181851125
0.51518069869
0.121906675839
0.890037664893
0.203265138783
0.0151278283673
0.0869184870165
0.796741649859
0.103165085589
0.900206272382
0.512129635865
0.983829738436
0.42702953612
0.995105496055
0.00530545575593
0.169018065916
0.793139593527
0.537800043084
0.26774657607
0.178553652807
0.498416727928
0.606101352115
0.915611692433
0.833389823024
0.14275248273
0.0553621262125
0.129573614695
0.733180341444
0.0459060003133
0.0639648359661
0.118736431567
0.0836473152745
0.117105241762
0.499155660511
0.00706036160239
0.00438920432787
0.988589731706
0.958527797199
0.416214778786
0.561234257369
0.96289093685
0.137806073007
0.053220553136
0.00946955059288
0.38416908479
0.0153309162264
0.430056219224
0.72542831862
0.941661544289
0.468570674059
0.786091558646
0.711609410718
0.659569054307
0.142994910012
0.864647660986
0.908876459783
0.755869124056
0.767904884945
0.544823195836
0.0795529366773
0.0498082405862
0.197792729982
0.0531036016631
0.979384658238
0.964788697909
0.746083770866
0.0804026249413
0.448683903076
0.4365777775
0.0747762483525
0.587096386254
0.791949811733
0.759955471241
0.176775332041
0.988867397523
0.573648724396
0.0855626017833
0.033494354609
0.166265735131
0.6244194936
0.739473091534
0.956656726325
0.792712145274
0.734402522612
0.00593299476066
0.895449092668
0.176259071123
0.124294552135
0.0220231324565
0.194640232812
0.79122769982
0.425494460948
0.162347282569
0.0434858774861
0.0991063535515
0.0267677659011
0.987241141258
0.224147675466
0.020626250734
0.480025878838
0.00511549466377
0.962302599414
0.02633705314
0.59715325326
0.913223319094
0.102847098189
0.61829144961
0.949327766129
0.964631589196
0.45368219716
0.902927728148
0.761626999606
0.745764349546
0.317666080674
0.23024783926
0.117839908949
0.146669515505
0.513225247496
0.25008921263
0.629954509406
0.941315005049
0.573650190342
0.846285863138
0.964973645383
0.133154814677
0.144926209178
0.938761649944
0.00327107790862
0.776388493992
0.332776508284
0.364128942434
0.980930471305
0.931209969521
0.957685750592
0.616311844639
0.377614070018
0.932938520992
0.645275890931
0.426084190219
0.34987042787
0.665278245902
0.809413532558
0.768896734016
0.308466634051
0.168025805269
0.903240356467
0.0128409481551
0.875175921468
0.571735333134
0.963070124872
0.543208870276
0.372206594146
0.00198768962069
0.977265367631
0.817621375702
0.61042781912
0.142749341884
0.012201610767
0.41691855917
0.0171307674998
0.676839917094
0.020832918936
0.871934119605
0.164919373985
0.674905209622
0.171847744886
0.439437411013
0.79037391016
0.013497270809
0.290284441613
0.0662136327868
0.501367398367
0.490251273846
0.985904825246
0.713967218317
0.989964069477
0.793236741297
0.343137925367
0.108978217058
0.0249775689607
0.432890956568
0.650143879082
0.0693409638179
0.737668650604
0.23042158095
0.858937100374
0.736732676417
0.450636283011
0.49110025517
0.655632265699
0.96697889509
0.976138620668
0.0942122492844
0.284378328119
0.726348145717
0.41299361786
0.899170734011
0.240687858762
0.862006338494
0.720227706529
0.337236039751
0.394608334099
0.774235362319
0.578919790718
0.44914769673
0.0912430351385
0.888007596923
0.582823266769
0.394644967644
0.667611405818
0.941870348279
0.421716631393
0.150218070758
0.654246107993
0.19735741297
0.98379256289
0.399668959138
0.876780431026
0.249748508852
0.79754713158
0.856155669539
0.109133652221
0.175502509294
0.00324184503164
0.94658415837
0.734920199465
0.866520791723
0.834174544823
0.77287174952
0.125565555664
0.805553337748
0.233614015571
0.2427233329
0.978101894369
0.947358420171
0.799038157375
0.821121731313
0.95294698279
0.75987625869
0.666805219254
0.626182318941
0.11482212488
0.796555056966
0.889779909632
0.24288114628
0.289701258228
0.897209205887
0.896654154933
0.277648134771
0.868549870355
0.197586510565
0.494999038023
0.703367952064
0.972854181588
0.690863999052
0.288125830193
0.85006815397
0.0364831069306
0.248022621324
0.491029354513
0.0646678207533
0.485942588017
0.862686106011
0.650559786429
0.938386910939
0.861055649195
0.275103482209
0.471426662575
0.126931516643
0.554949836252
0.846812343747
0.301952337436
0.584195564822
0.752160705161
0.406856031974
0.14730691314
0.251325687203
0.876232154906
0.843807677295
0.0385725352188
0.292472418764
0.991682810865
0.846581021516
0.256193148166
0.971464082325
0.887628549893
0.983585793544
0.525221092146
0.901556494453
0.926956036762
0.502448036264
0.0398465003512
0.964652308092
0.757269408079
0.271245819335
0.93463475002
0.730866138361
0.916420417175
0.978405407656
0.352630868166
0.867821211602
0.360390106015
0.892301014009
0.936874837947
0.0448825366063
0.990889665569
0.207796471836
0.176381936654
0.753928406137
0.96902664331
0.979459740519
0.718150127897
0.916385254543
0.0227606269495
0.98835957887
0.418684816196
0.0522955215988
0.653394996769
0.923177476825
0.0675916172734
0.322562814828
0.451425848482
0.926385608075
0.0331609992092
0.980680599756
0.0291513170801
0.59638168302
0.877556173601
0.976500833819
0.663249632048
0.972182856083
0.0148105463506
0.301641037969
0.322548005028
0.0468371024499
0.0847586930132
0.470690397844
0.100869100522
0.144159383344
0.928381611678
0.574242871264
0.447701096325
0.475697366973
0.650362856024
0.957230860499
0.664141088467
0.970238269305
0.469082247422
0.685724798717
0.923071670752
0.521185811005
0.591458942952
0.138548101254
0.724672592009
0.427543184832
0.389686125837
0.910270645223
0.614323951673
0.198742155715
0.889230281189
0.206490625369
0.754668008259
0.802178527519
0.0045784510938
0.937888965847
0.504164749123
0.02633705314
0.748975251337
0.0041147562486
0.0510668082865
0.960798204231
0.977565630974
0.329723676933
0.00681967328769
0.0187492266568
0.113276368938
0.797692422974
0.414158722832
0.521316113063
0.761381434755
0.56413885882
0.787778424062
0.991723420466
0.579436171157
0.291998264695
0.00874842801133
0.863274963418
0.760693439796
0.0130792565203
0.0609969281867
0.792130699211
0.995729821832
0.203568977782
0.0182316396502
0.0811726000542
0.446754723163
0.0127456732415
0.0756239199831
0.955887848961
0.814644441737
0.00568267042578
0.789018101852
0.380957956165
0.172121364828
0.512935914076
0.0630638022634
0.594248194921
0.0284962535626
0.120525188068
0.889230281189
0.0358118820896
0.156675689209
0.0977643530323
0.937940687207
0.525706993909
0.754942301642
0.095457485375
0.00385252114749
0.996020994117
0.00672489112099
0.876009158156
0.514841669079
0.657260761685
0.765658154336
0.767378571487
0.726612206209
0.900435062075
0.892113890035
0.963070124872
0.974149736157
0.275253951577
0.852166558182
0.967065022921
0.94813721714
0.196321634408
0.598581467757
0.994480532714
0.711249967917
0.893952126639
0.438298751104
0.866248883376
0.104688321758
0.875384867371
0.0168490906426
0.976686588451
0.022655477926
0.0333001326953
0.780965359422
0.308153773149
0.942734301782
0.0247886776121
0.0183589780333
0.989486302958
0.212845516024
0.512015581528
0.400963703464
0.696351525933
0.173909250538
0.617707986472
0.108037157009
0.04048305031
0.872025344699
0.715293600248
0.0837348932484
0.00165465314563
0.98563319497
0.992604158967
0.748975251337
0.627777278554
0.0626609783787
0.238951508263
0.0349050211465
0.619528450725
0.746966330653
0.196447340008
0.671768108253
0.702226482975
0.325005627435
0.696545529128
0.635605011044
0.973692128338
0.539348359969
0.555412874451
0.932739318654
0.665705576954
0.0318820720525
0.940072282792
0.038241037473
0.462532128219
0.826776189302
0.072504636543
0.862932709695
0.0240559564733
0.839039714283
0.0308612895496
0.730690340648
0.946063060232
0.162219796972
0.863852762279
0.113788460308
0.917571085717
0.572903623
0.372694964036
0.744990289319
0.17859902129
0.0106351607899
0.03353383636
0.80344247109
0.0119574733744
0.922130512084
0.363305278143
0.00670201668447
0.220006274501
0.918154488236
0.226571168588
0.304282007584
0.170773991414
0.456766293039
0.732566685723
0.442468045356
0.317237425689