0.255069756958
0.763905910879
0.064206359835
0.180507954537
0.593601369633
0.243682378677
0.389713342388
0.837070516013
0.0546394158698
0.778527833683
0.267610108668
0.860981118212
0.491163812299
0.494808419206
0.854413999604
0.869562258093
0.7785332675
0.268407987719
0.779529020198
0.352435929065
0.739671753608
0.0817668301155
0.845037947821
0.769394155636
0.126235395267
0.0933925489846
0.130048284179
0.455425404952
0.100275806558
0.729052113645
0.104943579382
0.899586030361
0.596463900474
0.538233306461
0.711710749246
0.469954901289
0.240649001102
0.307097787328
0.736228773584
0.52837337923
0.732276953042
0.0987002137439
0.167564998222
0.930997860585
0.141968224983
0.425405262542
0.613317529353
0.0632146769578
0.118325474919
0.484259003605
0.17669458726
0.11214759166
0.0998241100107
0.414696135489
0.880740891496
0.131637436942
0.255135845982
0.510065945523
0.082134110188
0.920323394595
0.168986810731
0.624444148152
0.13343835398
0.363806723239
0.630989232598
0.0974924226772
0.42161032993
0.263876453413
0.646359998589
0.548662862468
0.848599852218
0.333933368646
0.223921549318
0.435355777107
0.533722453593
0.857226691004
0.53031649371
0.574212243632
0.16031274164
0.0365287920054
0.275427392925
0.0662694076558
0.162962884796
0.645299190303
0.410889987263
0.300690099344
0.505850643154
0.206271949046
0.792263300901
0.650259117727
0.168112445591
0.0494434163503
0.88661757054
0.883288945198
0.231129277934
0.312214776136
0.940860144897
0.702048759441
0.696783613013
0.508824923126
0.579149346025
0.868033444407
0.880127102151
0.292437549028
0.300483621887
0.605470541158
0.274939248804
0.450720906369
0.27802104905
0.859985027881
0.48326200855
0.171725702359
0.868017577887
0.265339704929
0.928894509813
0.655385888313
0.551460884154
0.840140118354
0.932707250497
0.860742794863
0.854126076789
0.897283520212
0.0564235368439
0.599904181927
0.713131497677
0.765421906693
0.730699707391
0.080505038217
0.497697116211
0.870182398456
0.498799031349
0.184080140105
0.264558492592
0.846068111478
0.0866907295273
0.611809791286
0.905517089749
0.326120723997
0.775476711995
0.244962350431
0.89718308138
0.898478286582
0.621055336272
0.888273971696
0.323478242902
0.036532898261
0.179116472728
0.0486134410597
0.397390950524
0.860746092563
0.194967989341
0.184834706069
0.856710812094
0.873745022547
0.252495655786
0.0922764706405
0.798514316354
0.95982680969
0.654452664089
0.436106579741
0.534076340358
0.489434519303
0.750895254834
0.454791735338
0.310038348521
0.498245343389
0.875104893972
0.862515355448
0.151940825284
0.114836737904
0.440291349644
0.336794441197
0.0978464451135
0.647393781744
0.225557830734
0.0924245479519
0.356747459286
0.905477795003
0.500034449454
0.865603367455
0.404786984746
0.527407907685
0.795144259035
0.546911329044
0.177527849707
0.770757144112
0.147420881227
0.0880101783598
0.598495006477
0.837113263861
0.814355963327
0.758417408123
0.0514080058569
0.288175931302
0.835935978764
0.903465301291
0.466952819768
0.8057457658
0.902432133436
0.524256196477
0.724416371915
0.89472396254
0.228321989062
0.157717299282
0.910123171668
0.0764183846413
0.108010280926
0.832875119773
0.0220109810018
0.0722019156945
0.922353953149
0.446424515119
0.539457705124
0.7795041165
0.899781714637
0.16031274164
0.7507483132
0.830928314459
0.635648522892
0.0783540992512
0.560155782457
0.828470518326
0.515796814104
0.114422223604
0.263631501093
0.4434977132
0.899205763475
0.0282526171625
0.834032870063
0.409868851025
0.0385097292882
0.114842855608
0.0935848517251
0.84901269304
0.80512857535
0.604532957019
0.105421461824
0.478795229051
0.269662903632
0.669171750058
0.937056715698
0.67028526286
0.499864406788
0.765208848594
0.0328865022809
0.762742251644
0.0411936793476
0.816159402294
0.761778247868
0.480868742362
0.914323913087
0.94140561925
0.496290578479
0.336209881279
0.0686315842986
0.0931375936381
0.230968242562
0.165254586303
0.289307463546
0.833537307222
0.0850008697645
0.843691208751
0.75417258032
0.855034448369
0.821124352148
0.25163517576
0.704684738524
0.349952449165
0.686946708548
0.852110903336
0.575456923096
0.904570912607
0.39996600795
0.104982723541
0.836253581318
0.233310438188
0.857173982711
0.551495816209
0.507190172017
0.248717374671
0.199123328339
0.582495014734
0.875266962456
0.523279592426
0.622359209756
0.73618148214
0.41399346842
0.784847636585
0.608293911458
0.122645145095
0.87670368118
0.909618821261
0.812911614977
0.112886314834
0.900201535509
0.292781211726
0.846507152876
0.881460702378
0.889279453979
0.824287391336
0.0292069127245
0.410889987263
0.421018048711
0.272527501554
0.811869754528
0.256355839979
0.0311756022052
0.53002410253
0.749795144646
0.0729292089965
0.415371998063
0.162600513159
0.261658005946
0.621576080038
0.425632861413
0.794555835416
0.808802275482
0.158801084124
0.350839166393
0.578105282356
0.496020663488
0.644657671185
0.04028438025
0.714431930038
0.812866804164
0.0593192132118
0.145988543633
0.596544363427
0.874075467
0.42161032993
0.201882032136
0.141968224983
0.867816749652
0.0687151004874
0.821405197249
0.84791299852
0.578159835044
0.831755057131
0.640089955384
0.807601950318
0.894512022261
0.809206589364
0.882940200906
0.0708205990044
0.370993210182
0.166405597768
0.857638388663
0.487033740074
0.395120799686
0.0625239876422
0.519649779847
0.309664967978
0.583658744122
0.0490415974203
0.522756316423
0.756310540609
0.726297483193
0.614955461347
0.127895349153
0.83859814102
0.40415645683
0.83788747889
0.681647691438
0.0624335308022
0.781378032296
0.0557740432295
0.0729250341176
0.569458124732
0.870399478621
0.865315978026
0.145169469467
0.250096554672
0.730392798348
0.315656040886
0.531617939828
0.858377847653
0.786362144415
0.619137822175
0.139258761916
0.306450950677
0.0625372326337
0.499616980264
0.785426942796
0.453006371166
0.114578763979
0.572956749834
0.451113089052
0.275822544062
0.579949321994
0.874517870403
0.804039436263
0.0992694640585
0.164186636156
0.162579336165
0.373453161807
0.408825337404
0.425520594436
0.318261495712
0.690255799923
0.042173184714
0.762805488229
0.648636591437
0.147387533199
0.13343835398
0.600730925733
0.913416317628
0.461180189496
0.825896058008
0.715282078478
0.065091996876
0.0713171611461
0.338615254968
0.436717584872
0.588811819171
0.439987003844
0.0592491320356
0.29213980543
0.0616704364096
0.881407910123
0.871009134751
0.219796548883
0.292403297312
0.600921795447
0.105719878104
0.0304139640562
0.368428051732
0.457397767935
0.288485862629
0.806850039601
0.69177486991
0.0513439299517
0.143180977333
0.820909222878
0.117678579362
0.426744108938
0.810699167562
0.551825044313
0.349212642624
0.256121256994
0.860030921579
0.539139529019
0.706200770784
0.136485862054
0.445895242555
0.699314137991
0.887064143837
0.131040086526
0.538670050447
0.291813928104
0.429837820834
0.375036506581
0.610397177523
0.812166634548
0.694891659105
0.700522681126
0.0653875601299
0.141093124326
0.222175553909
0.094325953308
0.178014458444
0.661252520556
0.819427304645
0.319263805863
0.318874334024
0.0359394462619
0.0615359397178
0.215511172458
0.612894331789
0.776543674751
0.862217970839
0.764966630865
0.714630063683
0.759500833266
0.128067289353
0.305214044364
0.0573234875353
0.600094785528
0.648125113504
0.517408718534
0.846507152876
0.797577198582
0.930766908916
0.0834466779052
0.893159421933
0.404266933597
0.0866842386459
0.118770556
0.189914619245
0.896958452336
0.426034613784
0.136283794234
0.0671276081764
0.900020319938
0.406659470765
0.836975321638
0.819444759229
0.518689110271
0.644828656076
0.64861471093
0.58775119902
0.373441096864
0.216850163533
0.268781922148
0.879114480176
0.782609686816
0.537342455085
0.24834296373
0.888386694986
0.0885162905139
0.0462683441415
0.259675786206
0.237451579891
0.13247370153
0.285482807112
0.0727818656791
0.079767134637
0.0470586632172
0.786308562041
0.826381967926
0.31290129595
0.694624107235
0.385813885705
0.782046598013
0.836902042516
0.610478425546
0.520086544236
0.732677226584
0.768933558668
0.8507642036
0.164325673521
0.834992046625
0.814637280483
0.474323458169
0.738554424525
0.0765256351793
0.911663452968
0.814533161241
0.45884493063
0.38804182204
0.0666459900329
0.143526776588
0.87077245441
0.335354183398
0.861948135296
0.782286250246
0.143248955209
0.473232905712
0.136938505649
0.810498368052
0.0332571574626
0.249832472734
0.0632802292605
0.386713538225
0.517705185521
0.904843897767
0.0328865022809
0.899316243512
0.768330859081
0.932240332432
0.346803289813
0.863570890051
0.167124820453
0.820287673568
0.502306167575
0.812911614977
0.105159138833
0.788527447487
0.428054402846
0.03512770659
0.504669135781
0.794711648216
0.343604812163
0.788225839262
0.11083263363
0.811986545311
0.094325953308
0.0419355340447
0.612172748809
0.030613917132
0.839697449546
0.83039833524
0.89276410128
0.220269975162
0.329611746743
0.239987768914
0.842831329452
0.566757411498
0.0798181293383
0.0681477930317
0.211418142729
0.539817326097
0.541541711746
0.247088910872
0.622757495496
0.736864001014
0.355715705602
0.572594333583
0.933200062574
0.0564496268308
0.545606853864
0.373988830269
0.789814137347
0.343901092695
0.914110952431
0.0482527113398
0.157340700464
0.471493977914
0.0938088465906
0.071261614408
0.611388337322
0.708647588652
0.07351573145
0.628033676939
0.20386432275
0.602602202925
0.39549407674
0.0560097278898
0.0564235368439
0.622876191623
0.850649103427
0.832875119773
0.0893346220667
0.84416008346
0.832458706027
0.0363470302757
0.36122858727
0.92010126737
0.208748033846
0.171092472332
0.874729938087
0.58549562391
0.792822387008
0.106027227013
0.184834706069
0.65997211363
0.555832116536
0.140723076044
0.681374111598
0.935967163184
0.0733037867618
0.816577399462
0.598265870359
0.160060119089
0.438186067382
0.866359707967
0.758063686381
0.433719679745
0.279714109769
0.884357488821
0.586133599499
0.845830688083
0.276531539542
0.590212316069
0.100087667851
0.0950520048853
0.84409209351
0.249698072909
0.451636934563
0.0297760803427
0.797264865013
0.206478022054
0.409976347311
0.881325250287
0.635184158218
0.480424652926
0.0544347709392
0.242178545404
0.592853273107
0.65622048148
0.937030254033
0.72267044985
0.0375745342253
0.312211813948
0.645898553995
0.470057022297
0.0604735433709
0.557727506972
0.0517537515132
0.357557262624
0.839770948326
0.680907665727
0.40304693599
0.417688109704
0.618659655663
0.900304350526
0.0808039363284
0.392032569771
0.136079948173
0.428058677128
0.594486188044
0.944314542774
0.0652521878767
0.718441733788
0.550464150795
0.565723426307
0.567671449003
0.710895498189
0.874178194859
0.0884248289912
0.784241254208
0.410079651034
0.0646218942294
0.291800024355
0.388124922938
0.766872538443
0.183145565379
0.0962200759657
0.159268951608
0.744480085821
0.839241703952
0.289013447954
0.0653238787994
0.351641650902
0.362038783219
0.152779635583
0.521691732289
0.828322032732
0.790216030119
0.136281916831
0.574873103306
0.71071955888
0.222616847868
0.370156146416
0.100080483762
0.487921876975
0.882637802425
0.133872827038
0.194209635104
0.320110859053
0.416207831713
0.558477152117
0.488490474884
0.850867546432
0.884740863542
0.503168829362
0.772521857044
0.323959738858
0.0822191927745
0.100803438623
0.0830976997828
0.777376980954
0.862756900666
0.120961458408
0.928171433267
0.508502351058
0.843488629186
0.204354984667
0.12967527374
0.83700315038
0.419990886712
0.152298216008
0.547274825932
0.0444595393203
0.618749947304
0.224246181529
0.66703460343
0.547094680069
0.326120723997
0.391019426456
0.788480919129
0.594445540398
0.575681475147
0.653123373233
0.163874137729
0.121988196454
0.364890964761
0.307918743856
0.175432722937
0.850758474758
0.859008366478
0.276659645051
0.149065532936
0.122064082178
0.618747524558
0.119179332754
0.486596923454
0.28650038892
0.971853716308
0.0766573252443
0.0471782276914
0.897744318147
0.778048565282
0.631849450357
0.451455739419
0.727248946964
0.612344025926
0.658347529606
0.133044250908
0.253743998516
0.882294153702
0.822421646531
0.519174885866
0.128536035286
0.167391357017
0.821191515457
0.90600168743
0.204634638047
0.101251338895
0.111907077218
0.0953401917593
0.896629204334
0.515683521223
0.0582050922405
0.663879172324
0.40410000681
0.251519829869
0.287928109298
0.847573637896
0.421305621213
0.271887245884
0.478007293956
0.75409099277
0.462685363269
0.748214599915
0.88829241989
0.265294646429
0.856624106361
0.887567865372
0.093453741261
0.287419204246
0.43692218987
0.491473889423
0.922564794628
0.0642367718892
0.447943474199
0.0336068797044
0.507020503932
0.723775572225
0.451636934563
0.806562845112
0.113824065185
0.698700134915
0.938932862714
0.895675000727
0.334059853839
0.546650723729
0.858558062317
0.810750273707
0.0599958461562
0.494080396736
0.343039382798
0.172558230213
0.119689212862
0.208770449772
0.929103637048
0.895183692508
0.424961788241
0.0330944018595
0.609107273148
0.494846229163
0.415216083749
0.881662972124
0.902396697679
0.86455922348
0.278942439093
0.600613906655
0.860220193313
0.873954179947
0.7080457234
0.663795580367
0.820289392662
0.395132602664
0.171788058517
0.0729650352457
0.601488246709
0.0567813972456
0.655576341612
0.860665922482
0.894624252436
0.389582682529
0.924511881916
0.0513326350185
0.450991504227
0.876567654233
0.067195972749
0.943630679921
0.916219832522
0.118325474919
0.766955399654
0.637022020791
0.717591325562
0.648961992265
0.815699976143
0.14007983731
0.923585183095
0.311519386343
0.221124215374
0.212285889458
0.849471733377
0.209282462691
0.752426125354
0.214415139744
0.849101869504
0.0732310053903
0.714591928625
0.423395348143
0.186671597624
0.0880191385972
0.0645985850004
0.0671959838228
0.379011341347
0.820328430029
0.843970681549
0.789296826902
0.474189471528
0.661282816564
0.553805018425
0.160252787123
0.504341123146
0.865910780556
0.608412328249
0.620928064903
0.68279123116
0.054826926907
0.149065532936
0.292977459701
0.228128985058
0.341633787678
0.72811807556
0.665835459696
0.841406357324
0.132511718338
0.0754304302694
0.177577798851
0.105302454607
0.348208618035
0.513930171211
0.774500160363
0.0579019355951
0.705737898894
0.105163886808
0.14243355563
0.268791945624
0.57308410727
0.742318587133
0.227941122396
0.621985846191
0.127895349153
0.859798843107
0.0878718038409
0.064655177575
0.87127408597
0.20126488892
0.0298270400249
0.661460605702
0.299892312014
0.305429635784
0.226090154637
0.0965426407367
0.247306624753
0.191903994898
0.611121340274
0.391237943586
0.553805018425
0.0983605906165
0.816197591014
0.788217636794
0.0782753641727
0.638990611758
0.277223135771
0.859823887823
0.639880859269
0.901947203666
0.0568152224368
0.793933320774
0.853504882417
0.857265709012
0.638325619403
0.240944791547
0.862403927509
0.335258326913
0.747639510647
0.621760540051
0.778904555405
0.376997142629
0.15998518077
0.217798140016
0.286145541095
0.886912543662
0.762884302554
0.5566851399
0.316777126441
0.17458597234
0.856180089299
0.911787159606
0.0675752745033
0.699576265352
0.221124215374
0.817081112129
0.507122916552
0.585948651719
0.650819188209
0.850150114301
0.0709721724116
0.236383501584
0.832234925757
0.727875698195
0.583044589606
0.795316644889
0.630085830973
0.903236369934
0.0449327166878
0.76701067997
0.455188720207
0.873706993359
0.630032670909
0.371040955073
0.836119121959
0.890877838369
0.852466810648
0.835074249965
0.582002832115
0.185696354598
0.515841053842
0.142832630029
0.893223979254
0.111296142181
0.411995610766
0.858599583706
0.476206589186
0.433469672092
0.328659627571
0.682262620073
0.131961293305
0.7704698222
0.352106306153
0.095236708008
0.0635038649045
0.0619496276304
0.575456923096
0.244243421279
0.665158315552
0.881605577886
0.659347658093
0.937408118724
0.0983174436748
0.781931858566
0.713573553537
0.434065086062
0.428689517902
0.33821755825
0.904214711317
0.539986440914
0.370630014982
0.574223672727
0.668458088195
0.207207270789
0.18864098013
0.864494262788
0.783185569041
0.883667875695
0.177235430027
0.194890515434
0.457719047362
0.096150186497
0.325884772332
0.1633192594
0.859011426746
0.0352397031781
0.905054516406
0.762266456555
0.15834299438
0.799775832881
0.786891917205
0.206548978415
0.846984908231
0.80150658283
0.396519181247
0.755010027502
0.788080875398
0.888302865111
0.719453195581
0.130245483468
0.192549902213
0.340924532079
0.709464062787
0.76944778969
0.264537522657
0.0388786136083
0.0484314757628
0.93357258712
0.131233016277
0.363105484306
0.0382546820854
0.140314916642
0.534204009372
0.056221685136
0.339106837708
0.0779923400674
0.924796665916
0.457437500039
0.80936747601
0.674469450951
0.7853802809
0.119689212862
0.918875135498
0.667823845849
0.799293406273
0.813383128854
0.914824279338
0.834945915612
0.333988012863
0.783694781478
0.941027137201
0.774514888608
0.19729594222
0.819535585812
0.0514172642008
0.148598652447
0.439744687779
0.120899623746
0.67179102223
0.0807818455305
0.40689728298
0.280356492857
0.704821354186
0.0285392919311
0.406659470765
0.119627026774
0.237495291827
0.847145567057
0.500409005313
0.0643447675731
0.780323165125
0.555074883428
0.362141643679
0.570182114966
0.342291385765
0.0500203422338
0.451260728578
0.328659627571
0.860220193313
0.146608166623
0.805667040639
0.238320968675
0.0939008761803
0.346374330152
0.48137849914
0.829227265345
0.231129277934
0.672571529836
0.423214588339
0.175432722937
0.0897473911287
0.901656569298
0.853797783941
0.869869831247
0.339665951307
0.617535564897
0.344109540519
0.158551746235
0.432255180659
0.741831720826
0.270163047426
0.511035174021
0.826981368206
0.176745777388
0.308237403376
0.328528981498
0.870160374222
0.0877520705215
0.466725830231
0.280890746706
0.52637588348
0.872095509776
0.0378963531303
0.0843950042456
0.428567316754
0.400535394563
0.0669510613637
0.177243014043
0.160287363687
0.112979390986
0.0960098829067
0.762599088669
0.300164315904
0.431461444187
0.0267498621785
0.164722092431
0.597366330321
0.731652459226
0.103096840295
0.923909502756
0.4147227608
0.524072418228
0.116598888233
0.22326538298
0.0723956245283
0.8815918926
0.0756495963801
0.259656942191
0.529204746843
0.869819750691
0.922714808557
0.254310332304
0.770079931955
0.376723894896
0.52124618311
0.845362329701
0.798514316354
0.388715940109
0.0765918341806
0.881205267431
0.895455778126
0.930310988674
0.306667854642
0.48016288725
0.0571365263666
0.566666786859
0.651325774297
0.181285342958
0.339123028439
0.314150004902
0.130002390021
0.564349674478
0.264296084273
0.734190512738
0.333936340392
0.814062561967
0.922141456086
0.758904654311
0.8143740256
0.838404252928
0.0865593847539
0.402760690324
0.864366008295
0.429601827879
0.136558072473
0.542972138189
0.956481392288
0.466260772273
0.642348627343
0.515594479773
0.504570584464
0.573902307542
0.663996742869
0.0557242278172
0.283061980033
0.0334435111206
0.261935697122
0.061025212282
0.067245916345
0.0912248262112
0.605262468547
0.259067267382
0.525603592398
0.711098433417
0.623940295688
0.886123379486
0.808765931295
0.340876497286
0.335354183398
0.462825255178
0.747915925717
0.182183994105
0.776867040053
0.919258818384
0.94408414641
0.814789829428
0.404127606272
0.893234175228
0.183004799925
0.466322911635
0.296303821014
0.301737451793
0.33533621263
0.949956877301
0.67990490323
0.78309554656
0.874554170477
0.311519873524
0.565963407853
0.697881761101
0.522553952011
0.0998241100107
0.26668307863
0.792405929835
0.51896723544
0.819776091271
0.555857505636
0.0821733489479
0.12078055238
0.913156246914
0.431334191552
0.46635113785
0.790442685966
0.185257125258
0.939797433848
0.441929223302
0.285079670028
0.621235933878
0.12186113045
0.100863495651
0.209814185643
0.881697386921
0.856716641129
0.0897351353222
0.213036156757
0.171404192267
0.83660697965
0.0826281312424
0.0446047099805
0.663284150431
0.496849944092
0.806978770678
0.66770685321
0.634526561653
0.0863713959212
0.695602450201
0.12625220632
0.696806317787
0.0851884744415
0.112089948546
0.621773578922
0.111866173728
0.753770914959
0.921324531919
0.60663901144
0.896973102698
0.803131101423
0.860838264679
0.713353737928
0.113086267253
0.202540034485
0.1557120798
0.824559382471
0.0571365263666
0.124693155786
0.0691255621818
0.540325513669
0.0550773178734
0.8057457658
0.650965943492
0.79553323836
0.889487625566
0.120420309172
0.809018447275
0.0571851662955
0.304809082681
0.674115073023
0.0595463261605
0.468232134561
0.135644564359
0.0964319088102
0.804427475407
0.593396078609
0.134006780632
0.420354165196
0.74175676774
0.927919786914
0.343087004009
0.175378328489
0.733799977759
0.506381508628
0.157782019286
0.2980838394
0.0986957254062
0.670702757016
0.324671182002
0.799873239293
0.909207272435
0.829288154316
0.872419588997
0.388533166584
0.835273751678
0.463234971672
0.874411205183
0.126739348176
0.131233016277
0.887748876877
0.211430365032
0.126235395267
0.654039958489
0.818668621761
0.713302866238
0.786151163717
0.107399639852
0.85799689484
0.782355832347
0.510465378345
0.179150171149
0.223926012249
0.476760134958
0.116285332769
0.0825535575013
0.502446762944
0.353680687538
0.508950273893
0.899416894596
0.168296260373
0.0230275207462
0.773542764603
0.909525162558
0.366977922088
0.463360796277
0.898479315052
0.225494919454
0.502468316158
0.953583816403
0.494163681763
0.215557890647
0.579244284101
0.628573877327
0.294625496996
0.701377213437
0.837240236971
0.816400180193
0.304555174286
0.226141725427
0.823821143701
0.787675109106
0.0482156500697
0.0729292089965
0.0512757750886
0.145087794493
0.923263636594
0.890161355181
0.337100918026
0.653895360292
0.537720380414
0.546546582233
0.074398958512
0.0538648812433
0.61401523125
0.8044258856
0.414399793371
0.840076286467
0.0318037354552
0.879308829714
0.799137492115
0.869256601157
0.77655165301
0.0661561813652
0.436819813712
0.713532589342
0.80000152736
0.559035862412
0.84715592305
0.724377584368
0.579959696596
0.633993312479
0.361515911545
0.863887782509
0.209131299091
0.97072861754
0.858685236901
0.776855092993
0.573248762629
0.212836503501
0.41565268676
0.0701746860974
0.588759842549
0.840479586157
0.182427253802
0.243054268678
0.616827184089
0.523041458182
0.527472223091
0.137248914058
0.284316752937
0.653410781139
0.423350563804
0.613226837701
0.34977284566
0.110970915934
0.579953796208
0.442384579052
0.33761025567
0.906510250235
0.880442814349
0.312301318544
0.221016265644
0.452668258061
0.786650835696
0.941282136093
0.81205008115
0.0950520048853
0.830468032552
0.56641069107
0.863150685539
0.661613471692
0.920767712417
0.135297675928
0.744478255012
0.29971357127
0.109247556223
0.813614879332
0.811267273413
0.768503903474
0.59225095234
0.732510310773
0.451337243113
0.747968105127
0.884475526388
0.115177419222
0.761922914603
0.858060845548
0.11084643832
0.869554131437
0.288280590489
0.269110221263
0.169759864616
0.758135343665
0.834087255823
0.668267896583
0.390259569441
0.82618740633
0.939842797373
0.326315092893
0.804164636784
0.0980359045277
0.836266579496
0.889988527936
0.450503118362
0.909987886406
0.715623964265
0.445727395153
0.646253999121
0.619177538524
0.660973429264
0.136010411766
0.583044589606
0.915122076332
0.241495225496
0.542166221685
0.826667637701
0.0486503941859
0.612481555135
0.851178202812
0.427512053445
0.654266639011
0.51956553674
0.405201499161
0.100993037343
0.863515221876
0.112663710562
0.0282526171625
0.331665778855
0.866775341732
0.219080427058
0.719395983127
0.10138109111
0.0900478963658
0.79091741389
0.877799562508
0.580111696491
0.557794946285
0.458828204161
0.58529022147
0.0829308685073
0.759480854405
0.13442576368
0.859814936273
0.706375290744
0.402946329459
0.0612670654347
0.144960517034
0.941231770177
0.539704391118
0.501724328265
0.449409634466
0.0849173021661
0.235694173643
0.450797972348
0.251082732926
0.131490191089
0.904777585683
0.883846744439
0.0548223437035
0.848166336249
0.817919169544
0.0743023449142
0.529277655894
0.558000590712
0.81272015686
0.723580159018
0.061906959125
0.181285342958
0.447980111431
0.313750364376
0.188851854564
0.808643521253
0.786692358767
0.053104294919
0.259123858604
0.0365024133466
0.778904555405
0.725873578435
0.548893158981
0.838755929225
0.397041448392
0.813880712368
0.714497961104
0.664125876983
0.17458597234
0.53897982198
0.495126370017
0.52578972545
0.177850854083
0.393389947344
0.0900165354292
0.850845316333
0.475406572857
0.872618595735
0.161351709918
0.0493729555006
0.539922340457
0.735703732576
0.0312161751464
0.67780376613
0.457123912169
0.704192193054
0.0594979861919
0.752161802324
0.0500270898315
0.440934276402
0.836838899423
0.566858410016
0.880082948124
0.257059045203
0.82166548164
0.140266681806
0.285390304805
0.414175510525
0.282137327388
0.839574414165
0.268931410855
0.795840438257
0.0881368220532
0.462832194113
0.702032732724
0.434920240864
0.30514924408
0.234316068703
0.906096030586
0.250393317874
0.0550575893709
0.574831509203
0.192693929697
0.692927851551
0.967616757198
0.935883760201
0.581135429424
0.499415948006
0.557895048858
0.914549883953
0.827480076177
0.925082140243
0.510468338818
0.255780406665
0.105719878104
0.920767712417
0.512424556124
0.643814132304
0.911848209533
0.812855190828
0.477758477961
0.773289295353
0.107690451673
0.107715369591
0.774953557369
0.834679790007
0.0580792128967
0.889000135631
0.877138416506
0.53423908999
0.138955508497
0.107663866248
0.176745777388
0.508301187888
0.560907951151
0.881540667869
0.423332302627
0.237298090899
0.648730163918
0.260079822295
0.379704171335
0.684079257
0.809446256213
0.101052870908
0.646253999121
0.861785371752
0.356738668885
0.531280875926
0.199226387633
0.696634500862
0.732269906321
0.120428945892
0.707937106985
0.0637937848879
0.77661695953
0.190342524272
0.852380417672
0.290897264942
0.586365763887
0.447744690333
0.0608284213983
0.238464772785
0.821430189366
0.590212316069
0.883424004148
0.37328307882
0.571772681697
0.87621543593
0.323844930762
0.280357629667
0.089431382218
0.419088601986
0.490394221789
0.130398515055
0.877863332453
0.174290319333
0.466121527211
0.817081112129
0.488520523951
0.872884431998
0.754972266675
0.541825096127
0.565690243268
0.840611263305
0.222126481771
0.0438946996988
0.0882172357587
0.0525151818566
0.143323162748
0.793746942245
0.408638628008
0.761922914603
0.288175931302
0.7882683895
0.0776302114821
0.058336563012
0.0502640930828
0.258811757733
0.484941286618
0.86032745999
0.763873720294
0.43981472783
0.198128349967
0.496135415248
0.750029422493
0.826251476238
0.755042884221
0.195844952032
0.526921369579
0.744944814134
0.793943876916
0.560142743724
0.370812638814
0.180627887145
0.607855664191
0.439118497952
0.771759255358
0.542785737359
0.297639306331
0.885166272369
0.886923691944
0.162880851497
0.255145333539
0.578275828696
0.831814398532
0.844301620233
0.235102683229
0.0365024133466
0.13197968762
0.903868567135
0.30242232218
0.886958331203
0.607660732266
0.0997070462584
0.798381350515
0.302528291994
0.41455803389
0.453090448679
0.885270997834
0.351641650902
0.369424030077
0.535991682364
0.618798713938
0.0248532957984
0.180624044051
0.682820633063
0.96601486709
0.0505074739317
0.0691582507284
0.528150125139
0.331859973662
0.821405197249
0.611252342419
0.589388875234
0.213481516157
0.532612030582
0.818881954576
0.068558410347
0.874249899942
0.909156144808
0.760409510335
0.341538901727
0.0375599714905
0.196529677286
0.342118623582
0.912096939347
0.852799760328
0.951442558621
0.353788944942
0.6426551913
0.851441009284
0.855547296443
0.833946031081
0.269436182752
0.325503190588
0.843887347894
0.150446842639
0.760161113637
0.0314970703003
0.11915317546
0.109728010603
0.831179579972
0.380261551311
0.714630063683
0.88749449928
0.226622137615
0.128916455786
0.593167738167
0.479758118535
0.854175025219
0.843488629186
0.391371640874
0.23219914469
0.531005199144
0.0789557060762
0.307088175755
0.823914602847
0.333641306786
0.103052414916
0.763662448754
0.885961849608
0.221124215374
0.105975429445
0.693504936461
0.865753824815
0.0357544532187
0.885888408847
0.0731067868095
0.750060726895
0.0336015071075
0.555744733801
0.118539262985
0.0852943201932
0.683779232279
0.271861068737
0.7298273442
0.066616573032
0.252325813711
0.0466653235586
0.36323894392
0.090259453119
0.396524419603
0.14228924339
0.811201731833
0.897760487091
0.474239789344
0.768824989489
0.460769733561
0.877978454227
0.223313113441
0.208344641816
0.104067636342
0.908356709939
0.219346188188
0.85688821001
0.166071710302
0.304818207773
0.18109503176
0.85813412181
0.226352608028
0.407780741784
0.140828033881
0.0513376459627
0.284342753655
0.441927340748
0.148500772333
0.276191080138
0.217015982538
0.0911376026847
0.765116011466
0.467965842596
0.305224171311
0.0953418596614
0.715946492063
0.774483525705
0.543965475635
0.148330332628
0.311102946774
0.804348530201
0.16770444016
0.23505785291
0.904275598371
0.66603146309
0.350873537946
0.500893949683
0.377437904647
0.141386148874
0.044652996209
0.0715417735729
0.319039759369
0.799366891371
0.174888441483
0.784386461873
0.0572418216893
0.120561506802
0.173312175044
0.194330098071
0.387633642751
0.408650962847
0.410700461694
0.528287319543
0.587130038833
0.0548487414269
0.103800200768
0.739079575532
0.775977033132
0.119230399195
0.706700380353
0.0625577607137
0.105975429445
0.209456781344
0.5844736464
0.871862092115
0.906627275748
0.594626608718
0.933263756737
0.87973849612
0.514734541637
0.62749583036
0.914549883953
0.940627757911
0.462441202503
0.514644760239
0.634731491658
0.942398509081
0.0683885630668
0.871280255718
0.0799149274472
0.646017814495
0.522073188074
0.912227759377
0.108010280926
0.0675025752165
0.428298699226
0.280535704787
0.294625496996
0.0555279971619
0.765418497458
0.583480457322
0.381513315881
0.922874419188
0.114814084336
0.48164406101
0.504730708649
0.0703902425071
0.122917195195
0.768109711817
0.40915076633
0.0307840134563
0.286054252819
0.886552240823
0.503206975625
0.153732184198
0.657908840362
0.196133830447
0.788176270399
0.169153045414
0.524901597352
0.210045593095
0.115943561575
0.827486242484
0.35529922988
0.851821862087
0.920323394595
0.274801600275
0.0524136987998
0.307773332929
0.796932454802
0.858924323644
0.148745918808
0.929098640237
0.847206252642
0.274890041906
0.769418632467
0.247329045587
0.748875572255
0.0432112271653
0.313085016198
0.692529199246
0.415885130891
0.304869367913
0.833524320841
0.0543165934202
0.240361013135
0.0559384745347
0.456820333029
0.880426320998
0.122176112764
0.87881341529
0.520565674433
0.401682633106
0.31170142868
0.183310324413
0.858739888728
0.875320948828
0.105041035376
0.540134046769
0.90657870281
0.758684290438
0.035768964313
0.679155113582
0.911328510916
0.444638068401
0.0884034308793
0.838270059243
0.914268216553
0.149919150689
0.115538540408
0.0601784075582
0.942169754685
0.301913389174
0.372530542384
0.532859525838
0.90987896943
0.0715167213329
0.862306874779
0.886825923126
0.538118330235
0.926898309899
0.0398825956623
0.39070339279
0.577541298133
0.622857559444
0.368412050463
0.317475296103
0.932902086898
0.736933610164
0.15243135923
0.490115635171
0.554115743543
0.93874104088
0.779238201505
0.890701433352
0.184134142395
0.66890619475
0.77512731868
0.0497096482185
0.74008582291
0.830404188056
0.49000056244
0.0751571677377
0.296199286117
0.270914987668
0.635534045691
0.0732346306735
0.453322871339
0.727873167973
0.933023113539
0.732313186414
0.817919169544
0.908505899983
0.599256393372
0.498102587852
0.26975797941
0.0810539766679
0.1730490509
0.527092694317
0.796831736557
0.0701496222056
0.392117925917
0.576879540087
0.122005715673
0.791820604893
0.90122546517
0.850424695442
0.342324934303
0.892300169719
0.20494915674
0.26923233173
0.187305991416
0.86222822402
0.470057022297
0.411180371675
0.396688150585
0.53764559116
0.162181170812
0.0940432367202
0.41389994609
0.117107831995
0.384419469061
0.760409464485
0.849863705491
0.653410781139
0.78353133443
0.169759864616
0.833735825835
0.602446525639
0.467415634429
0.290475663645
0.713352571552
0.495068382722
0.486357396513
0.805347034888
0.39963805253
0.452343329428
0.262020830299
0.305202114456
0.201464629992
0.375205997162
0.544248638888
0.230943651696
0.380843227359
0.647200752835
0.070201595894
0.085292822419
0.813269392277
0.136850402481
0.783314164096
0.545212549653
0.0644514941885
0.440371977061
0.875988963556
0.820990680918
0.0539165030681
0.102931024936
0.0597269582888
0.333641306786
0.412078352815
0.911356609337
0.243789527325
0.0312161751464
0.779001456507
0.763565661201
0.503898603474
0.854655615096
0.334204772748
0.295132049762
0.099529415965
0.785919441804
0.233358944035
0.701264544488
0.808655179637
0.0714883591719
0.523271906101
0.613101216339
0.0978884963593
0.199735338955
0.243237150837
0.390144505606
0.0944439130874
0.0577059185634
0.214024587044
0.831816486676
0.193625752997
0.654044789528
0.132277406488
0.150371359696
0.624636044303
0.478129284748
0.975767911427
0.859979257505
0.284943534326
0.571238104437
0.840076286467
0.200680744612
0.168708944162
0.281077119316
0.539467271844
0.683096063251
0.0643646356739
0.157512326965
0.434015335436
0.648842197561
0.414040532895
0.295547177177
0.111818685171
0.0940199054315
0.31131923976
0.0559384745347
0.626399364934
0.306790455252
0.113937167234
0.624518719911
0.0578334258823
0.177968413965
0.273566106996
0.975650003621
0.818450380208
0.549715923092
0.0711351640958
0.828548004906
0.413678785585
0.0944802822535
0.850845316333
0.713019570045
0.733521044763
0.592773125026
0.939421694957
0.223267056672
0.311528119539
0.81265223779
0.715852807708
0.266717027354
0.731896084216
0.215980974266
0.596763413825
0.246038858023
0.452028994221
0.815902314587
0.408516241349
0.710686888121
0.244178046595
0.799300636723
0.940915559445
0.292717794763
0.947271985903
0.409092426719
0.786761890707
0.0565473436271
0.383830595864
0.0495714205719
0.0699612102836
0.335405383676
0.72478595289
0.593167738167
0.787891973787
0.807951843382
0.367263547096
0.710301020315
0.589260052916
0.849573609871
0.140764604721
0.579820194311
0.793732313328
0.857497100052
0.523531723478
0.791898606637
0.325295028207
0.155131727416
0.805347034888
0.829743639263
0.755400954954
0.224185504615
0.837615443207
0.817302364949
0.453133481138
0.156176023554
0.527122712336
0.871080293389
0.495554140457
0.125381957524
0.737104210773
0.269110221263
0.715282078478
0.0969463748645
0.459760094537
0.791292274222
0.836945870437
0.0230275207462
0.306667854642
0.0975171547685
0.859046215445
0.925094334631
0.238659874493
0.115441639866
0.426189358291
0.884256387945
0.887863152003
0.909302227118
0.447119593611
0.0620667949347
0.141005684474
0.635094902572
0.930012636438
0.103689383353
0.863364723332
0.662873993824
0.242017827842
0.726923256576
0.229708476816
0.128859956019
0.195102571712
0.125627159812
0.115645678748
0.339016484186
0.782154456708
0.146056455254
0.152814066494
0.5587533268
0.24065836382
0.589970914922
0.433294020281
0.419173018757
0.349020350258
0.702515173387
0.884618560564
0.898763070544
0.194166256813
0.793562024855
0.0927700521289
0.574945644838
0.473587823794
0.357987522339
0.330657346542
0.0498541466179
0.0365313349362
0.592448250069
0.203111522809
0.137864400024
0.921686974644
0.377851136153
0.706757558467
0.305469053201
0.0471782276914
0.848355369594
0.176892571359
0.377485869993
0.755777218278
0.473232905712
0.673813864165
0.559294890705
0.790218470505
0.471717738085
0.618443867021
0.129197762117
0.0502640930828
0.242915063758
0.824273441264
0.936477160881
0.588186963796
0.925532211408
0.828473155862
0.124528718729
0.193949955046
0.834217095942
0.424423374001
0.509503142433
0.920610095074
0.302102679298
0.419601739715
0.10319727647
0.170695160489
0.806563351629
0.897233068039
0.154933678997
0.500096345245
0.0392898948754
0.681171836104
0.936907445046
0.877944300331
0.473933633524
0.867392359973
0.62030033269
0.794445751315
0.740112374593
0.863331796664
0.848398525347
0.395767335481
0.450207037855
0.115816024029
0.137885253561
0.827875035801
0.871408730182
0.342466746966
0.875733221548
0.72639677435
0.14339329108
0.185313564211
0.72084606312
0.675488546277
0.479445218339
0.209619210062
0.836080394619
0.21427327901
0.837276669665
0.525064156898
0.0673708020532
0.44062487207
0.0466653235586
0.747550524569
0.92875451878
0.716107315347
0.353477650324
0.207642795031
0.503393308135
0.119484520207
0.811861985788
0.857865444002
0.169871322067
0.402811986658
0.636271170551
0.0505176079074
0.0731132594054
0.884197395701
0.387633642751
0.401376257899
0.0972491798796
0.856354569358
0.295184778101
0.5489159832
0.83384814952
0.0478923472266
0.160060119089
0.10746013088
0.275322188546
0.0599958461562
0.640859041909
0.542474387236
0.546604071897
0.280907164742
0.388109902858
0.823092148763
0.168412078271
0.554317187176
0.251576710116
0.408722423919
0.058749010319
0.374456985671
0.472865442611
0.301612632153
0.885842786002
0.781672895386
0.789172598812
0.333479280043
0.830726019226
0.155159727944
0.339655440481
0.830745990732
0.840715811466
0.741607083167
0.591552557949
0.107681801477
0.334796108136
0.136291794732
0.865813313713
0.939278067232
0.217961621648
0.937270991024
0.759921001813
0.0675025752165
0.180735045468
0.696633272415
0.318663753237
0.497041852737
0.0647865925782
0.480358679431
0.371944702648
0.919391407888
0.153950956056
0.628817260601
0.495425421952
0.214566418016
0.89751554099
0.94656684875
0.815731359464
0.602602202925
0.89691760041
0.219508105222
0.640089955384
0.521812200757
0.1038094525
0.884874768019
0.346223839641
0.183824863236
0.625803036872
0.681313779803
0.881775540198
0.630032670909
0.328252782962
0.909262435456
0.899763499215
0.674531187228
0.0721782187836
0.948406061774
0.261353562283
0.160694085695
0.380141920301
0.795781473895
0.731932014376
0.132692686802
0.892030706094
0.0997575567514
0.186035015991
0.914807223826
0.770133294889
0.665884121651
0.632768999463
0.729715486467
0.030613917132
0.645356899532
0.0219665464651
0.362472905467
0.349189548237
0.330657346542
0.100547444082
0.620077884318
0.0631324991024
0.942256150179
0.0917837898194
0.357367527392
0.0779199566738
0.719726319806
0.806850039601
0.415003352289
0.148598652447
0.750888735137
0.64459491663
0.057923487171
0.800379012486
0.0694879477751
0.43187398459
0.339667065309
0.0473172365815
0.807835505533
0.730397029102
0.14600648742
0.656021405042
0.0688187173451
0.805393464742
0.139450377075
0.0371514565168
0.920997852454
0.222209162018
0.416546319143
0.349300471713
0.574951199015
0.261191092516
0.926898309899
0.611999207198
0.409439171741
0.840456866342
0.880779673189
0.631996791235
0.536918218622
0.676271014329
0.42746811166
0.864536609716
0.310679483431
0.0615318234951
0.0407478691162
0.186728904739
0.651576977056
0.881605577886
0.365607034996
0.543956552876
0.894725547438
0.370434931336
0.826285529846
0.43627028961
0.621191407292
0.341401778717
0.566057112389
0.146830447112
0.721259718368
0.119230399195
0.0868275813326
0.100491467301
0.0423349913419
0.733908385816
0.661559981067
0.376289169626
0.071837747782
0.40437630857
0.838133597612
0.606769315933
0.848826021575
0.479517352875
0.191127787869
0.489535823548
0.271348936661
0.725838489503
0.314440704109
0.860805321432
0.466725830231
0.786384606591
0.108258705947
0.354198276705
0.664993173364
0.515987805971
0.256132515226
0.494163681763
0.87472700198
0.208770449772
0.698179745423
0.822773734676
0.809289651207
0.101141175217
0.469961544845
0.736098822959
0.723452915721
0.222810081045
0.0967041119596
0.0755108905223
0.617067175434
0.80014120035
0.111733066076
0.399056737094
0.889487625566
0.584641234559
0.143167332537
0.144111008522
0.0501291972944
0.551711311591
0.437470968835
0.785116386038
0.833449056519
0.166900940913
0.890112566534
0.111169291147
0.13115932365
0.304818207773
0.605470541158
0.551939965183
0.311793641417
0.0732678900465
0.892440261775
0.438522351932
0.0778916124571
0.548231603243
0.598690220155
0.676952180448
0.0490390564992
0.842294239845
0.640475769184
0.897353456656
0.44552200711
0.548131710191
0.220894825024
0.769394155636
0.961741249744
0.0480630984317
0.526285723845
0.0370195494203
0.64332631268
0.765575953742
0.0649485664724
0.0833725424113
0.413119579445
0.439863641404
0.826424613565
0.633510216641
0.413678785585
0.630147416548
0.274774536805
0.958430958641
0.490725605239
0.829270519933
0.320620095836
0.533338740577
0.823334679025
0.79572920955
0.685454481535
0.731021113598
0.289307463546
0.90172975101
0.866605660123
0.0607349427368
0.694584983105
0.394763044576
0.240183856598
0.262530114914
0.684761364601
0.166895019298
0.126974245835
0.886019005201
0.111483110099
0.227211150976
0.195188513603
0.280291336285
0.220470994235
0.432349757921
0.128330385834
0.371684541665
0.320964689372
0.356747459286
0.116046851299
0.46543307651
0.515594479773
0.232786734989
0.15859703976
0.241561424701
0.92318149282
0.0657462899905
0.295939890808
0.793998126619
0.961403329372
0.389225021833
0.0366259829175
0.44451748692
0.499889312071
0.102943014475
0.917767272865
0.772407330599
0.627618316785
0.700262661377
0.055706335243
0.682902726973
0.7812597785
0.499290851474
0.156086557859
0.318509554207
0.89444924344
0.111386794035
0.614136970661
0.326336836501
0.687933817349
0.871876877914
0.483856933622
0.372595729518
0.026876631695
0.17913354602
0.818806078836
0.508880236588
0.21104443875
0.736026421423
0.720405237893
0.421686629928
0.0605271052419
0.157089712485
0.83799586447
0.905414559737
0.823241493262
0.0511169310717
0.651779633075
0.566348996585
0.868214130303
0.449820167455
0.0771295265825
0.131249608637
0.46701250021
0.775576811273
0.232028490743
0.0928397940731
0.766232130427
0.74676324408
0.828583266548
0.396532523889
0.855910681913
0.398678155458
0.140273591538
0.913665525245
0.861436902291
0.081275720373
0.504210170722
0.847982178754
0.15918313032
0.130975024419
0.264460233233
0.125153256712
0.824935443386
0.738488340759
0.110313772069
0.94198433693
0.22444341541
0.105975429445
0.24915733003
0.825421369107
0.236890886813
0.133371361054
0.72205677852
0.419338216143
0.844252157985
0.828478636092
0.192693929697
0.441632509972
0.0928397940731
0.84934892602
0.283368055228
0.775287916502
0.156987940982
0.784911058764
0.27802104905
0.0953083605114
0.908505899983
0.49488857598
0.247973742728
0.595800209903
0.0976855227342
0.682262620073
0.669293295654
0.0613390397793
0.611252342419
0.866073539842
0.809161500115
0.0665560790251
0.0408785698324
0.563510385785
0.286595371498
0.720248122319
0.311717278218
0.278919959314
0.508301187888
0.852298804025
0.301294296051
0.636236504944
0.52521861036
0.0813362241645
0.588422352208
0.807384021236
0.78274111728
0.370736645053
0.0308670120792
0.693548031018
0.724051959816
0.0317533804005
0.781296453327
0.874036807211
0.829204676645
0.503064065616
0.814793818291
0.39094116456
0.830470722576
0.479703533461
0.118155699502
0.418395496458
0.0714883591719
0.95924107316
0.599405212011
0.821778998396
0.50470460621
0.314130104418
0.35357194553
0.0700473923098
0.356447671278
0.590419937178
0.904561973349
0.213595740855
0.331099298717
0.323959738858
0.501245904502
0.938228136161
0.0452325754135
0.145038376352
0.575910129726
0.66165135262
0.174334650947
0.579077368424
0.0751505855254
0.639584202927
0.588060681479
0.775267940015
0.0890344109929
0.887567865372
0.782841452988
0.866646987312
0.888235841058
0.113204940817
0.76422089191
0.199279833907
0.96187948728
0.403395413722
0.886678926564
0.0263687854309
0.316874523158
0.354279774115
0.335285255748
0.439350192764
0.723537146023
0.716595589597
0.921140923858
0.782154456708
0.823726924
0.18000647693
0.336215372127
0.762426685896
0.312145171726
0.249430452135
0.53259935633
0.535699326039
0.142695384043
0.436106579741
0.672136544533
0.843331843562
0.534332764247
0.449569520165
0.330023042974
0.0533903279599
0.304125429404
0.0621543051069
0.655298527059
0.220090465113
0.0429507418724
0.308237403376
0.890478221729
0.619748418076
0.537217852468
0.481184785711
0.377487488365
0.4298676586
0.0270701902767
0.749907470978
0.515016263088
0.347659338245
0.749227976057
0.0303693932005
0.0765967936608
0.507413738296
0.862106984286
0.221997144054
0.786957025931
0.845830688083
0.836560995548
0.967147965056
0.610445387825
0.288573546228
0.523366601071
0.0762801764847
0.866590152167
0.180709398531
0.190632032024
0.778821122257
0.424001650779
0.706063586844
0.594384019358
0.412792705573
0.420010143666
0.278891259429
0.385175399013
0.69555415073
0.313022821962
0.588345567156
0.88017181485
0.226762322008
0.18601183192
0.634631040528
0.3949677608
0.92917134471
0.318176274816
0.587570291214
0.17029063427
0.396013409768
0.328851281832
0.182292650582
0.856086997062
0.602820509261
0.146394626977
0.543327080369
0.0707926250499
0.787196014209
0.0665341535352
0.621055336272
0.534670254279
0.657496790182
0.259123858604
0.793474637352
0.874396044042
0.114472646052
0.760260817261
0.265565558374
0.679957234993
0.670335825286
0.197006885938
0.765224251871
0.593673577468
0.194871504732
0.162887863446
0.597262058781
0.835970487675
0.842728232253
0.296853475147
0.177696140411
0.164909861681
0.151831171548
0.774073697749
0.276281080062
0.835934624074
0.457729133264
0.732997525957
0.0432534802449
0.539391402923
0.785165766495
0.737766337248
0.675137418216
0.160694085695
0.481880555549
0.0388786136083
0.0807265475181
0.832260328947
0.711903955726
0.185810536985
0.44502102308
0.0564283297982
0.540606479387
0.414061284832
0.299312631534
0.0800092438361
0.290321307037
0.244248017149
0.56622567629
0.401006992645
0.790723189797
0.364890964761
0.243145440127
0.166505592545
0.166505592545
0.527941960316
0.408663584578
0.089431382218
0.742248561147
0.63235503322
0.1306734856
0.918455291902
0.85688821001
0.613348862438
0.795305792403
0.85138805301
0.312145171726
0.870074420816
0.154988198204
0.477720655993
0.349469734834
0.914766350747
0.558477152117
0.640120144389
0.811536595589
0.266601198229
0.906754653002
0.784012739338
0.170553874817
0.686731022134
0.363414675913
0.788537608631
0.885806436228
0.267914351152
0.881065167551
0.880417461218
0.892565228629
0.0613256256435
0.83495067173
0.688724192996
0.495408491229
0.14228810582
0.436618106473
0.695334566624
0.27802104905
0.403996260644
0.886017197393
0.441649478329
0.510273790646
0.909456191987
0.428313724761
0.87647467559
0.847043811213
0.346339837359
0.0620667949347
0.877138416506
0.806332827351
0.834038486742
0.162887863446
0.0975545959288
0.766442458594
0.562874101181
0.901811608743
0.827706396661
0.83297718469
0.259242592694
0.0617300288945
0.100993037343
0.865072059541
0.892800549722
0.706806659393
0.823467988726
0.0986957254062
0.601377514688
0.15189511041
0.917542190207
0.203711520739
0.303148898895
0.0759499742896
0.898095488226
0.119689212862
0.914657348968
0.925953447007
0.952185505122
0.555841129131
0.749907470978
0.178731870848
0.650203856468
0.888222609352
0.171988239436
0.930996031575
0.124498787187
0.243852823015
0.713900875778
0.130925295106
0.949286740108
0.653410781139
0.632811849478
0.132794440371
0.129990071711
0.52381981036
0.949464154474
0.623820641599
0.57655200519
0.744416998928
0.0869449911459
0.366406642078
0.169400518271
0.880782382147
0.0573294888718
0.0434503545846
0.0983534864806
0.0856967008075
0.54671403585
0.835504200352
0.252223513062
0.379581445607
0.811076966377
0.484336075126
0.728732310859
0.128578480655
0.132394664539
0.83604796874
0.867091913225
0.292705176142
0.191178770876
0.483616345977
0.105824989349
0.0960451983256
0.328233968648
0.874261458237
0.377043181996
0.91720352715
0.79912736098
0.345387543355
0.892332437304
0.921544729373
0.829270519933
0.559980469487
0.834488567916
0.564960689828
0.791623517208
0.152814066494
0.0449453243126
0.72258847345
0.194890515434
0.893491144862
0.757796439992
0.146479030935
0.209232478172
0.926507460214
0.586850523418
0.145169469467
0.768265580336
0.142944284531
0.894154722568
0.270733121922
0.558214043683
0.196767987781
0.176673009482
0.917502329128
0.468048152622
0.0555279971619
0.637655657505
0.561789262398
0.860213025121
0.291022241767
0.58843172896
0.706000208078
0.494687959736
0.828575093493
0.720619187774
0.252689949006
0.738533696549
0.873371118485
0.521167782384
0.0521782303616
0.846311924715
0.372037224719
0.0998241100107
0.828799711366
0.385499617027
0.871920950548
0.284470934802
0.462411727197
0.548217719581
0.111088516564
0.307097787328
0.0578295998326
0.103045443488
0.683736326403
0.228491664963
0.238694848231
0.900638477991
0.0324326419242
0.409698374396
0.841491553058
0.0647773415874
0.384258532531
0.733463088261
0.577817701686
0.77490407137
0.387295948257
0.0824073742075
0.904176855076
0.456267120057
0.0823734434848
0.286687739983
0.339561581179
0.243494250996
0.788404212612
0.676753745656
0.828288876308
0.380141920301
0.579679693914
0.468243528355
0.763014139625
0.800620783992
0.204227530307
0.51389815001
0.137670113298
0.414696135489
0.0709721724116
0.474492521764
0.127371436138
0.929117638532
0.45652750228
0.74959211827
0.186903746122
0.306104237164
0.635380300044
0.105763214738
0.625804174714
0.622413246346
0.0857245192215
0.174958742259
0.186580991488
0.217420819237
0.718284569866
0.0550612891022
0.53375690031
0.22771415117
0.0312020149242
0.14619867002
0.225901134495
0.734714390976
0.268330565813
0.590828273573
0.823914602847
0.23299605059
0.837902775112
0.710459014727
0.473555725015
0.770909079864
0.89077656851
0.0243227155915
0.305743574912
0.939641469178
0.420433619939
0.851450694402
0.0401011106469
0.36142757755
0.2500654488
0.608242404003
0.579598026264
0.544521536162
0.498015941365
0.155352320135
0.548255787062
0.0372310057123
0.591358440238
0.899047555652
0.441028630058
0.068558410347
0.255275843292
0.0922368371631
0.335023942995
0.498239907101
0.788096882255
0.0931717266574
0.710161110893
0.870578352627
0.402932454383
0.88054769765
0.903349786368
0.827576296305
0.810742377615
0.483797755864
0.887156850515
0.182941553818
0.0592782419455
0.494085893122
0.398452219623
0.206473497855
0.925082140243
0.280979252951
0.914997367974
0.317227565524
0.577273346812
0.225557830734
0.947895857801
0.596529637831
0.155649393141
0.178122603379
0.321017008984
0.185544076517
0.281077119316
0.166706187666
0.0822812872549
0.0578334258823
0.102490798887
0.638062495398
0.888416765953
0.353711020235
0.194599997709
0.483943375558
0.886113602346
0.234727326027
0.823030603122
0.787245363228
0.210966343711
0.942086218512
0.457677306145
0.363128098824
0.187869917723
0.233607497428
0.487033740074
0.136217883836
0.862367295154
0.794849773392
0.706700380353
0.523712177831
0.150388924805
0.294516742001
0.52523237732
0.079296013647
0.449543265762
0.510843384911
0.142608853453
0.811373574752
0.07351857497
0.139232340965
0.870147213531
0.336915516954
0.0855094860051
0.746037956779
0.165754831448
0.713352571552
0.24545229588
0.264551612094
0.108725411237
0.329119218459
0.708590117957
0.828715592645
0.418404673629
0.846509089224
0.823971231187
0.244058129696
0.0808716153787
0.88429508691
0.854175025219
0.609221014288
0.635184158218
0.683182436455
0.0830300948227
0.580701289791
0.869578778705
0.159715900549
0.128859956019
0.787891973787
0.466574112923
0.181907778914
0.419301387499
0.461209202206
0.931543764727
0.245280535676
0.84718180836
0.04926677931
0.938554730047
0.177156831374
0.47603129079
0.6289168453
0.718605250204
0.229046136793
0.816845649887
0.0348047145634
0.20478780331
0.701377213437
0.593634814644
0.114916963688
0.603802112107
0.466003907187
0.770801321502
0.773910342502
0.349300471713
0.209465461648
0.913482445555
0.495629668471
0.320110859053
0.94408414641
0.551425130509
0.112464088065
0.729893603606
0.435999530727
0.858212460073
0.295652447529
0.059719768235
0.349189548237
0.820805470636
0.15813952599
0.475803608636
0.505785235192
0.708945845482
0.619321296678
0.959933635123
0.534670254279
0.621362744472
0.854891265301
0.922874419188
0.812297021962
0.423085391583
0.777232266027
0.512111587141
0.256540508268
0.637036498748
0.482258327714
0.312256786656
0.900096933154
0.070868148305
0.550351747557
0.385403629717
0.932826371016
0.462137709272
0.23183575805
0.957707665014
0.759921001813
0.607436857305
0.199794462168
0.486314031611
0.0757820409573
0.722418159343
0.107159595233
0.762998562199
0.152188288882
0.861472344849
0.0267498621785
0.164413443962
0.152123898504
0.718156194348
0.685570595621
0.45370170014
0.0840899442775
0.129175351192
0.499019136345
0.842978154598
0.809044063637
0.0919028075821
0.0986895470278
0.102874270492
0.280688624461
0.836023473286
0.945294256925
0.809778176122
0.416775883107
0.852406138294
0.358524458034
0.052779627915
0.557464570149
0.106980024943
0.678062542265
0.740766461714
0.0462016053993
0.544521536162
0.0648709574244
0.123091556331
0.878518745864
0.190100431359
0.424711077851
0.593848824984
0.854309882439
0.366399283072
0.0816897522118
0.623654663464
0.0372838268968
0.233320417696
0.0753579181057
0.866135004368
0.714777157222
0.123231490281
0.875504557338
0.125472246657
0.567770183022
0.0607961720917
0.731896084216
0.548672023321
0.921785477558
0.641232615887
0.793891600205
0.0586638204986
0.306569562264
0.168179279726
0.848355369594
0.0513439299517
0.521310268232
0.0498472604698
0.157892974709
0.0663960006127
0.435700289142
0.646980963818
0.788121269248
0.203711520739
0.602827236691
0.850514720593
0.591701470077
0.524890721638
0.808391809499
0.0795408186774
0.0329050440166
0.678828802258
0.697238738218
0.723777689887
0.19493504976
0.120347827523
0.624189571855
0.135183668954
0.456349065305
0.218969812867
0.794134165861
0.0917201452009
0.0814780847021
0.325838722228
0.549560073196
0.698841684103
0.473635430163
0.429777814828
0.784847636585
0.0648187750675
0.741076571945
0.785633194427
0.690178964359
0.879571295717
0.263720080589
0.861994708933
0.137795526283
0.942966114574
0.157768184968
0.179773291963
0.570635653854
0.94360180978
0.252565006529
0.42103481068
0.636716933053
0.734004812167
0.209814185643
0.0407406830623
0.352428587989
0.444986158537
0.137885253561
0.225176463249
0.853630817192
0.815145438481
0.550982506366
0.430832178212
0.563306386241
0.456358626569
0.0802582939242
0.743695668679
0.240667009789
0.0971550397092
0.608659435847
0.687522018388
0.892576940806
0.913168959182
0.0478176441766
0.881325250287
0.8798747585
0.669603045319
0.892821848981
0.415906442946
0.186021140236
0.0930419980501
0.37689222261
0.390781164497
0.441441163333
0.168724483314
0.689431402264
0.929800743754
0.873995384782
0.69646745868
0.077966720564
0.284842446012
0.683300813763
0.16581244602
0.637040909511
0.790929355978
0.0925540757803
0.192263057868
0.224608532928
0.570693936337
0.630096709641
0.318205420421
0.808926926096
0.180748301284
0.125304599085
0.265784827531
0.20738479815
0.877339021585
0.221327824756
0.633969944447
0.426560602603
0.812186956515
0.223182346393
0.0813362241645
0.692074405865
0.278088197886
0.0521209083589
0.367607732749
0.863515221876
0.550982506366
0.460711416106
0.661200201659
0.800640253226
0.822133689575
0.043128517298
0.671474665006
0.0743023449142
0.540344524696
0.946320555581
0.502638200212
0.774969672462
0.51385687721
0.0316403270449
0.868919988304
0.109600751284
0.82618740633
0.14243355563
0.125799422983
0.852283677413
0.863368572722
0.608196521093
0.790864552504
0.756484718771
0.11089505671
0.886523175512
0.570284479152
0.923909502756
0.272423321636
0.730397029102
0.320725106892
0.232112642013
0.242387259479
0.821091085476
0.835177175948
0.665508060227
0.137844428748
0.847219293408
0.185171430602
0.127464832255
0.611252342419
0.549496048272
0.819523411605
0.831462852313
0.140766648283
0.812834037768
0.751080195779
0.228923292331
0.45936154065
0.737826311013
0.892489170377
0.354662732888
0.499098966542
0.141647732563
0.0602681276588
0.15144603823
0.477449353873
0.292541084514
0.178131485356
0.0638425312708
0.851772771111
0.607599645458
0.0563487533911
0.942140485902
0.214041689697
0.730247453238
0.47585514784
0.185502280904
0.681110203404
0.280351926679
0.880270670637
0.256113590143
0.799775832881
0.586809704623
0.747809710009
0.467551831031
0.0444147227964
0.537872650102
0.382816310514
0.802521142646
0.550464150795
0.167124820453
0.151928363013
0.585209298028
0.887339135479
0.589926827987
0.927134634959
0.26290823834
0.816891348073
0.125236482622
0.908416744007
0.767357111183
0.336802544532
0.923971957229
0.659227912576
0.0624584583156
0.539704391118
0.604980635398
0.706869167722
0.476016719144
0.896671448593
0.640334549925
0.0320147627322
0.854060280353
0.687190848648
0.867173492211
0.261935697122
0.347035211543
0.796048902291
0.351773258995
0.0892609997669
0.0691255621818
0.0714866463708
0.0933043062601
0.802031340075
0.914323913087
0.731536605242
0.0592038196349
0.509125328685
0.847328696947
0.73355312055
0.185744446396
0.112089948546
0.295203677066
0.687046079679
0.171173484207
0.339577451979
0.0572418216893
0.160584632533
0.745301239483
0.886857162934
0.384028808103
0.80972037672
0.100216094772
0.681825116922
0.70426415067
0.0385097292882
0.0510341798943
0.360475355402
0.757372144454
0.122347978063
0.232063151068
0.131223099396
0.79741162862
0.0282126053705
0.610814800155
0.0954050450482
0.341633787678
0.288310581211
0.731932014376
0.52942860911
0.772730835971
0.706721945852
0.809273442929
0.0798780193613
0.748404971856
0.0466653235586
0.265523451673
0.636271170551
0.0502640930828
0.60083971463
0.903480421769
0.419767367252
0.612281213566
0.247906043176
0.402129123544
0.679075973687
0.489980559595
0.499656410474
0.514035527951
0.0521662907546
0.182582745818
0.698841684103
0.703739182319
0.706151955764
0.51443249966
0.657754064241
0.725555865362
0.0816270251908
0.0703258316729
0.947752089705
0.0389795027806
0.851057038401
0.384395479661
0.287281093971
0.852225710729
0.830051387958
0.191106958911
0.0950520048853
0.505399473507
0.902812014117
0.80043282625
0.796260806113
0.252733273649
0.261392047595
0.729009985751
0.518620503145
0.32608947426
0.393279181766
0.152623434232
0.804814967154
0.865062749444
0.917786809168
0.743484184305
0.133412793379
0.954594259073
0.15469429132
0.238694848231
0.615512117594
0.327091653974
0.211767707426
0.665981548101
0.851180310294
0.156656264375
0.559486376595
0.167466848551
0.879888374157
0.95982680969
0.33615263647
0.14295642449
0.425115404713
0.836253581318
0.115947125374
0.791905385282
0.0557242278172
0.132757968281
0.092824479166
0.819548842683
0.51410940429
0.0359394462619
0.136455824626
0.397128851027
0.635921248861
0.773241344828
0.571486781015
0.900336200532
0.293893134701
0.809161500115
0.417921796426
0.558784784142
0.83937355242
0.320290106106
0.691907016839
0.070201595894
0.659424446536
0.883955803253
0.426068918235
0.942256150179
0.523495608639
0.963189834969
0.380261551311
0.808241718496
0.514526361199
0.862412796262
0.692245188302
0.835412790313
0.226915408871
0.912997217768
0.831381742716
0.407603560732
0.821191515457
0.909465700143
0.77529680719
0.528770223521
0.0531755445472
0.399391234123
0.795857703079
0.830065841334
0.256751113305
0.658745285044
0.899252052282
0.596944409646
0.745852535162
0.877693472892
0.623960727561
0.0435803232804
0.704452017149
0.387219756149
0.797719266829
0.133872827038
0.708979102698
0.532050761323
0.845830688083
0.774314011916
0.176920622021
0.906329857449
0.760263392781
0.397390950524
0.49159096906
0.902279341516
0.26698581903
0.601160504892
0.294694012989
0.234341140689
0.869511223512
0.158756522856
0.901633384056
0.185268493622
0.583468645521
0.190225955158
0.915336462497
0.461494615309
0.885175194765
0.114486079529
0.388393845171
0.26969378697
0.287487722615
0.137705581916
0.879442629669
0.846548385056
0.592448250069
0.794849773392
0.55831955107
0.79300195957
0.115739553686
0.0698703708879
0.0852207246971
0.102716681081
0.739605586572
0.104484557359
0.106502895594
0.0797417957927
0.151295865953
0.857819712286
0.382989340425
0.220660636595
0.123559042275
0.828531119551
0.232804327025
0.539467271844
0.107232955191
0.0819919771458
0.251884588066
0.664712470255
0.38481232375
0.854163876726
0.602790464657
0.852783612827
0.147969642037
0.520372940358
0.551913363381
0.324235375366
0.788480919129
0.101564988949
0.0641096199083
0.7027071927
0.835800976958
0.579244284101
0.6242705445
0.868816939524
0.613032945122
0.121252482009
0.813956866406
0.202154013679
0.579443460051
0.104046282628
0.0702281804204
0.432210227294
0.0535767073764
0.728707377726
0.758400917957
0.375049108625
0.0681361339778
0.833803732321
0.575913770966
0.584972523288
0.0598688919712
0.863227618759
0.743472614658
0.0629277970288
0.130340742063
0.345282314421
0.844103406522
0.42783841854
0.0882422931107
0.810216931294
0.0507663303199
0.233771659111
0.267264915125
0.795476891489
0.718284569866
0.602996396546
0.891123221352
0.860805049117
0.136017601385
0.072615842992
0.103623785274
0.235016042591
0.394186988781
0.229595968497
0.156901114624
0.490298610979
0.163029825423
0.343086814908
0.279891943408
0.729333470288
0.405600145051
0.149756209853
0.69555415073
0.367154592218
0.0828449991872
0.351621165593
0.196555226948
0.281342050898
0.0733037867618
0.2958787909
0.703358004255
0.812666967098
0.386003350522
0.502871164064
0.197053493618
0.488403821464
0.773249502501
0.80756890271
0.545159724448
0.617432199477
0.814270162848
0.089431382218
0.6202168474
0.0561687357264
0.305891195437
0.841809280504
0.6035630039
0.797409481565
0.301919012176
0.543277773376
0.0398768925079
0.0300282722817
0.457719253386
0.472874809025
0.655385888313
0.319372013063
0.936771737188
0.0441855563171
0.566204040106
0.629315388567
0.760921089966
0.671263529018
0.298580628785
0.111978074466
0.923735764008
0.738920211201
0.948451445997
0.314023135757
0.385114984215
0.333959946383
0.943336477888
0.237762183626
0.754829524004
0.447889841309
0.171404192267
0.0982938996339
0.482060065976
0.124668346544
0.339557366372
0.814298470283
0.0866873645902
0.895837206399
0.129989975649
0.902567056924
0.870578352627
0.733993170607
0.0794216682549
0.442787476668
0.873475638824
0.360521775117
0.308950768329
0.31675381236
0.284483249098
0.252223513062
0.100529378245
0.812108439991
0.670367005586
0.360719052473
0.535314225431
0.904869523417
0.347421808996
0.610564719248
0.59280811747
0.795333925857
0.639181410011
0.728865218096
0.558263816245
0.485121642803
0.393011173004
0.940352697871
0.419399967907
0.647254217677
0.505673173536
0.864641702515
0.347071662898
0.843459791403
0.146721419876
0.730710878103
0.490557688013
0.783185569041
0.869032533933
0.835857551367
0.962074686859
0.863368572722
0.854490041009
0.570255004104
0.486303299389
0.500404589516
0.750045893984
0.098737332742
0.125392485874
0.0964319088102
0.235858992219
0.912564404219
0.505691223264
0.647602472318
0.668896904224
0.695785099734
0.125859688972
0.8546523527
0.836587845421
0.747347713721
0.803240723962
0.171132417939
0.386761943603
0.0814510829816
0.0379379428814
0.175699851039
0.125475078144
0.662916077616
0.664333425856
0.0474744404408
0.0624335308022
0.51956553674
0.357305340212
0.546717439052
0.727534559837
0.934024547183
0.0746278008661
0.860697282994
0.62423970819
0.0609510835543
0.629445074187
0.100713762008
0.864655351388
0.152018989153
0.690947425307
0.747505270975
0.78202192846
0.381460871184
0.0890243816943
0.09469059168
0.33395246616
0.132410805543
0.934899388014
0.681924353844
0.457729133264
0.0442348151341
0.0522452320875
0.514351587323
0.300119860668
0.481567189025
0.345677192067
0.190296316146
0.27868689968
0.056982952151
0.220147082757
0.87130377818
0.486728662892
0.0608284213983
0.939840224441
0.833059407455
0.600904615117
0.190553588756
0.812472290305
0.717938678128
0.804283470498
0.761045759966
0.251940526717
0.472553672891
0.0999947180602
0.0449934595064
0.626929185446
0.132829887304
0.566396499641
0.884603702259
0.480006106095
0.700069731861
0.68224232921
0.295231606964
0.265286072324
0.319708526045
0.481517741981
0.249473272769
0.312790446166
0.672774123717
0.561345907193
0.713570056635
0.623824183432
0.330579278611
0.552798035907
0.595985294075
0.330953281807
0.810207315762
0.394745338655
0.28710673792
0.841350249508
0.0732153139976
0.836361476109
0.793586618727
0.199809987754
0.84206204224
0.666363670107
0.764432841844
0.361021616984
0.0971270384995
0.213473982046
0.26392998273
0.0437808730093
0.499020046201
0.471262048476
0.273313882664
0.495451603511
0.569183791375
0.668979533958
0.739015821368
0.75888038991
0.414979302024
0.312339744282
0.0561629151692
0.296569024226
0.0653361839259
0.903018616
0.0890723799278
0.1964808902
0.88472227546
0.421752752597
0.898763070544
0.565919606919
0.202352451148
0.32812211388
0.904274117373
0.851153593719
0.697134857635
0.0781814644209
0.0710989095071
0.796939486357
0.808510686406
0.751259996676
0.758417408123
0.383138541909
0.676167304083
0.479557384765
0.53845468007
0.612262291369
0.235241395483
0.891595204213
0.462137709272
0.831898452329
0.0898299221102
0.901699480192
0.714875471873
0.412300365414
0.385862914712
0.544660644903
0.414403890776
0.746892680778
0.258407288479
0.26453862428
0.491507334976
0.308642401423
0.490669227493
0.104027998436
0.716190663635
0.92397972379
0.867939381956
0.833180279367
0.830915561373
0.443118019077
0.943497409108
0.186489152456
0.27567963253
0.162699437751
0.721313070699
0.818739020975
0.212421092153
0.8309763912
0.794211777662
0.874112601155
0.865836463532
0.804030678175
0.912292742078
0.930683319006
0.31761153146
0.586425899986
0.811861985788
0.907030298404
0.115197398176
0.0888734134533
0.13630752021
0.359498137677
0.829227265345
0.0478923472266
0.0473724497194
0.646914882393
0.911840153508
0.333627504937
0.616751408165
0.291308375018
0.396864707353
0.101852916637
0.130826231222
0.434637857229
0.296600759337
0.587052258222
0.751293825578
0.632935837095
0.427596965696
0.229630300286
0.140509984672
0.236536097276
0.904408771445
0.920011849028
0.479703533461
0.892030706094
0.282524759653
0.527794490666
0.925640246776
0.70690632085
0.0838871479555
0.872471319526
0.294764684476
0.296748404688
0.445970987478
0.390477058764
0.15755612627
0.0625207816304
0.232099305539
0.524939019167
0.850512368705
0.875617229183
0.555805978138
0.610404533436
0.316429930403
0.390273382387
0.188091817359
0.17730220469
0.784283253697
0.911596819248
0.0359385522165
0.43249272744
0.312294474067
0.105983006081
0.806222189311
0.642439008255
0.902797451028
0.410889987263
0.306737353427
0.0763927255389
0.0814425327241
0.492194121649
0.164930968208
0.484651503323
0.941393175222
0.731536605242
0.459397911542
0.734366635319
0.7034104087
0.947202075881
0.0750890221131
0.850917814811
0.412857537558
0.195036163107
0.357569606634
0.356035312635
0.329611746743
0.681110203404
0.798589721625
0.911669204804
0.310840759937
0.242391014111
0.0530882280938
0.257176498299
0.118893775716
0.822025747287
0.780293935863
0.936807906492
0.637655657505
0.81965542026
0.943527460631
0.888271663009
0.105323956597
0.181525618485
0.670292203663
0.664454561337
0.562743685712
0.0868078402086
0.451695372855
0.583474979927
0.838356940988
0.145248935328
0.58656529872
0.698564017812
0.847686692165
0.0661561813652
0.795108511622
0.625113982441
0.929243074068
0.544983756828
0.664477211287
0.840688126254
0.412439710604
0.219723947583
0.411626078233
0.712505144102
0.465139817331
0.771497494328
0.878812639097
0.0821095544354
0.221638837791
0.854814570719
0.212533360821
0.294915823553
0.898095488226
0.484444791827
0.115061946142
0.833559104921
0.629090503638
0.417646836384
0.916494296807
0.918112729538
0.422550771097
0.625115564812
0.12794474808
0.921591466113
0.49159096906
0.497697116211
0.372419398528
0.0397704021334
0.694353226228
0.0904802348019
0.709079162808
0.264613376254
0.892565228629
0.722480221018
0.189499040965
0.840028393518
0.760161113637
0.0606095822817
0.337768312811
0.788943330909
0.680602531163
0.0430135464494
0.672107930817
0.919453148412
0.0493683554597
0.545065374665
0.128230762334
0.624763212339
0.803386450636
0.204078879385
0.392020881419
0.808136761003
0.0990179386478
0.734695855178
0.754042471945
0.344432497349
0.303351612617
0.860348648055
0.0729934301508
0.868819469899
0.194355432811
0.781453992791
0.267942251768
0.829837010584
0.17626504454
0.820590232472
0.564021222279
0.0657304915312
0.190903998756
0.873386298096
0.86803286859
0.64288981783
0.416922281217
0.545606853864
0.221857514848
0.0750583431959
0.0717708154145
0.471044087888
0.814860790434
0.922141456086
0.856321172507
0.339170945235
0.124940929703
0.193854698606
0.797708611809
0.469362227886
0.311661957499
0.786957025931
0.649973411304
0.918365330735
0.0928918644336
0.258205161673
0.582523356059
0.0965426407367
0.431733691485
0.168412078271
0.688998531648
0.280355358062
0.287575883383
0.411202886055
0.919714222459
0.281879268624
0.815301730448
0.377675634944
0.0979913445429
0.538584366416
0.170919450965
0.641053674298
0.627620917226
0.56410472216
0.289551469553
0.582755698607
0.428600079488
0.0566162739228
0.393307254197
0.447518534517
0.63306581837
0.95924107316
0.0612297317201
0.819076071379
0.850779868757
0.130832744488
0.66841012497
0.668572542219
0.0841570549857
0.034561408046
0.129119849944
0.295961706828
0.146450239295
0.807951843382
0.446812295689
0.124934916498
0.181603618844
0.478135472277
0.962981251321
0.191116805462
0.801211277789
0.37220995811
0.0810774026881
0.843887347894
0.438443392045
0.0608284213983
0.0848371290263
0.53071931074
0.851586160442
0.694891659105
0.49405777667
0.276395270448
0.480358679431
0.262273315739
0.386906283669
0.0765967936608
0.774374449581
0.0570088707907
0.868726364964
0.624636044303
0.367154592218
0.121598335253
0.063711423363
0.0592782419455
0.536863567125
0.346666984289
0.25665023204
0.73870833237
0.702554362972
0.714707597438
0.312294474067
0.361205137502
0.324701935819
0.195247234496
0.925748661152
0.34928421641
0.810414723502
0.902039228744
0.254944041458
0.844519410205
0.579949321994
0.60863831387
0.0893498216311
0.139583831262
0.829917293981
0.057674059256
0.0655994248499
0.527092922177
0.470891220194
0.543124008245
0.399061934767
0.20532136145
0.212143920902
0.246021383848
0.140539458872
0.790315184867
0.386837478007
0.557006067309
0.116280582395
0.377586633388
0.294915823553
0.789942710297
0.831343669884
0.125269912966
0.430238861189
0.791820604893
0.048295467633
0.359397329797
0.299125111902
0.776835994143
0.892816945102
0.864478343883
0.412439710604
0.821600852002
0.867939381956
0.0987051287964
0.523471683174
0.243985014943
0.849059186697
0.166739512657
0.0894254876303
0.281214084418
0.0795939935234
0.695785099734
0.54607950307
0.0577059185634
0.119299429018
0.37749294643
0.493642332363
0.944952415155
0.241614413515
0.455095293305
0.964663716156
0.957188888219
0.873402824453
0.171611559328
0.045908810699
0.615973259351
0.248403363062
0.13858911626
0.878061457805
0.0991430754488
0.793558068201
0.130862906178
0.562911147181
0.299608590382
0.613904672982
0.124452290257
0.855585281388
0.822712146851
0.429234287983
0.10367905395
0.0824559028019
0.388341067411
0.13134025787
0.938732793684
0.193565759992
0.367921418983
0.0522465098105
0.816499184907
0.633463358551
0.286065977636
0.81272015686
0.736075807849
0.690428702537
0.236503746056
0.449390920405
0.787108166828
0.246689845037
0.795405959112
0.932851863441
0.889568073483
0.460431258435
0.127203722499
0.903180466346
0.117065842322
0.228640899569
0.202598576234
0.507190172017
0.392978631011
0.18509855936
0.813515554319
0.0596496417084
0.111386794035
0.857680819615
0.795857703079
0.885678385363
0.560446408227
0.351161627968
0.452508810401
0.210848188508
0.760916854738
0.621685615931
0.806024156626
0.597185880894
0.6035630039
0.759794519521
0.0697706108915
0.172694427999
0.0960572688938
0.562554013458
0.473443435333
0.837485850222
0.0715955107246
0.779971876879
0.0508269199498
0.0365313349362
0.883334397539
0.440555060107
0.21389686305
0.685316190153
0.14625726198
0.840611263305
0.165668647893
0.704099278326
0.781735586805
0.826224722904
0.733463088261
0.379452668614
0.241000314432
0.133327743472
0.542456035078
0.11826613075
0.107848478333
0.460654577479
0.131394237738
0.78275414019
0.035209947098
0.349398726961
0.880086444425
0.449998731194
0.774133038227
0.111875868622
0.529255029309
0.837702739257
0.664174575232
0.0899098754044
0.898548093453
0.852409745477
0.879968863079
0.631996791235
0.812021188181
0.402955108988
0.323959738858
0.169400518271
0.257332586783
0.290416017358
0.76869296921
0.164328173538
0.906777642678
0.276531539542
0.832377184972
0.819796315706
0.0927111939664
0.947359464689
0.0890723799278
0.128794048664
0.788455053866
0.875814114216
0.558905615215
0.908265378668
0.130364846389
0.490471891111
0.105263646347
0.116428558572
0.396086378866
0.495408491229
0.476653868687
0.83745216623
0.84137321474
0.0487521342213
0.111296318493
0.74813178269
0.0976463341276
0.931881019617
0.635481725113
0.71329259413
0.0571851662955
0.771272367713
0.580237583451
0.562005262873
0.113824065185
0.83045322133
0.780032168981
0.150781138968
0.726492914457
0.488387182736
0.774957098145
0.13681513886
0.254285947108
0.685421019994
0.18554054673
0.87807466704
0.357513229114
0.407697129289
0.116488816212
0.550177980152
0.245316799598
0.0751571677377
0.474343235545
0.0515761573551
0.110473145792
0.45211750949
0.204532075423
0.876176616807
0.119335902889
0.789003301678
0.0572418216893
0.521756085338
0.629207547355
0.182381981617
0.93536403016
0.0476878839384
0.811428077462
0.263083868199
0.485121642803
0.314991913076
0.232804327025
0.515389958816
0.869617533869
0.170737234702
0.751065285164
0.111493480218
0.316865486901
0.630032670909
0.306757177916
0.41338476612
0.811444555799
0.10780706287
0.688608629426
0.35529922988
0.461101794725
0.116847423857
0.229313826678
0.890615932722
0.638979874797
0.219557295391
0.696043777572
0.0993325485293
0.737969738327
0.944952415155
0.589944648716
0.659344854903
0.220406017616
0.878928678547
0.594075497328
0.664247058481
0.275421424508
0.573248762629
0.280355358062
0.748164324427
0.869838861835
0.464610252793
0.85077681261
0.210158196339
0.540244683149
0.26676484036
0.141093124326
0.355127366447
0.348448016478
0.247818302277
0.631226333641
0.558718629901
0.847916744844
0.288909447392
0.367894993438
0.574093959512
0.192098290783
0.0730591792914
0.182582745818
0.248395716382
0.104557660374
0.338426923264
0.85630509425
0.566757411498
0.259856449564
0.334042893008
0.0820738928977
0.528286482814
0.382293963671
0.882224835715
0.22985275614
0.925497118436
0.125394274652
0.844748289119
0.885333070858
0.263940281958
0.177247289915
0.794249075467
0.147453131462
0.666120393061
0.49405777667
0.85709687015
0.42107770517
0.81688760309
0.753508035575
0.355190392663
0.640034744851
0.748041137257
0.806668666176
0.160631167367
0.762805488229
0.387135107433
0.935479088696
0.547421042806
0.77733830579
0.565252308182
0.111912586015
0.420751775499
0.287317279818
0.904287932861
0.409048320041
0.638944561577
0.242344308773
0.852170132454
0.861412681171
0.435086252921
0.886798762869
0.536770408504
0.0922764706405
0.462819094485
0.139617467173
0.068558410347
0.865727098444
0.783154364373
0.893293267901
0.107681801477
0.479856548264
0.2918741982
0.308430250814
0.473952669895
0.824019702271
0.111436728017
0.257450509124
0.0896015450187
0.0674946062713
0.908763996141
0.936907445046
0.170113191997
0.0960521761485
0.260730385156
0.888318636241
0.228094027462
0.908145597647
0.0329050440166
0.875264894823
0.85814062741
0.191387348202
0.0825998567004
0.792584439991
0.106621557118
0.518689110271
0.845397475327
0.414830778547
0.730095118383
0.893670835862
0.655802988221
0.825541423765
0.328659627571
0.105964527194
0.82166548164
0.61741769488
0.649930462934
0.305650350689
0.432099959535
0.686139317903
0.0316546796842
0.310592571901
0.140177532638
0.8978151414
0.787052330652
0.492615440187
0.232342901797
0.252689949006
0.620453211485
0.0969012056249
0.707043560147
0.106502895594
0.873434758227
0.539704391118
0.0816177292612
0.40437630857
0.314770066539
0.948396555512
0.407096419801
0.829748546892
0.503741529578
0.692074405865
0.407089846485
0.524731831917
0.789839708325
0.593909906929
0.0928098916173
0.786655399711
0.776547451395
0.109393964216
0.26695001861
0.371853642031
0.0912842932766
0.194176035013
0.813383883164
0.570663917936
0.850823820951
0.905089692116
0.3336462599
0.389012354243
0.182427253802
0.624941706486
0.487991587438
0.13332356092
0.24531718765
0.570469216073
0.143943683844
0.660223498782
0.481478018419
0.795000165657
0.635184158218
0.512084579454
0.186517858528
0.370003465886
0.25162729524
0.260765585147
0.591894350804
0.09159759119
0.499838953342
0.206238196765
0.86813580486
0.164012529231
0.439886399377
0.884786919347
0.216908733829
0.692729167574
0.49510064746
0.659424446536
0.807648580494
0.645086274528
0.926221658614
0.127641884076
0.528026385476
0.935461595022
0.637232937354
0.929284210096
0.526651541387
0.820759114371
0.404945091724
0.309935648546
0.280632975772
0.846296333454
0.111415283248
0.0699940020838
0.325765970455
0.368343661584
0.880882450249
0.0520754043994
0.910672365822
0.83370119103
0.143142001783
0.111818685171
0.305650350689
0.786973226165
0.24141110738
0.0555557747594
0.254958226307
0.390987037089
0.807384021236
0.0713277122814
0.828478636092
0.468153448776
0.830803946788
0.0931440282731
0.890604400763
0.127990777488
0.753024273601
0.287357347474
0.479143134452
0.198751514925
0.67339491389
0.948978645987
0.894348929124
0.420877153265
0.0621843509274
0.289269148666
0.856456498683
0.435755961216
0.891142645656
0.867942469209
0.401006992645
0.70171571438
0.818116394109
0.259077973878
0.351060106778
0.135871512874
0.153998144341
0.700279056494
0.610080063907
0.502767434006
0.878066439203
0.70441618112
0.935366473949
0.53050641972
0.732276953042
0.820763076899
0.88362647056
0.474085093828
0.915122076332
0.403351078663
0.257621356154
0.359084013274
0.920512259883
0.27154184725
0.359084013274
0.0762801764847
0.410935798687
0.304818207773
0.127201045585
0.517301097515
0.360069845966
0.15338746234
0.849839927977
0.755160210242
0.487512217161
0.914766350747
0.894381632977
0.168831829281
0.064306599574
0.213429378333
0.830851787952
0.511720537557
0.0412477921471
0.647887079688
0.611270113306
0.0546798223839
0.059304862026
0.12625220632
0.818131618906
0.879582445862
0.887567865372
0.347128492586
0.896473251431
0.217550987091
0.879011524636
0.154644252535
0.708618959203
0.342877858425
0.387520439492
0.292403297312
0.822335825754
0.500132645959
0.268947152693
0.365307357487
0.803218353083
0.672327769756
0.664477211287
0.190705374503
0.836902042516
0.868035931043
0.221981414428
0.196730483941
0.897022363614
0.417894638534
0.481220423729
0.644296555372
0.0436557899839
0.70920989085
0.639889850457
0.247989127198
0.705997162589
0.662787986402
0.903104172107
0.375715100493
0.85814062741
0.852283677413
0.473494554642
0.692303761604
0.855083757565
0.154185404207
0.887856434423
0.295769647902
0.702906964814
0.211773083425
0.756549322179
0.752375475437
0.124452290257
0.219182248697
0.27379487786
0.312459397688
0.518589547345
0.29467720997
0.360521775117
0.637889541285
0.0549508179105
0.9258352813
0.283368055228
0.190631590741
0.633362556985
0.188326166093
0.777125277351
0.844630422767
0.884767852375
0.896683437283
0.373015163516
0.045569844216
0.13556980076
0.0971740120019
0.87712256155
0.575055809087
0.684173168861
0.565428496662
0.0953279604701
0.875817667001
0.756161421559
0.691419074522
0.852807400712
0.0564235368439
0.833524747657
0.280979252951
0.826224722904
0.54029387621
0.395845039871
0.93041623162
0.378530153667
0.135380258755
0.348106267767
0.86879859792
0.384413104617
0.391794565661
0.432995814928
0.844136759436
0.743362814646
0.88324295471
0.0474237828313
0.425081636296
0.100708597941
0.374854929757
0.211569782759
0.514043686054
0.40119832325
0.0957899131419
0.347847574604
0.410785780219
0.135912757619
0.0523331860088
0.927080271327
0.703249171726
0.674621135624
0.0320147627322
0.848197970813
0.791910353546
0.880327397445
0.908445414855
0.672146843164
0.393223858989
0.896605046153
0.424945861666
0.642806157012
0.0849437873009
0.732354793258
0.0930867642365
0.913168959182
0.180502439031
0.388636533395
0.760180851554
0.173383815912
0.0733820794977
0.828406268014
0.916134051903
0.32169430739
0.772884134366
0.852178587382
0.750454424095
0.125905787496
0.463544349152
0.313411662457
0.798253152609
0.291397943856
0.656223220493
0.562500950987
0.383897080763
0.707014427021
0.601582778908
0.626030681568
0.337934826999
0.0890723799278
0.842748290096
0.42837379921
0.728630166865
0.8309763912
0.379044577631
0.65753144558
0.748015137832
0.770757144112
0.0767937040445
0.916699094113
0.758693773074
0.879968863079
0.911572397264
0.938021667048
0.537872650102
0.145136541836
0.106386270766
0.0999542643726
0.929983926676
0.487904281997
0.554869905055
0.222843611871
0.127107780306
0.326507731265
0.26420902199
0.109192303285
0.185053309539
0.874663162311
0.0541590334258
0.226825178048
0.253204936532
0.411960515035
0.467197867211
0.680810242467
0.154229564585
0.22249090192
0.344056181061
0.7785332675
0.0647107656949
0.044652996209
0.295184778101
0.450004581039
0.134362066576
0.046873846622
0.805879152757
0.2914362114
0.682502380205
0.523545287307
0.862106984286
0.0248875178268
0.521300733294
0.238464772785
0.692558446951
0.0953083605114
0.68909819472
0.330288705271
0.297602209578
0.954945901929
0.0564952742986
0.431198712173
0.520579350653
0.11505607405
0.426841215845
0.299335530959
0.770551194304
0.463298445752
0.22590214734
0.316874523158
0.26541722081
0.817529562059
0.441632509972
0.0992989903095
0.532086061482
0.774356747607
0.827700153547
0.168405832939
0.123868600436
0.419504062729
0.781723372921
0.0841648799072
0.208934131617
0.774896495253
0.485317221219
0.345387543355
0.238440007199
0.851555209011
0.876509519128
0.649001861299
0.640120144389
0.24046554216
0.241449546846
0.326868877269
0.389478119837
0.180609594111
0.323681399887
0.845516584977
0.50826602066
0.309737286729
0.491450674612
0.350665103256
0.775913637553
0.700019220153
0.065411250277
0.463360796277
0.902396697679
0.457397767935
0.397953222222
0.15330265509
0.765175974218
0.529845213225
0.30280542873
0.387504552942
0.575910129726
0.484203045512
0.0575462461508
0.348296198044
0.536461002272
0.876465959395
0.855287869599
0.0612296043301
0.832469384471
0.335208041388
0.799800908572
0.820365432986
0.560704852962
0.782207220025
0.895799598596
0.654881687652
0.637342729561
0.909234739751
0.731542802418
0.103306963741
0.443270508429
0.163660861481
0.670923601569
0.248994636257
0.0501291972944
0.13094027562
0.722220224292
0.179333728417
0.801055553394
0.751354377356
0.849059186697
0.531827784471
0.917893103276
0.0930464413679
0.169252367749
0.748404971856
0.644657671185
0.260122279188
0.20043584088
0.524795949971
0.461307695301
0.692794489936
0.651996331082
0.161739394492
0.0956746255435
0.157995414743
0.737365946335
0.143203487793
0.085460916194
0.119278901276
0.23461380648
0.146188676644
0.481856140373
0.0619760808492
0.0577817226266
0.821433864276
0.855471036556
0.311229843106
0.351062789226
0.785753324518
0.175903622198
0.100873350009
0.0608267333766
0.20126488892
0.0568121207066
0.327352827805
0.403719313463
0.877064383367
0.482078921197
0.732135442627
0.499412497014
0.784702719327
0.151274851908
0.610707897925
0.769173583458
0.754294904723
0.697102733033
0.719536898593
0.0979913445429
0.144960517034
0.351130540883
0.148699388474
0.631434347234
0.796061876488
0.718315766761
0.176073097652
0.481051165144
0.472865442611
0.185887014946
0.372999227036
0.520579350653
0.653434705979
0.345521704465
0.764398923106
0.307045628588
0.236383501584
0.0738753411173
0.1809951175
0.284362027704
0.39549407674
0.731932014376
0.685794072038
0.707627200528
0.0456953900146
0.842294239845
0.303136718911
0.187467868354
0.0508940355218
0.102738774567
0.636035062259
0.450686953121
0.408876519331
0.146721419876
0.0852259898758
0.0774470169811
0.756196372159
0.486357396513
0.093093903123
0.532777533803
0.037327345351
0.898248242443
0.053663408082
0.75022703382
0.809303727282
0.278570350566
0.57789809464
0.883105459069
0.902520165397
0.581170170382
0.528703506039
0.759510432709
0.528485786813
0.413294720868
0.438315489079
0.182365513622
0.166355527306
0.593051193029
0.186016434657
0.573915871951
0.904176855076
0.242157315168
0.769219835111
0.801671579922
0.182468373385
0.114482749
0.855709864302
0.0372901301892
0.78334791895
0.282365002073
0.528345093434
0.852409745477
0.827543906742
0.891533748261
0.541109888999
0.416095629723
0.864494262788
0.621235933878
0.366667697824
0.453006371166
0.475203484309
0.661188943832
0.58614403256
0.462137709272
0.139097613386
0.879759681566
0.0571365263666
0.922874419188
0.656771636118
0.876974261392
0.450350430139
0.570291016994
0.0319879762102
0.921857086056
0.603609143522
0.555832116536
0.158050109851
0.0521782303616
0.379742371091
0.0624295663023
0.593993234309
0.0507663303199
0.709930013044
0.225070284421
0.461896270071
0.227385005479
0.342131507532
0.783904253924
0.034640011195
0.407089846485
0.12794474808
0.353485177308
0.544363320747
0.863462221236
0.686168322367
0.782609686816
0.490389552634
0.375110435791
0.115155276169
0.069451951517
0.422153633162
0.54531398522
0.0995326863538
0.603469302014
0.174990722361
0.797481549378
0.630434991181
0.654129930067
0.514164143746
0.543946225886
0.866226020443
0.921857231103
0.102490798887
0.274177914003
0.677011649878
0.457126560286
0.650603528725
0.254818839178
0.692955058198
0.856686912866
0.479648999118
0.414951956571
0.775554008382
0.48556011392
0.628033676939
0.129203498941
0.574005448863
0.465834738197
0.28359694725
0.613348862438
0.701564107766
0.440934276402
0.165669802259
0.37917223455
0.258930966347
0.860787572372
0.293127162645
0.738389788418
0.391389083001
0.504705504167
0.634581584375
0.180635232495
0.299889132403
0.0550612891022
0.929986631967
0.502767434006
0.599904181927
0.597524990362
0.731896084216
0.187630303001
0.724040525961
0.152895357223
0.228750116781
0.87475685289
0.841539235501
0.853466068173
0.835846920599
0.869511223512
0.563948105394
0.814740337236
0.53814911735
0.194437185617
0.740199569757
0.761280974747
0.240813789852
0.399141342087
0.578322366404
0.884591380402
0.214616805579
0.735499983178
0.135989879311
0.400405201645
0.692915333175
0.800127441474
0.772466469756
0.399017369138
0.650184048783
0.0720958829316
0.555241560165
0.392319796199
0.110655921997
0.425571327562
0.788455053866
0.448887006751
0.853158674861
0.585959122035
0.182297364092
0.393557883863
0.176745777388
0.53933658736
0.767846220219
0.479143134452
0.610608745854
0.805347034888
0.637889541285
0.214041689697
0.142219600195
0.700452044796
0.762610929695
0.0926010982239
0.416730707088
0.959582164825
0.782046598013
0.483981436393
0.868337179325
0.855747585619
0.863035660079
0.422952461817
0.866094145584
0.799515937644
0.36272175148
0.135428209219
0.862586555684
0.615642592259
0.292048637359
0.875313884572
0.454754629167
0.828715592645
0.966279040546
0.26290823834
0.843011238892
0.408267046612
0.836975321638
0.83045322133
0.126079686962
0.932902086898
0.199785700105
0.33951312747
0.696039147533
0.798830650852
0.826925855739
0.627138441693
0.80754211929
0.0590778578803
0.910266681803
0.314973316179
0.0938848264594
0.668612192462
0.845396502429
0.243343300059
0.201692509471
0.613511534138
0.867003604324
0.0671959838228
0.818450380208
0.069451951517
0.422626341494
0.829810074329
0.857687622324
0.537448568578
0.91843401549
0.0359120370384
0.142752209552
0.402760690324
0.0926516780197
0.139030309787
0.402996976563
0.148798075859
0.154224449478
0.782431704892
0.565689140283
0.423543745364
0.519551563439
0.524895832027
0.848013780391
0.518589547345
0.927505087199
0.188911915082
0.667733845789
0.873558536134
0.44978007847
0.456441582542
0.22771415117
0.69990155782
0.504215060497
0.642201642343
0.819320502047
0.648342792323
0.179711696982
0.844758458774
0.286113943134
0.696634500862
0.707644886967
0.0362803860544
0.630758423302
0.456222285479
0.053663408082
0.624011184104
0.0438946996988
0.113368956251
0.892576940806
0.875074798139
0.252107755224
0.0413703247689
0.0607961720917
0.149719226773
0.640120144389
0.356035312635
0.438916993904
0.434361676854
0.285863114886
0.713260567618
0.903469969741
0.477758477961
0.560680929488
0.0580815925766
0.701239933162
0.788780447876
0.0550476538701
0.151078776291
0.753914164607
0.938648632997
0.501174787527
0.0592348958407
0.177567554315
0.622869220408
0.040441877321
0.144116454001
0.824767312923
0.37426809115
0.0517537515132
0.771194105117
0.444943780458
0.152100198237
0.598293164477
0.0873804855334
0.404215464881
0.0713161590603
0.138114931992
0.844758458774
0.103474233053
0.229199922443
0.114486079529
0.821405197249
0.403097138762
0.78353133443
0.105976948231
0.0612297317201
0.949286740108
0.0634254706645
0.712727893914
0.567671993126
0.462441688404
0.760916854738
0.480870182819
0.743411970484
0.397669222103
0.479445218339
0.876974261392
0.873386298096
0.489535823548
0.834361430981
0.926407390721
0.871976078321
0.180659726549
0.745151658952
0.928105247517
0.658598414333
0.782953259223
0.383190656319
0.581751395815
0.137602237098
0.679902409669
0.0766104549756
0.917823999908
0.0474237828313
0.178140400179
0.710775964979
0.359498137677
0.825443810672
0.108862421528
0.0559906187651
0.968857628712
0.179971212913
0.457577863712
0.314976307192
0.632677334746
0.236473970653
0.415281900512
0.165643801457
0.10226861634
0.832270633047
0.771420457259
0.115122999855
0.0486396108607
0.860115490097
0.883354592343
0.624011184104
0.321303812117
0.11084643832
0.26796488254
0.0697268182426
0.46744833812
0.814355963327
0.14339329108
0.680810060144
0.4676003867
0.339977509822
0.478434254226
0.495169603418
0.911111952513
0.264613376254
0.192785896485
0.824478842487
0.621137060063
0.0613390397793
0.834142794967
0.0850217288092
0.579949321994
0.760052161802
0.146473522545
0.744744600117
0.0623621137101
0.726848669274
0.109632358635
0.889436026795
0.890516510485
0.104899479463
0.778925240243
0.2532964722
0.85718170754
0.479568259671
0.538375209372
0.494868707884
0.150172681898
0.0478923472266
0.118770556
0.610815496045
0.0426431654962
0.844946831853
0.209131299091
0.0466444394564
0.131796218929
0.854060280353
0.369348199552
0.416207831713
0.226639423686
0.526614146188
0.582140429067
0.528784231187
0.270731472766