0.289082186674
0.865448934971
0.283168458909
0.275542063871
0.713025879847
0.23139707783
0.427002174547
0.957476928914
0.0743537456345
0.923436139801
0.289051878137
0.923031375272
0.725637282016
0.541114158546
0.86796528287
0.845625167927
0.987693015094
0.155236670055
0.859500376856
0.421979016787
0.703717181761
0.0742156445364
0.805763638449
0.731654650057
0.253231933396
0.103178450217
0.0593589350864
0.472345116553
0.123431112007
0.711680987127
0.111193279283
0.954198680414
0.848944177808
0.502116822144
0.868244873023
0.468964437539
0.589687498117
0.29489906014
0.795083304842
0.5400533486
0.466663463362
0.106494108369
0.50477606538
0.947592920531
0.245399929932
0.808137096692
0.690030146432
0.121752366897
0.168540710246
0.655316986881
0.0946630698697
0.131677242823
0.132319560788
0.666889135749
0.93167500394
0.0749647517369
0.127890405201
0.676285984295
0.204149300014
0.853860623608
0.403873210462
0.776380076538
0.146563842548
0.445028730961
0.897097535659
0.34158998968
0.306000490681
0.162237158869
0.477331572264
0.619750527351
0.759317939197
0.343862323909
0.279900722074
0.629489450973
0.792959881213
0.906033112218
0.378606184161
0.269401384173
0.555811904887
0.0437388074268
0.277287861636
0.086032065001
0.282672693633
0.617656739088
0.527049051936
0.641839799589
0.671692578103
0.533977104241
0.635678796986
0.659345666388
0.21648956528
0.0583224749961
0.841798251139
0.917721639147
0.410046187506
0.104229806625
0.817894873681
0.709297655954
0.879767059868
0.730929949751
0.379595440286
0.944255846135
0.875108307249
0.592825136163
0.490971779553
0.729860072932
0.412491889322
0.61441103293
0.402927189124
0.517884131993
0.470024216856
0.0965929194905
0.937942009562
0.186850390336
0.961572151657
0.564860562912
0.716325926576
0.936804841282
0.765711897869
0.694473327614
0.945192744831
0.879819104815
0.0239338003509
0.832734037488
0.722498206511
0.688764061889
0.75338634622
0.0532661788932
0.569130475845
0.826652598031
0.721838373047
0.119365240418
0.0901840067272
0.92796516181
0.0974707165265
0.455781834143
0.955162324464
0.511771138921
0.655715533554
0.0876926820095
0.770935381755
0.87817950921
0.799175703503
0.921769600055
0.393799061023
0.0417992372137
0.139467402482
0.125145896275
0.525641302318
0.637109344952
0.349550224772
0.201902792767
0.913137399379
0.948322340486
0.310138108896
0.13858013741
0.833456836486
0.980932828421
0.695695848518
0.634055953874
0.859660195317
0.198622331848
0.846253056693
0.609169486254
0.532288377429
0.517895872794
0.89301856327
0.950585004096
0.23400640762
0.155743917849
0.492156165748
0.233268565054
0.201403578682
0.836848600269
0.0991084974576
0.275344531373
0.495289162844
0.931445502703
0.569618668569
0.849344503217
0.801776787444
0.624451665342
0.718476264326
0.389569469189
0.071297429953
0.818954828051
0.41341848109
0.0986019985777
0.424292894883
0.933489935636
0.738637382238
0.746625683868
0.037259333958
0.530190852959
0.844898114638
0.928992839217
0.394903741534
0.875624293753
0.924882134511
0.599387305327
0.842667270699
0.941694167303
0.373807747016
0.16304097801
0.760778994701
0.10689250367
0.191369614187
0.49615629055
0.0211460791092
0.195439788546
0.931257395942
0.328796713633
0.518490275873
0.819844335907
0.934141456696
0.555811904887
0.92055799
0.963294416943
0.732184237767
0.0552541151557
0.780201823168
0.587392060608
0.201420911348
0.114038207786
0.37025208418
0.531017761281
0.951823906849
0.0894131314297
0.901995170328
0.391121438962
0.0492920956613
0.17237315818
0.203673504637
0.811023649985
0.859290695873
0.501948619356
0.11766878
0.405742819956
0.278031663099
0.497236513285
0.853229492022
0.574369645139
0.396092285812
0.777261300004
0.0314170891372
0.698864377682
0.0766242555045
0.596619771779
0.713922821489
0.59451553876
0.716037708262
0.892583155541
0.52411901964
0.340217195554
0.269148569436
0.0727761847145
0.470197586684
0.137375045714
0.367389871244
0.859828661685
0.218906687173
0.631025149978
0.878034184903
0.893976496745
0.857184007938
0.152611198385
0.834352727578
0.226040350741
0.466570641522
0.728696089464
0.782618115802
0.96903264939
0.797154822621
0.194188404509
0.83189321948
0.247783998562
0.931635815673
0.126653002219
0.404422072203
0.31429666178
0.358504736915
0.738287709495
0.935437980649
0.447313396429
0.487550463858
0.846981295693
0.665440570362
0.962490167176
0.714209999743
0.371702222214
0.933056676821
0.567294024417
0.712743283525
0.0542659573513
0.661688399961
0.122251227261
0.929085154311
0.836606367874
0.945036498972
0.914606164696
0.0207784567461
0.527049051936
0.556727957537
0.288191590463
0.679976579522
0.172380009948
0.0151183437429
0.428258858202
0.719364755947
0.192214820761
0.244413443811
0.466669308541
0.563462489765
0.795886970587
0.653821222069
0.876723495983
0.629256793176
0.242365614562
0.234374748491
0.801275888105
0.104566089393
0.815227370463
0.0163845253203
0.736397862827
0.96193727395
0.0708264619197
0.140399246596
0.559777350748
0.73334703303
0.306000490681
0.0363783577655
0.245399929932
0.858581076355
0.205649529806
0.690941796384
0.912758954145
0.788195102192
0.747972750987
0.372187398286
0.788615112427
0.841985817784
0.451835407432
0.91629444673
0.0911137451444
0.352287724959
0.299508749679
0.943691624566
0.632852875958
0.308752228523
0.0683805953224
0.368966125216
0.212345382269
0.60499309634
0.052069613255
0.698905476679
0.86840210309
0.265851593386
0.742909757513
0.144992842722
0.898840822381
0.306454715833
0.907060162789
0.684038698062
0.0681261935785
0.810228460524
0.0449983123293
0.164991515218
0.4359093232
0.719915840341
0.912414606861
0.323599152341
0.201568295313
0.704969354298
0.255314172612
0.346600157485
0.937717639516
0.813637973298
0.777133141192
0.265553193712
0.775589431937
0.226826031439
0.585136725954
0.514717425489
0.561277493265
0.0488201524619
0.51668911975
0.330485742527
0.247368006892
0.709008574461
0.90569161599
0.588158176173
0.0487483259036
0.259674468534
0.201608171338
0.105078330498
0.493758574632
0.408097874834
0.399034223221
0.520187957648
0.0160869260343
0.485579768832
0.591322991815
0.269793161329
0.151674397065
0.754115853856
0.958671814784
0.560533433422
0.969061366769
0.560819393345
0.114462915344
0.170379973773
0.549767808952
0.697887838552
0.691460833608
0.583342772521
0.0737670360197
0.312008501125
0.03660242424
0.588115914787
0.826136043867
0.075142824262
0.274551810583
0.694577990361
0.0758448535742
0.013702698858
0.0819207259445
0.106613646961
0.569898765427
0.915953124843
0.790359029476
0.190890094012
0.150429527288
0.90097731683
0.404113900815
0.581579985772
0.753464547268
0.642988969302
0.31920840565
0.273113374837
0.853434655834
0.481326818775
0.323979951786
0.159013319472
0.367207741838
0.672309667323
0.842372349422
0.346738791156
0.358035266534
0.285862313308
0.503771255574
0.371153143695
0.536981520033
0.842773386753
0.856279852019
0.68968812754
0.177611067488
0.173375547795
0.432416414528
0.0926956476434
0.152358333518
0.687218817416
0.794584999616
0.12967289137
0.396853408868
0.0258753243977
0.122344109792
0.226425978242
0.587132369278
0.813990916837
0.924173636722
0.852024099417
0.702166243344
0.696271645137
0.166683158685
0.21785090593
0.0173884940137
0.74812652688
0.547815111232
0.817883707771
0.929085154311
0.68767294795
0.985852983063
0.0762343506802
0.946748970968
0.419563586941
0.18537855691
0.0813396954485
0.309751897476
0.946087713449
0.660885162731
0.0699169108011
0.0991686748114
0.955834200942
0.500635678164
0.868535326903
0.881705182669
0.484810861014
0.692832298524
0.825451929498
0.674483648095
0.595955665773
0.500028012903
0.38167088907
0.897870799723
0.97295590457
0.444706630769
0.112107476182
0.887808791341
0.0379482324703
0.0307402683271
0.490557960443
0.26577748931
0.11344532586
0.472405142266
0.164529872782
0.02617284745
0.0304954933046
0.932988618493
0.978703054476
0.343721018293
0.425904858639
0.366272180313
0.80309572575
0.934153408776
0.647950004498
0.785619950849
0.721737730376
0.658405219327
0.596844173501
0.245792230199
0.856193432557
0.71543348464
0.84253095998
0.723302350641
0.0953809525718
0.971331520879
0.828701345124
0.372343766125
0.329372300033
0.160551076991
0.208256338607
0.705902728481
0.358844116424
0.859002974198
0.786291700931
0.0883922830289
0.549254479305
0.1614162763
0.890300896619
0.0190447053329
0.225225917859
0.0371447677788
0.497223398543
0.426588015697
0.882431749494
0.0314170891372
0.851552044005
0.76866557436
0.951515899984
0.205098334797
0.923762550836
0.28905243724
0.855724873025
0.547893177936
0.712743283525
0.277164177287
0.847924727531
0.506147438543
0.0488113621135
0.577209375172
0.565811931725
0.554464610523
0.969388675462
0.109234681141
0.966025553441
0.0869843632816
0.0329063397597
0.705351434164
0.0295425563179
0.369615966358
0.819216394247
0.942671510424
0.155075029791
0.352449863596
0.269707474714
0.772806156975
0.746481865177
0.104492700934
0.115263754177
0.488620213893
0.565428356636
0.684894283278
0.237960370726
0.650297529243
0.642035208818
0.32508892038
0.652164619022
0.942389167927
0.0477718186999
0.651575060457
0.274983368209
0.888146260391
0.252217129582
0.959608164545
0.0600523668733
0.238535508916
0.542657965072
0.132693012006
0.0823524455835
0.633675988133
0.777235409449
0.134813913181
0.550908780381
0.142852350603
0.391816668884
0.759654064917
0.108440499113
0.0392629091386
0.773677567132
0.90210311763
0.49615629055
0.173767860327
0.865720710748
0.898953420043
0.0808798671295
0.366518964926
0.923793532905
0.255549810864
0.273809018498
0.908938231198
0.841856329946
0.866358092717
0.199825476353
0.250604913359
0.435009470482
0.780736741596
0.421883026882
0.807596453898
0.978840892878
0.207735767347
0.787124799013
0.839387052779
0.175463459221
0.230234166476
0.725177381945
0.845628795421
0.360455572253
0.334425626284
0.916504970046
0.556673265853
0.896061035602
0.268428464799
0.236621668217
0.102623055789
0.0616644450938
0.814015284486
0.464583209122
0.532906095861
0.0287743416137
0.770234722577
0.235147646502
0.582463298891
0.854135321052
0.563157916831
0.489764639738
0.123781257583
0.39172361265
0.85987045998
0.840191960509
0.971913404349
0.885019534219
0.0257822529144
0.0652239476483
0.838716872197
0.685747198077
0.0770707991631
0.540839879824
0.0323902937084
0.449956165351
0.939519882804
0.263693707558
0.575603203753
0.669390410672
0.546790321272
0.954944239823
0.175534879984
0.548114702083
0.167625037056
0.597811523326
0.6382384295
0.904011722177
0.0562497562238
0.78083415313
0.501356695572
0.688197476707
0.416466878925
0.665653466758
0.953108011413
0.189466470501
0.701309741069
0.703218543425
0.0995445315765
0.234316653973
0.608469653989
0.753647559232
0.132126430814
0.110888678317
0.222483977795
0.918291731638
0.823058822152
0.225110164087
0.0591393315647
0.44220820912
0.736819762242
0.285201314332
0.526878189619
0.751274093416
0.880563178874
0.0330453898962
0.560225054729
0.686259926845
0.242334050226
0.614174483072
0.0829404149038
0.71444806494
0.940438604137
0.238719240856
0.158658688267
0.340144397292
0.555290765741
0.768289645961
0.731295444476
0.746901182568
0.875455883411
0.290321569811
0.88194090958
0.34709933417
0.0785723914436
0.0370597583026
0.119410844012
0.816596900518
0.922981997487
0.154197732701
0.85726596835
0.557893197777
0.909894846424
0.0604513664459
0.288074107486
0.89972893673
0.679456363127
0.172980658279
0.803113382005
0.02342345502
0.474522083131
0.3389020717
0.340592963776
0.599483324057
0.393313795682
0.685054613997
0.580916886926
0.725407322277
0.832402722772
0.715020493634
0.443519043915
0.236987066599
0.26540944822
0.143565121902
0.44934686059
0.818692776531
0.786175771673
0.609893150377
0.0804960293026
0.169501667302
0.494184886791
0.0416421756231
0.40194144623
0.177371454127
0.824049253757
0.0635787780415
0.0769444419961
0.957368353201
0.969462509574
0.614508251385
0.53505751617
0.545726761588
0.44869139682
0.618597541851
0.165822160217
0.436399228047
0.794154403208
0.848147783783
0.696891355197
0.0309747504611
0.133566881374
0.515985417283
0.976603536128
0.310668012905
0.0137306939158
0.149119922917
0.0681104652049
0.793659249066
0.349745081026
0.109678695373
0.278822062362
0.615907052786
0.436847129835
0.33581841537
0.74661224766
0.449377725066
0.515765726009
0.702329770318
0.891734668469
0.468504746449
0.883564318274
0.926177671769
0.254784494423
0.908321885999
0.947215146191
0.0486526350009
0.250006325397
0.294338254361
0.469416256681
0.935480581884
0.0372854576537
0.365001268258
0.0548936674162
0.598640790776
0.614369749715
0.532906095861
0.889387102619
0.105230736043
0.803205131258
0.795123424175
0.940631724275
0.295491621152
0.545185076891
0.931893024822
0.882090306123
0.0171471367689
0.406657787692
0.161875131171
0.375564543118
0.191507445591
0.154986976148
0.953921455585
0.934278719923
0.550670515788
0.0401225639872
0.399873430118
0.317339979707
0.814984887349
0.806956413814
0.963676766044
0.905511967315
0.409950397085
0.575680181025
0.844507435384
0.807376656153
0.796405946107
0.816904051198
0.381728365497
0.548679271737
0.212313839974
0.12063724735
0.541567844502
0.0432334230281
0.659971602563
0.923120064276
0.938140307246
0.372022545183
0.853627761346
0.0401820162047
0.529286727195
0.941070553504
0.075493499027
0.890787274344
0.970770023008
0.163029661912
0.839802233134
0.599630212056
0.821030587457
0.444168238389
0.950850274878
0.287972122737
0.980045621135
0.33800092511
0.283266186284
0.286729984694
0.945572452889
0.159395813145
0.540830883035
0.242948608375
0.923106749024
0.191238818744
0.903555593406
0.498184862526
0.279865685406
0.168223072859
0.141258882721
0.125280729504
0.521537167642
0.608182666471
0.537001793566
0.359098066523
0.451126829772
0.809551393005
0.675020041523
0.139719604609
0.717384183196
0.896339267985
0.778415846908
0.643295765285
0.901205031272
0.20939640682
0.134937912429
0.325043027959
0.391806723863
0.615723722009
0.840666004529
0.848246560696
0.918728410338
0.0528899751288
0.122556339877
0.105756926061
0.099925229513
0.497382834516
0.758280814748
0.894521564855
0.0493315300378
0.71252720472
0.0982696724767
0.161950064624
0.340730405812
0.738493549807
0.872175002002
0.407694749563
0.725042750914
0.144992842722
0.954281617866
0.125791941508
0.0268981465931
0.910568337658
0.276172534413
0.016700172922
0.712810286916
0.358688053898
0.28912122207
0.585805145423
0.0631041983388
0.105720746943
0.23588848212
0.730794336367
0.395229899916
0.675020041523
0.102696934017
0.654785322671
0.368863424119
0.0443060203528
0.767031233299
0.235642741945
0.848613341101
0.537855076087
0.965552770131
0.167249214991
0.770499794023
0.431705605111
0.905282193555
0.521358757372
0.117333834398
0.72477776692
0.652499377129
0.735211458102
0.604987247618
0.838213896188
0.414182065342
0.305192203462
0.2189417669
0.307664363414
0.956251836584
0.94922250426
0.535792788923
0.360808049072
0.370627875289
0.924575894386
0.965552770131
0.0783818293595
0.625859044143
0.283266186284
0.918352873864
0.580065817865
0.759614375988
0.579079430096
0.927640896716
0.0542788515527
0.272122526455
0.851712377269
0.826349136019
0.500287857204
0.87536601096
0.222927897236
0.904828432526
0.120482483701
0.876485033438
0.563657074608
0.857893972681
0.687389211932
0.509743951326
0.932344521917
0.923094543054
0.938195195884
0.899699691355
0.604150733808
0.226043962169
0.676072456605
0.172430201528
0.940116242002
0.0412598114153
0.55973578088
0.904368776794
0.464715082898
0.363014270085
0.344372072106
0.809374626262
0.154398734979
0.820563820771
0.519880557951
0.174857710909
0.101649962343
0.109263239026
0.782618115802
0.475548245402
0.695331207518
0.852919032192
0.648311834341
0.929617528139
0.295543392853
0.819286784417
0.224034808908
0.574235608078
0.521828713269
0.477297573294
0.933401843472
0.600957384973
0.261563931903
0.534310058931
0.755901202265
0.180745396484
0.215214451519
0.922801141527
0.652920366095
0.932990216679
0.433242204647
0.26430996362
0.616153847417
0.0787890468288
0.466566385619
0.323175409143
0.948117012181
0.0273321021216
0.953433469646
0.84944304207
0.11214980415
0.730354356806
0.894898143826
0.149755647547
0.648241038001
0.904251423038
0.457620926684
0.566727838333
0.604099063646
0.943854850425
0.829579762767
0.138772950686
0.518228151856
0.342943594677
0.578326019788
0.661128621397
0.486928169759
0.0318439858609
0.0533354210689
0.801819899756
0.112884615361
0.146685199398
0.0353861361236
0.0945464632637
0.680134320294
0.057978088364
0.310845409183
0.0541131070222
0.913117936162
0.623362449205
0.865834430183
0.822068683246
0.603147976895
0.191507445591
0.868005611432
0.732676530057
0.520541959384
0.951209640646
0.96600139567
0.901795718666
0.57700553088
0.545167903424
0.980290019609
0.841501333141
0.489391034913
0.8420375052
0.116322626328
0.356860717008
0.618015631707
0.329951837713
0.666738433449
0.186349001726
0.363411448494
0.318020723548
0.83149425846
0.0426644866029
0.500635678164
0.206147822185
0.211150235195
0.892573316688
0.616935694622
0.127740413135
0.877273150241
0.630267355129
0.505809019581
0.669553156476
0.387857168966
0.0453277256819
0.165875357547
0.344372072106
0.844507435384
0.421624087147
0.884884734447
0.369382151056
0.0846805039445
0.313311936632
0.793191989026
0.92415185422
0.410046187506
0.496176976599
0.646019006055
0.291333315147
0.110696842607
0.948308212435
0.776663721046
0.859029597468
0.508927714778
0.603298222864
0.540963115205
0.192607910851
0.639410648853
0.856860155905
0.208519107488
0.568123410806
0.848371056219
0.15854350251
0.446418912035
0.297310225265
0.940520843044
0.127752422698
0.620971577628
0.363199221559
0.236174919272
0.92589422349
0.0140991094768
0.157223684513
0.750794279116
0.416573495343
0.105486973885
0.498193555227
0.312237937533
0.0710339817431
0.640160617297
0.907438214236
0.357535555094
0.35092415265
0.0128475217122
0.0845987534962
0.555370831763
0.775995296014
0.115024652163
0.983179147699
0.703080126847
0.687260352178
0.224160285371
0.0292193376486
0.258454857714
0.860124501133
0.0980170287942
0.476575942968
0.527494854179
0.942225784497
0.961918681671
0.710591131482
0.727237065454
0.494778049704
0.797362906787
0.777294130938
0.833456836486
0.273054969692
0.125902173135
0.947415645659
0.885360174866
0.929359296105
0.283621862304
0.412545946511
0.0583687202343
0.59696026521
0.314412070013
0.197007688089
0.452091558498
0.559682336717
0.225485054647
0.42973301968
0.290559182679
0.923354089736
0.371405224767
0.449026215588
0.955715248234
0.53526839879
0.704163863801
0.898756212065
0.252024197905
0.220415049175
0.79740135433
0.696566839212
0.0761698557204
0.164555880533
0.954295686679
0.467533857903
0.723108188012
0.665624825042
0.428455267007
0.49671352807
0.852650385137
0.0516384484682
0.528209112617
0.0165892146665
0.300203818541
0.134105015658
0.0333116694436
0.116857644829
0.552436874013
0.344982127693
0.61500099818
0.787232143398
0.801264595385
0.823557487486
0.91132151386
0.527279798306
0.358844116424
0.137744961613
0.844291629954
0.225334383096
0.933349474362
0.960473567423
0.987834994178
0.882304691477
0.525998473181
0.955539175884
0.048314182358
0.673906689518
0.204467241206
0.364325119764
0.20942476705
0.97645686732
0.728431732306
0.899577559988
0.879300334964
0.36507263903
0.794037289252
0.913580296899
0.783648451227
0.154384064363
0.211253643858
0.899050018491
0.619534495368
0.921986354221
0.656712155511
0.115625185386
0.248191591769
0.882197873431
0.417937937176
0.519441242214
0.560646566457
0.379625118902
0.982207525218
0.434388946718
0.31391328141
0.774929377816
0.176193469661
0.19759687736
0.414505378642
0.934584261386
0.961615359613
0.18579297353
0.189989181203
0.447465781565
0.961630158312
0.164704227637
0.0191959043917
0.696150521982
0.574537325592
0.808263935489
0.794068637206
0.658942414876
0.320942247882
0.745798968871
0.324858881484
0.592986688418
0.130681154316
0.236136233583
0.65889603082
0.0642127886411
0.807740434619
0.940345240577
0.491769625041
0.855494285644
0.826808872637
0.948082414554
0.580742781311
0.296976240633
0.248060851352
0.09975620572
0.805127690557
0.0817965455198
0.202594441264
0.115183547482
0.904071837645
0.0324618233588
0.875624293753
0.404193755148
0.961034031007
0.671916798301
0.082355627441
0.748560059666
0.0508500379539
0.240604036874
0.722088725545
0.149462032431
0.591387823463
0.513044405376
0.0910347935166
0.885837088016
0.764774883117
0.059185174829
0.578227018469
0.625523827483
0.844353283567
0.444715578452
0.0974231469778
0.559038537167
0.647902246224
0.176028504139
0.602174853321
0.123693018218
0.812994731731
0.225576926728
0.65691253568
0.677216123474
0.599981577154
0.968840942456
0.721330016569
0.93663988039
0.267580286448
0.91312869461
0.094406872764
0.112884615361
0.915378029287
0.508098036976
0.253231933396
0.644202517229
0.249979627092
0.911796240642
0.781503790641
0.082021631334
0.792582346747
0.765214642414
0.57953416871
0.217170240249
0.249421508771
0.715170316368
0.205170524845
0.068352658989
0.868712848295
0.122864541309
0.561956716377
0.922973124137
0.375684653843
0.01153160553
0.733828328474
0.940317144647
0.212607067281
0.556706192148
0.675143526488
0.335906747977
0.337320497477
0.941354369631
0.711116905509
0.298735849921
0.457441775036
0.77462516248
0.360144813949
0.809097757196
0.886550954273
0.955912553816
0.127512016269
0.285845105395
0.856614538709
0.957937747104
0.0205704905828
0.192214820761
0.0767723619796
0.498529693053
0.968959630519
0.971225551185
0.681422017119
0.400888205712
0.816011256083
0.510106797706
0.142987452736
0.0660023334237
0.734609233082
0.982073718867
0.520067603869
0.827307885484
0.0312099697615
0.90291808299
0.713019294661
0.955919470108
0.710747411791
0.0693464236009
0.299388412583
0.671990007752
0.751776087685
0.560739883115
0.703173889962
0.908034125604
0.640775400965
0.732707036875
0.448259967844
0.949197734964
0.291597663765
0.933816199947
0.86988590598
0.696228192425
0.770294852231
0.428505429523
0.461196788631
0.131251528662
0.530351547099
0.608206058391
0.201987832216
0.371003766442
0.63970324607
0.740218799826
0.839559934531
0.0951436275939
0.583454535842
0.52786212173
0.339472283163
0.523775009758
0.203627124312
0.175247965074
0.795704423018
0.470529666029
0.458263641094
0.921721506354
0.899075128413
0.354706594498
0.309967617107
0.249169404331
0.694787001248
0.990597946419
0.825466859649
0.096611117668
0.63955057063
0.681006743412
0.815759540273
0.563066706262
0.982946965292
0.1055510933
0.888987556572
0.282830674944
0.234433797921
0.959852819645
0.879295086911
0.873986112273
0.66392851185
0.682034448049
0.575244352
0.579896238884
0.608336908076
0.125183939305
0.848180336675
0.907962888425
0.464038791804
0.898526061633
0.460599362581
0.473167522244
0.457194203726
0.745342275711
0.843367966266
0.723501604364
0.0947332500693
0.896816139209
0.989475723729
0.168567394133
0.849997027461
0.0837521114873
0.852005705747
0.926254300387
0.498262345724
0.843908765708
0.773158868048
0.51569963453
0.808606115466
0.629286972788
0.84717887616
0.476679348001
0.552470723468
0.965541569677
0.2018133619
0.634645387805
0.885732924933
0.0822334368451
0.642206559788
0.934932558417
0.763570634153
0.135163377618
0.652385396476
0.676965868477
0.351362120347
0.84264421944
0.429781983849
0.059160395715
0.472434997997
0.966962940459
0.318013116138
0.699874459346
0.046578117885
0.272919268056
0.429314492035
0.908662754401
0.57822015951
0.815548845069
0.208417441049
0.682724988261
0.234901822548
0.794894347228
0.124400173225
0.889289248075
0.837991234453
0.565587234697
0.0385400002124
0.116275354968
0.975991052715
0.647194156383
0.694458344335
0.553438760106
0.146618375191
0.581012624591
0.547180665141
0.219521665397
0.373756469145
0.962036503436
0.921994218258
0.017725320784
0.92734684435
0.826029257967
0.0470804390105
0.562938354552
0.383917845817
0.918041241776
0.555502353703
0.0568060198718
0.244891346702
0.23263936273
0.21341528888
0.165638020477
0.869238647982
0.878417867995
0.0716474296715
0.193506864596
0.0255131495105
0.838213896188
0.471802375139
0.750734992821
0.909209479795
0.27770826492
0.851302694252
0.716854484295
0.795568579083
0.281384158115
0.628480729437
0.689780862834
0.663489209739
0.164294464771
0.225820123065
0.315645413373
0.859082613934
0.26814258464
0.926708195367
0.616944496686
0.0453926754528
0.36050171488
0.773760437785
0.0396578313089
0.865368051755
0.549913372192
0.720730248915
0.0255858659303
0.913779814914
0.0694920393625
0.405360026024
0.841121755212
0.715018494145
0.913227677396
0.212746609691
0.564928477119
0.175261808469
0.186304795659
0.27336349461
0.35939475433
0.953544864863
0.344896366697
0.929228622026
0.25376811251
0.76813118639
0.778454792079
0.383698776317
0.401286979871
0.304610064837
0.910816654794
0.363080855873
0.0574208203201
0.454929121052
0.19664737175
0.504438904529
0.956333759193
0.969021753656
0.257968657779
0.739334747587
0.810464104436
0.893626598238
0.717835784098
0.985535364877
0.640463368186
0.383640635717
0.0655624086446
0.989909665244
0.595886841919
0.540927227789
0.843170095914
0.862580457846
0.6403902459
0.416917468199
0.161376346884
0.0336912725452
0.811377531476
0.876026358001
0.0959959842453
0.914611536588
0.938824685666
0.288174021783
0.193798023319
0.0459014495858
0.295521975358
0.454229938028
0.698638653315
0.870714323161
0.532490027913
0.416868223452
0.804252378333
0.315413011271
0.642702196702
0.780203055384
0.668627540554
0.0274864461931
0.818557447426
0.804827976309
0.684248130796
0.652986689356
0.262427682133
0.883508550856
0.853589229393
0.0916742525463
0.769274345203
0.0860407264019
0.747674500061
0.487105773653
0.76413580139
0.155729769459
0.792877473924
0.490910776298
0.0666207884366
0.162045446105
0.917841456875
0.371243357646
0.908192594322
0.421934830901
0.808248225762
0.883814929819
0.411189138477
0.30650855862
0.0539444690977
0.36883137554
0.547122486603
0.131252915153
0.810501221368
0.22013136905
0.468186984863
0.918352873864
0.74391010069
0.896890463257
0.679232414003
0.42722665775
0.31882903593
0.787621315374
0.459921208544
0.023095014064
0.197432844113
0.0790395299652
0.156282723433
0.700840037558
0.475455374675
0.848180336675
0.530190852959
0.897713701242
0.0111215523567
0.0969199954536
0.0838059931161
0.383965540511
0.680267858302
0.929193336857
0.177884447485
0.349237137807
0.199655623076
0.680249325684
0.498970292947
0.772821940147
0.715076645904
0.345077120502
0.697244210202
0.914926584733
0.822690107374
0.761007551801
0.269650943424
0.0820732342915
0.831569038474
0.550382862746
0.914712371116
0.666517202625
0.188047004559
0.908240052343
0.836712415466
0.435652203225
0.261663350721
0.458269494025
0.853355058938
0.899651068477
0.0973977150377
0.0255131495105
0.0625398072016
0.924544835083
0.382185947992
0.949861047536
0.756863755186
0.0548441777745
0.899875789717
0.2887335642
0.436356778238
0.549395458213
0.960659914659
0.44220820912
0.550322972024
0.363513330608
0.803233968794
0.0118815410918
0.402717970424
0.568946542177
0.990461034011
0.061048959369
0.0629222374354
0.579186799059
0.448074289114
0.904581374961
0.499026374426
0.747799383604
0.285591949694
0.686995826347
0.885886254492
0.133663070182
0.874445180418
0.79064584424
0.647595600957
0.238272555333
0.120368513594
0.142554360636
0.320777788645
0.90638198351
0.82516674037
0.991426419411
0.548857389067
0.812523815837
0.737664377362
0.915669584045
0.809549111965
0.182363262017
0.521187594065
0.915866245671
0.324745790999
0.4667160208
0.165993419415
0.164858513745
0.155065054049
0.886195436105
0.427082317654
0.702166243344
0.903851324058
0.50497847153
0.0653848651349
0.361435748818
0.508785047834
0.937826353641
0.909894846424
0.326005812683
0.185188597732
0.492795196311
0.116236942837
0.19836958208
0.801485571282
0.492733383742
0.23872859028
0.766062978702
0.867579933626
0.463237322312
0.0973878446879
0.784389134745
0.913934440442
0.0109953262086
0.892091689441
0.403311674656
0.803296907327
0.0293904346767
0.46930150066
0.255279418245
0.234569887972
0.674035920652
0.18533595918
0.826699535443
0.0986860343912
0.332883071474
0.0298248362091
0.472449469861
0.317786679286
0.659155505152
0.191160082711
0.954759773974
0.906412770636
0.391878885679
0.919862663905
0.355377683118
0.969901599054
0.111738515841
0.182027192689
0.060607626554
0.929534737013
0.138660308911
0.907065590832
0.313973231061
0.234597586109
0.326496721218
0.936120339663
0.31061227392
0.319990231144
0.150533749532
0.0411502681334
0.21015098753
0.42525633673
0.287983585087
0.244234552437
0.0828987049265
0.0321316506952
0.873088048548
0.613899347018
0.471595084351
0.186772991889
0.823168935724
0.553457363975
0.655502206291
0.0670699490374
0.321812477226
0.823136465982
0.514988677005
0.0879626826331
0.867375128927
0.365066002004
0.553024100917
0.599217264339
0.691587080685
0.294701231641
0.0688037287701
0.232797376501
0.793122441018
0.90590551968
0.148231783583
0.809534796013
0.142643521525
0.224072775175
0.14483672359
0.359403318818
0.697385760272
0.337323496853
0.449159331507
0.394564142408
0.434641482179
0.0758438910703
0.314564186704
0.742632819568
0.558690977263
0.174556229636
0.646511459833
0.125331988157
0.211882422374
0.165165885849
0.631371755923
0.956728894483
0.942780518639
0.901799525014
0.841385186029
0.956627862167
0.55329254514
0.79912828603
0.893626598238
0.955215008081
0.536669998732
0.429877928462
0.665042659046
0.761185271976
0.113085483021
0.86875608138
0.0664844885355
0.702846275359
0.4838576052
0.83659623189
0.201146313788
0.0571042575839
0.429467768931
0.686307589982
0.360144813949
0.0307811031212
0.571559787367
0.727825267545
0.524697580884
0.746145130102
0.22714912246
0.75266029744
0.799956706039
0.199758570625
0.253755390469
0.70657078603
0.468693710554
0.0710909621579
0.260018869436
0.732702528334
0.272304030139
0.227509755112
0.620311429214
0.386356783261
0.893197597971
0.466815588036
0.592052275882
0.0957450836763
0.104873522111
0.882737953091
0.608007243234
0.851016597888
0.853860623608
0.155868082891
0.0940665706644
0.549009688454
0.686126888837
0.920568913098
0.0527797852938
0.721692104601
0.673584715497
0.328430753626
0.881950383932
0.120465650436
0.584809419994
0.0732816950147
0.487330596732
0.759401556537
0.334195032116
0.499317748672
0.785945399644
0.050934476494
0.331512390927
0.0884226960623
0.61581706541
0.90434087797
0.07046140043
0.906560340157
0.71226413468
0.464517801608
0.482552211137
0.117795950905
0.82887260484
0.875920265516
0.159228581759
0.483493104664
0.943875613669
0.550299104323
0.168874099229
0.813600831142
0.735246758072
0.75382007458
0.0713121717134
0.884477359638
0.929087687589
0.118305648277
0.103808488886
0.0399056296673
0.989510076519
0.562849926839
0.287876604558
0.426374889377
0.969624521695
0.138966268571
0.932318885034
0.897487171864
0.686642032935
0.887655355212
0.0260295896412
0.505692877139
0.732907267361
0.46998279136
0.315950359275
0.171043896398
0.987279277019
0.555053267256
0.16332170174
0.522445455708
0.790866399313
0.95302835083
0.733249428118
0.908456888638
0.132054334462
0.60585573312
0.507670617377
0.0530631456492
0.71720529903
0.911069725445
0.490158010293
0.103672134705
0.222695584337
0.387468843956
0.571248198507
0.0736460351667
0.674777966281
0.461191990709
0.919222613937
0.941858229757
0.826029257967
0.8742898746
0.468530338587
0.641590703928
0.615757114085
0.150524382487
0.304046106298
0.565624794463
0.932704733557
0.116146434859
0.650568106992
0.298738349304
0.293109321479
0.765949400767
0.919721595563
0.789871302413
0.502877824089
0.94384808132
0.158067750304
0.364320610733
0.313136628625
0.847813932914
0.685747198077
0.304702010116
0.597573018201
0.452313893136
0.167918321673
0.328806646598
0.600082212743
0.152246051183
0.314672619849
0.473026793444
0.939097145225
0.52786212173
0.768537572926
0.257567921453
0.891348371346
0.69399367425
0.724547873869
0.583901301461
0.520287643286
0.602211974626
0.502540571001
0.701174223823
0.379392244826
0.340522014843
0.302667645332
0.423056525635
0.217295510529
0.15996874522
0.194977748343
0.377745470829
0.123899170745
0.861062007461
0.0840365695369
0.208875517214
0.895456863087
0.300108114304
0.705101224417
0.343360794563
0.0788430546848
0.232604100466
0.765642769516
0.723181077215
0.0813239840917
0.0997692561317
0.047129223437
0.394137457849
0.626659656014
0.902068922226
0.241173624868
0.0126666914999
0.710402325459
0.584239765142
0.452926559477
0.908188534895
0.594635273311
0.371377629286
0.14877331554
0.845359441351
0.285565031867
0.835702020434
0.68314331131
0.0213678571215
0.65266774611
0.501045925534
0.179232581878
0.352635961193
0.357723428066
0.28939390364
0.190910067618
0.0981152590324
0.351966276861
0.692540990823
0.0990696876277
0.800635277614
0.335431862203
0.104227669901
0.564440888945
0.688682698803
0.946064441672
0.691285813934
0.637903150283
0.69092256245
0.913855242006
0.489336070731
0.117591874716
0.161228196373
0.62034164576
0.739811170234
0.0807973827633
0.0861333100223
0.660934972416
0.858814886151
0.18508560142
0.195139409695
0.142503947835
0.184287131834
0.636693369587
0.0752325547389
0.733859946827
0.261021172596
0.263063398736
0.772644343411
0.0326778468678
0.283753994757
0.418127479105
0.976480304986
0.948288118319
0.606066436471
0.14256413303
0.651392535167
0.547578723834
0.0250088972723
0.859082613934
0.851553633518
0.895822935799
0.662117826464
0.983291633286
0.123439957756
0.675261183474
0.825364858164
0.585794700108
0.505230331193
0.472957750136
0.0998600997415
0.543668585639
0.373131847418
0.378421436674
0.871967129751
0.776602365417
0.824715389283
0.0904854537942
0.968455710309
0.967644950885
0.411201275566
0.94468727531
0.289773257076
0.736243115554
0.160671889101
0.475726716198
0.0470027289392
0.0995391545118
0.58209968247
0.807823259503
0.410861035624
0.425726719993
0.903115184451
0.559652241498
0.538263864897
0.582507233649
0.491807229805
0.210096571123
0.626463322277
0.748959633435
0.845521739398
0.639754356811
0.832309065896
0.297264395131
0.450429186541
0.829559239808
0.960782326073
0.763917662188
0.257042037191
0.883818687717
0.917136724458
0.669618504419
0.227158368095
0.560012999676
0.960951552591
0.720888814221
0.28243477961
0.774446825873
0.473167522244
0.708661657909
0.202389789928
0.527959117984
0.811512661093
0.865783561446
0.01153160553
0.350843422542
0.139702597768
0.944946157183
0.944492731963
0.376842467063
0.218697945245
0.370751483035
0.818583185461
0.882925763421
0.906429684884
0.391307699659
0.0616979414979
0.114208167651
0.766598182007
0.978044473432
0.106992880634
0.840721019035
0.840599658819
0.353923169395
0.925380358538
0.0869452408263
0.132477921751
0.299283471887
0.223373814782
0.142528496126
0.277156378561
0.834012319657
0.317272240589
0.234804504541
0.774553788554
0.303981179413
0.31693503162
0.598343325545
0.385079141123
0.444339814715
0.663538010677
0.914721242541
0.945069794831
0.324669216256
0.857874148065
0.0996636838236
0.529491297363
0.290266352877
0.330099641577
0.507742349483
0.117246604027
0.0261229484567
0.794210396739
0.496506252189
0.112597658425
0.926885981362
0.666778198849
0.562355624925
0.316787743194
0.0769444419961
0.951108757577
0.280816235329
0.526242388984
0.852617788942
0.549254479305
0.608160099195
0.867174217547
0.832233074935
0.223260307833
0.627996264071
0.0713002607482
0.0838059931161
0.483968579652
0.829921537209
0.849774416495
0.476952984721
0.866970889869
0.890252193663
0.108216674974
0.271173133106
0.842848533507
0.248166535566
0.37227253718
0.952054137171
0.371393285633
0.130992697624
0.0382386452932
0.224509435755
0.790928442877
0.843778328121
0.290306605373
0.504353263531
0.0283537896714
0.510621476359
0.903872466762
0.84684393817
0.548182319076
0.929210711298
0.700158961533
0.801055941165
0.887798000476
0.922033081834
0.834908021874
0.792979604014
0.259736602583
0.233682475557
0.189582130973
0.742162521145
0.938090024052
0.387493390653
0.924761335879
0.857369543132
0.133278027792
0.223916514014
0.706889451298
0.755216360555
0.645814663267
0.376651606266
0.546229307901
0.313079745876
0.926762796663
0.726321023752
0.14980239381
0.478597003976
0.0298248362091
0.620813657056
0.893147149014
0.623749369167
0.259640882594
0.267368190434
0.626699548461
0.368717736357
0.64051564467
0.822107937542
0.217296048926
0.244776652381
0.636674790381
0.0547618074974
0.0615145658541
0.832822529423
0.697385760272
0.653613774164
0.230249475188
0.944336626881
0.545138666316
0.415831615849
0.907249298808
0.0323400343275
0.118819260441
0.0668633996517
0.214976337453
0.0328885586378
0.757597737003
0.602772336037
0.704560738079
0.253658713246
0.577252696242
0.825032804481
0.49364623256
0.642607289024
0.108865318969
0.459844664077
0.0382074916081
0.358466522126
0.351306239854
0.251145312288
0.924304555838
0.73991788923
0.779787477963
0.4097998159
0.879766119006
0.0572433743417
0.233873593936
0.963451526324
0.889964745655
0.692178970117
0.389699266009
0.146185851041
0.597193251418
0.316605530852
0.914056705251
0.816530539578
0.176095382527
0.977833514232
0.538618444629
0.0701708106448
0.247881025585
0.867934694328
0.160372144547
0.413624066391
0.0779462752848
0.362013752428
0.271253369088
0.980272908904
0.173182430802
0.515485934299
0.717099852511
0.241916126743
0.963741723678
0.994735788134
0.85702445303
0.391816668884
0.934945848155
0.355751669913
0.372187398286
0.488205602003
0.109741314063
0.951050371249
0.590706447318
0.29390588899
0.718717527929
0.662857956196
0.935523914562
0.85029470423
0.32149803015
0.847631742126
0.798740123129
0.812355120779
0.0856212680799
0.937228777113
0.480931015255
0.227625299669
0.564886996452
0.238906535361
0.913572019718
0.115080016237
0.9380541262
0.0777712146881
0.110372462679
0.940684269533
0.862237315261
0.822612549399
0.665953892041
0.918796474389
0.0237955804651
0.346567607011
0.00381223688851
0.352565826846
0.462616350747
0.507742349483
0.216989680186
0.449020821974
0.0572959046748
0.982579149355
0.33563308926
0.300277458524
0.157537816688
0.814579931233
0.878189840246
0.602924053641
0.356860717008
0.725223772682
0.617780468909
0.026422014085
0.557459124933
0.0475760756423
0.726838213406
0.538657532888
0.0746012163005
0.924180426995
0.861078565096
0.381433527395
0.389023083916
0.0478946511125
0.817337727444
0.123071171556
0.156571639563
0.83151294219
0.0922975104807
0.447439606473
0.406609548076
0.761906401933
0.332166860638
0.887655355212
0.720242322305
0.459385754972
0.855053317059
0.910922163406
0.791474846192
0.65319767943
0.768962781591
0.468286631543
0.655462174784
0.486840566403
0.146842318944
0.0219873350596
0.143636188923
0.651968611867
0.852919032192
0.402123441996
0.745706024227
0.94582877207
0.693431893187
0.920295389552
0.497069526104
0.593128661318
0.424553223678
0.667550846846
0.191920352096
0.855671737251
0.174556229636
0.265584179007
0.0606898127059
0.0513910971208
0.596278965834
0.700681760541
0.273481604542
0.0907642105065
0.631892761651
0.893269163594
0.624453836757
0.902547908064
0.318655683519
0.166040607311
0.341572643611
0.190948316902
0.695039944664
0.129425584086
0.755845725692
0.620971577628
0.850428543904
0.269358045414
0.4336383106
0.774823382481
0.487562376093
0.189590109398
0.711116905509
0.95805726796
0.154986976148
0.829204046691
0.847818416237
0.329461815074
0.118790827236
0.37691076225
0.195620993042
0.553825588685
0.367729062842
0.112018627838
0.079927087027
0.422691169727
0.91288337755
0.0481432721252
0.371519434899
0.671916798301
0.566235239054
0.369773412662
0.209504927712
0.0814261377497
0.541705877758
0.621112086046
0.767295437242
0.607865005219
0.108664558824
0.941526863778
0.293927856957
0.180912985921
0.234597586109
0.729860072932
0.337556593503
0.343463632063
0.116361908178
0.637310541002
0.68599139964
0.173515183223
0.609631295262
0.730003873349
0.840263458887
0.102171746912
0.464950710753
0.856220201034
0.870403881815
0.57111871233
0.146545200851
0.324572122964
0.678775059318
0.955352166897
0.0512644474323
0.715312678271
0.0460180656708
0.526428917485
0.837040529536
0.024489116989
0.188816334129
0.57191205632
0.597982233812
0.939475853718
0.630246585513
0.435927470291
0.415559337147
0.380513402075
0.908886874019
0.441935786339
0.933391677896
0.506965750012
0.484454602055
0.919421814179
0.762788419002
0.723059273412
0.563769891102
0.367389871244
0.895529914287
0.8754157913
0.140001183039
0.589112873972
0.414814111482
0.162317823893
0.562035310024
0.383164097563
0.392835400546
0.106327911697
0.875225895472
0.296128571647
0.565617654474
0.244824631176
0.738986710602
0.246471593122
0.562792281795
0.222005449875
0.532018616906
0.156639536794
0.653323566242
0.243106649557
0.679392376324
0.665624825042
0.397260312433
0.185570325128
0.19191023701
0.972366234053
0.0797883771851
0.425362830084
0.940786704937
0.969490452121
0.394311828807
0.0462724670273
0.43733404028
0.282499628553
0.304917902244
0.941733631143
0.866225836412
0.726542103792
0.745694027938
0.0969950118543
0.38661208471
0.790467082431
0.227376257006
0.32151532907
0.516004916994
0.674935883591
0.123002612844
0.495940438004
0.328516081225
0.629178802891
0.932433513891
0.654678267924
0.420334743818
0.011594618624
0.295569590895
0.737670960843
0.635881898279
0.332189356302
0.821153686796
0.684630455478
0.793935802951
0.0329044984258
0.138136991477
0.511651209733
0.948287352229
0.82634473643
0.0813239840917
0.372442005542
0.522448984565
0.911453954296
0.699574865763
0.0873023193138
0.195387070706
0.694591987385
0.91509541325
0.191405300442
0.0885453595828
0.356005972281
0.721580657833
0.651634784557
0.355335849396
0.95209759426
0.406129494795
0.211940088192
0.903835736853
0.87812312248
0.246874461834
0.365218731299
0.883145777883
0.25188194376
0.337649101575
0.577524874134
0.129947001732
0.871653608649
0.874001366009
0.0550905271664
0.986762377996
0.253700497483
0.2758381922
0.472250562938
0.746273616779
0.473319481614
0.167168056857
0.745056905158
0.607645624961
0.923540137722
0.491755612212
0.19664737175
0.72258030158
0.0885453595828
0.940431697334
0.388743374901
0.758315925733
0.371229664612
0.598807652946
0.402927189124
0.0998948148266
0.8742898746
0.195804734345
0.257715648865
0.776877709091
0.222409384215
0.809374626262
0.477695438103
0.149050272642
0.531968342346
0.632108342305
0.739207304165
0.0728505219656
0.088719901496
0.730853798636
0.145226264362
0.543362015018
0.662426933566
0.326347267382
0.454229938028
0.840052906817
0.541300080176
0.226123419274
0.736350913263
0.0250932062891
0.72068822744
0.886398784488
0.618986534892
0.374241598602
0.0215279016786
0.81921591773
0.786528287381
0.0309480073346
0.756393319627
0.848033464209
0.878613434261
0.629358474783
0.872641807778
0.623097370379
0.875470732228
0.549609137861
0.0945083943743
0.588983324031
0.088197725496
0.953176492048
0.516629414376
0.889654132429
0.720474418832
0.149910775873
0.429865479352
0.0199163889623
0.37550843343
0.518529871784
0.912794517259
0.441154832604
0.144692574477
0.468042116073
0.473761418659
0.981642823407
0.0213481548026
0.272952040799
0.520724355674
0.649336895039
0.370450323927
0.615583446886
0.0817601378044
0.421531612378
0.770492927445
0.549278176725
0.086370853953
0.947215146191
0.636476314318
0.858880020892
0.946067398694
0.0702057837919
0.922938720858
0.118567303078
0.943498464147
0.600141474375
0.950234087382
0.010872346672
0.549274882561
0.669371768705
0.395062783668
0.663354851105
0.702796703974
0.668985668001
0.949128575523
0.834012319657
0.908636332556
0.109126523797
0.32767630517
0.346782097074
0.444151004248
0.328985401359
0.779130984254
0.534350052599
0.175598540172
0.42720027303
0.424201129084
0.865166180492
0.740903199744
0.61353908481
0.702508104064
0.0537185579136
0.232148759702
0.0519942997848
0.477723035169
0.273501818749
0.0353406962484
0.498226079181
0.948358874386
0.627709085875
0.667954834532
0.671716164484
0.513724539696
0.695800286739
0.029572591896
0.894675420541
0.791398697828
0.403670695446
0.882689719181
0.0420970510819
0.0796648535288
0.643116045013
0.913634043916
0.0977767524675
0.840395978814
0.839651659234
0.886003685903
0.988496835515
0.713918016672
0.506032305653
0.528007357544
0.20853333497
0.890503332253
0.181562994362
0.114603479126
0.794902363831
0.331324872873
0.709362499179
0.780818730341
0.431994354553
0.345445090534
0.474373570844
0.446656038996
0.839414097104
0.255853661985
0.0808211186463
0.646330246124
0.671214960959
0.288187076269
0.690601138249
0.489068818005
0.967701736449
0.370057560621
0.667062547218
0.357836700152
0.226978229716
0.203580376369
0.27476304099
0.896950149281
0.52365394047
0.340245308307
0.59515663843
0.131042484787
0.916582107463
0.105159519725
0.799175703503
0.813519297359
0.8088309771
0.193506864596
0.682238819708
0.490684365872
0.206482972895
0.568450021429
0.25029060937
0.842722887058
0.877538106767
0.307694899825
0.741834890252
0.728277395939
0.489734471096
0.276083794119
0.598431268811
0.624502444919
0.55630333646
0.430743690604
0.053902242755
0.3419216385
0.262214365791
0.730956696519
0.297409713117
0.918139216662
0.229663327642
0.707735044857
0.0162560116898
0.54005336579
0.720223799594
0.794502679537
0.750320471447
0.15769373369
0.586216474686
0.0391474658351
0.0389015615105
0.843783527319
0.84128224711
0.293965365508
0.556337406844
0.048663491951
0.74340313831
0.532019942107
0.376138717573
0.0542794111515
0.360128123077
0.283329563326
0.762045683794
0.329913749894
0.884339607934
0.26540944822
0.270191153594
0.145020358447
0.145020358447
0.811923397161
0.753561053617
0.0539444690977
0.902534830333
0.418752869625
0.271892496084
0.976237473532
0.907065590832
0.600045749009
0.779171863266
0.823720671371
0.444151004248
0.844858288896
0.405177243672
0.219617378069
0.57377049384
0.932554946524
0.768289645961
0.43042255715
0.556248630348
0.439405590155
0.940144958204
0.889307631318
0.10902242438
0.81983688438
0.398196141526
0.895119582841
0.936731771192
0.553158326441
0.876643777385
0.956436181331
0.868370735517
0.0477129218741
0.889103591092
0.691427158993
0.431371092399
0.115633150033
0.532235166407
0.903306626018
0.402927189124
0.428405809296
0.501652316049
0.505206718085
0.599636429319
0.955806286966
0.373073394903
0.910991000933
0.888973435383
0.502095364801
0.0616979414979
0.938824685666
0.854760261264
0.929063892296
0.180354141323
0.169208762788
0.853117095968
0.634175958199
0.945496577104
0.947423340019
0.88134498845
0.308870481671
0.114102740315
0.351362120347
0.299542401628
0.851802809678
0.710711425387
0.647341784236
0.123693018218
0.500329902613
0.267809803398
0.967514733249
0.323653524126
0.509434058851
0.113749504122
0.908300087297
0.191507445591
0.869358529467
0.93674774767
0.966655442258
0.414555631909
0.894675420541
0.595679171862
0.655692397443
0.882258163337
0.251349337603
0.977849721564
0.0839276113255
0.314597325284
0.737979244784
0.434704947861
0.991144970255
0.52786212173
0.338633213132
0.0730820347468
0.242149407227
0.210106086209
0.982395174459
0.573096038638
0.623214102685
0.737453050624
0.0877723462687
0.36240091742
0.214065286358
0.9405270861
0.0253578297578
0.127650707333
0.20984186949
0.159220180315
0.701536554206
0.893884477524
0.597917919772
0.604293340031
0.646665938728
0.608222563795
0.756619549356
0.187705300725
0.0646521632035
0.939286138115
0.910278712364
0.303625664738
0.266159876573
0.227540379911
0.196918350271
0.0429402069127
0.672687224456
0.750242818719
0.293051823375
0.95775451096
0.894224584587
0.147371687458
0.90004286196
0.943288302983
0.933391677896
0.84250450995
0.87710326283
0.786711346665
0.827186446615
0.234804504541
0.0440140793884
0.791217307175
0.26430996362
0.880415426967
0.786117977054
0.0992128693759
0.108627788077
0.971342299452
0.370001883821
0.323599152341
0.813021605114
0.105326214418
0.941685045779
0.541810065599
0.6317067576
0.534972092182
0.123763117445
0.956521552328
0.314402819172
0.0405513573516
0.82500780179
0.692539061544
0.925144418111
0.107134885565
0.480909333636
0.642453117018
0.319353957504
0.753540306554
0.702899602363
0.480062736446
0.807103805629
0.932254719247
0.698901128447
0.0496931818594
0.938074084514
0.45382542288
0.154384064363
0.892480222971
0.313598839519
0.886113510542
0.327136918202
0.421293903766
0.423336160246
0.150690119979
0.29489906014
0.0308148183851
0.0902022761179
0.781693125364
0.303994243829
0.482260894406
0.961407035145
0.0369280333514
0.655916021651
0.784668397427
0.0810954151339
0.680792986069
0.704889395467
0.689982717421
0.484733532933
0.343754725861
0.0603606943948
0.923384817378
0.611278097496
0.167017729032
0.667790416484
0.326308753142
0.216137071615
0.719364048006
0.756124984386
0.966600107039
0.564886996452
0.463880265661
0.465518284412
0.57082067259
0.908585067871
0.23601318335
0.718597529501
0.0454805313351
0.666889135749
0.0268570173441
0.200705287727
0.176033098712
0.924916608948
0.621563866776
0.921416436408
0.348039129624
0.385006157716
0.649699957197
0.126613393604
0.58520633133
0.705414771143
0.0863205136259
0.221811538134
0.258279580525
0.256738256119
0.623994708228
0.0441223558715
0.369639803518
0.12198082248
0.0157714266554
0.146904009444
0.0840147674557
0.816162773308
0.331880360873
0.673041361734
0.801485571282
0.225954740591
0.927239842561
0.871588579328
0.545944413308
0.874856565444
0.957457609904
0.0256558132776
0.504276220297
0.970980174504
0.38571358755
0.786031083929
0.0382120849038
0.451281659042
0.266485411824
0.469392266307
0.797647543383
0.665574230747
0.298105174
0.0982942109039
0.771658564591
0.0308569996783
0.784051775863
0.980167694119
0.621010483981
0.133663070182
0.0325196602927
0.341930741382
0.240950254179
0.604735730895
0.73326112917
0.0322834251124
0.716727832549
0.9014879838
0.581462825846
0.980257225284
0.952783331194
0.698224839729
0.914378174587
0.549230159755
0.876817187589
0.255662110305
0.262078478518
0.22307714425
0.385121575031
0.199806257225
0.983251961335
0.262092959403
0.786324061572
0.11016323902
0.554003082756
0.147626147683
0.782946088051
0.862731915305
0.212501670174
0.0751970097667
0.459231522853
0.156944355271
0.161228196373
0.0752069810704
0.200456144374
0.0326778468678
0.282763223528
0.404250849603
0.954504202612
0.293620042874
0.396488351453
0.451378857892
0.855612226833
0.163818527194
0.665227426281
0.571976626229
0.29912327957
0.961432625357
0.502021796896
0.181151778345
0.462859469655
0.152913392238
0.632852875958
0.0965685186617
0.497037428363
0.416983292813
0.646511459833
0.524039433301
0.518357919654
0.306886074479
0.61209930962
0.165390853411
0.802543613212
0.409238727811
0.210365436487
0.859411350903
0.343908907489
0.498866467333
0.898729596947
0.183641003213
0.369238466611
0.598665776133
0.257915681951
0.471204079579
0.427330547461
0.245906390068
0.208261143063
0.431737632875
0.680418256524
0.865905976763
0.390808429496
0.874772600736
0.954922936018
0.46913622485
0.452489275537
0.951850333241
0.909210724122
0.657848685647
0.608552157754
0.971137001717
0.050702329441
0.6911372132
0.864048078408
0.270566922673
0.132477921751
0.425726719993
0.779404932601
0.328004030323
0.717621039946
0.595750209119
0.862846317651
0.218146484657
0.906570196669
0.097385848776
0.956192351937
0.24448082087
0.484089502557
0.717447980039
0.78936680831
0.435377028749
0.912759589693
0.013788545618
0.196197535929
0.809097757196
0.643306591371
0.456273175506
0.835174416154
0.233507628381
0.558000045096
0.84509894606
0.406609548076
0.16344805058
0.963289231579
0.655479190559
0.340144397292
0.988786067998
0.414079945369
0.153233052777
0.684606230853
0.513793420742
0.82800014095
0.296577470078
0.0512176129145
0.462616350747
0.966138443055
0.417699056926
0.566161924446
0.621530860512
0.675999233553
0.798992326419
0.98717907795
0.813519297359
0.625737687019
0.931675325079
0.746145130102
0.887083842281
0.179607508796
0.600568835806
0.654520601895
0.162625858559
0.766433486028
0.434241683441
0.259046457185
0.943774638021
0.0690107677547
0.482085988233
0.703954258599
0.955647342253
0.504136760697
0.38147815431
0.973540113277
0.538618444629
0.765177934999
0.0325469140244
0.171383550839
0.395585318206
0.836988374537
0.157508172241
0.927098466086
0.113544352054
0.880022717949
0.0133178029356
0.409116869357
0.109026663876
0.906671124016
0.565465803481
0.434548419945
0.234696745205
0.22345329069
0.765678169219
0.883540410774
0.861130202397
0.232106128108
0.175512918391
0.120810759672
0.48182808495
0.882784739609
0.962743542072
0.935902878227
0.520019053252
0.946602295773
0.457574777183
0.0685987397025
0.614911055833
0.343384376096
0.772324738474
0.8745020696
0.201070102163
0.576693853511
0.176848306663
0.273593508775
0.493640312923
0.26692454656
0.355670302073
0.771886908259
0.615424379071
0.147689229783
0.0844598838046
0.574052075751
0.0168048028852
0.118383171127
0.186790362046
0.790332680895
0.782862791444
0.31488359001
0.904381403079
0.104290389992
0.792114379449
0.0530880477182
0.472957750136
0.576355060383
0.972653345739
0.830403793333
0.741509297511
0.0848482155982
0.494108952513
0.425498916636
0.951108757577
0.190890094012
0.595613431731
0.0390393356138
0.158578948428
0.180426178407
0.412635161383
0.397859622195
0.856621189722
0.323653524126
0.713829186334
0.879014121803
0.344101072521
0.319800588749
0.730110985579
0.100020380433
0.0194354870472
0.622434159998
0.879212382416
0.765904941973
0.212517113546
0.0726502263257
0.541347587121
0.203937210418
0.421011350406
0.381696835096
0.660327539342
0.0702842603289
0.182822224548
0.41910135765
0.459990784963
0.670311795035
0.56580873434
0.603224551242
0.970850365774
0.0536504505477
0.291379086511
0.891724086621
0.239384667315
0.906033205535
0.496038081744
0.954068654256
0.528767729448
0.98085866914
0.311907522809
0.209528296243
0.27431769537
0.956348103367
0.262344917687
0.522661348297
0.78980187558
0.56256821818
0.414505378642
0.116675247685
0.529447935685
0.171386524246
0.189582130973
0.748679919544
0.739984462992
0.833501506716
0.586090136326
0.663940115462
0.727934514039
0.390051512485
0.112642238783
0.485609742487
0.324555241157
0.0396157308692
0.322124608572
0.803685376342
0.8944366083
0.976223175887
0.104471713868
0.854135321052
0.849615701699
0.502164866759
0.934672446293
0.270012089701
0.282094774002
0.225564867411
0.304237048543
0.382915737698
0.140965788799
0.312722918643
0.716450099077
0.948851122037
0.517596106821
0.899388750079
0.124941474118
0.503715468038
0.426429896364
0.0941771386201
0.744950485217
0.834628336514
0.0403146160428
0.130014864657
0.18520582641
0.575016596878
0.734611616326
0.247000549034
0.629534811617
0.0787660443857
0.193954296166
0.15216558057
0.187710478037
0.766046632057
0.103909343871
0.275945119662
0.573808485694
0.856683180686
0.112148634022
0.0250932062891
0.632220846086
0.577980394239
0.0723327920242
0.501265944016
0.764936261056
0.586090136326
0.489004094707
0.839264470477
0.887021110024
0.921805671483
0.0536417518415
0.833014026281
0.0470804390105
0.791723563004
0.97222538008
0.373328525441
0.572709542792
0.494793560904
0.0100977635549
0.513288242884
0.0246034226327
0.896816139209
0.161950064624
0.244995486099
0.780770585787
0.903051939477
0.838232962114
0.603610795065
0.768120990058
0.130717417598
0.904098312904
0.617792230314
0.983179147699
0.143396140884
0.861078565096
0.104841887053
0.567061988248
0.456288808273
0.626186685082
0.850186258911
0.842320088517
0.327632741077
0.921861953741
0.433575278117
0.41348576592
0.531968342346
0.269036964715
0.904396950654
0.832745204263
0.312968443078
0.593464976901
0.790414352049
0.0731611132202
0.625574162781
0.521824900708
0.925715842855
0.390515734785
0.437762371381
0.228191667208
0.0449662415383
0.242766897999
0.174362902583
0.165986566654
0.573076115046
0.235785383691
0.766605755372
0.897617280066
0.208701636556
0.97281169196
0.203901485224
0.760409692727
0.678331806439
0.367180726999
0.406489762545
0.292986192315
0.745001783752
0.155285289022
0.578021923938
0.752870457101
0.866295809262
0.498235794104
0.0563559959224
0.209857783372
0.806454374213
0.705519125613
0.534796846531
0.28905243724
0.111414730454
0.29097099206
0.708981081549
0.721575584083
0.921604933103
0.189710999067
0.868672256091
0.201187721
0.859454798301
0.820520829796
0.433069294584
0.857625184132
0.674264859892
0.191563832374
0.647194156383
0.79467887485
0.873368280387
0.475359695473
0.944425316006
0.426205727979
0.0130947643157
0.870122264521
0.797387868784
0.766922344318
0.300203818541
0.338438215482
0.838903990853
0.373135317573
0.108340414001
0.115183547482
0.0387514056104
0.25433916103
0.901867851534
0.716037708262
0.891096021137
0.197054152066
0.341826995305
0.798972554207
0.945626728769
0.30648204514
0.236136233583
0.305616657311
0.609480172935
0.216926195433
0.16781725808
0.10683482718
0.394948961048
0.627249962661
0.90325343246
0.437868214206
0.935024359353
0.143924854011
0.458716877666
0.67063135559
0.0492920956613
0.0187696329309
0.279265574821
0.50315372834
0.126496484315
0.0763620600293
0.170529075856
0.949573807714
0.0151558840947
0.727710268364
0.202003218518
0.615723722009
0.287478266254
0.913572019718
0.672059479712
0.714791248696
0.77162261434
0.837116682794
0.107810503243
0.748822535559
0.0858282226777
0.506925608207
0.636674790381
0.0970951697485
0.868432108618
0.889170117824
0.639847800427
0.649479579106
0.283894498137
0.298982022692
0.522145463193
0.646153339334
0.776825059487
0.522339875413
0.117439844363
0.399536135684
0.669635672146
0.802040490922
0.783553602727
0.841169007935
0.926256802696
0.675499239793
0.19090469983
0.213536185178
0.955498581389
0.110984901293
0.793369279658
0.18824022028
0.422900891862
0.525380647736
0.540759848694
0.298894295851
0.0616644450938
0.588958435694
0.967584218175
0.798882411238
0.955822578192
0.330665583376
0.315988484538
0.555558563611
0.633508170524
0.392148018093
0.312923506188
0.228365695323
0.798756158797
0.792091931848
0.932255203571
0.843598431847
0.0890536293401
0.872991851544
0.159684421211
0.190562396928
0.461352282856
0.262326057687
0.2898993606
0.938973120321
0.846385311891
0.102479201667
0.232196600703
0.155255561617
0.932102781134
0.980932828421
0.298470974312
0.499619533897
0.542214113667
0.930013741862
0.124853299782
0.801465326309
0.0447874939792
0.449853539571
0.0380452207663
0.823303401848
0.521328414163
0.0418309652689
0.115788769755
0.455642368584
0.762537024245
0.887457637607
0.32147121423
0.559382108408
0.462051639658
0.770244077695
0.584860497641
0.482329339035
0.932302915348
0.342389991658
0.712378284098
0.0840365695369
0.807333460266
0.907050057589
0.638001856598
0.982579149355
0.526790126501
0.979265226769
0.427082317654
0.952314166817
0.237536526087
0.933847734734
0.417171624777
0.795038551604
0.432929923654
0.970757055262
0.888062724751
0.489848247812
0.515985417283
0.937903452434
0.826464669006
0.278335612997
0.047508270781
0.227814971109
0.767170511117
0.865057220018
0.497004251448
0.640189887368
0.842240824131
0.456508904512
0.987927370854
0.895187267146
0.679488300876
0.103477852314
0.701617281179
0.282223010556
0.894980981314
0.183274843546
0.777874496154
0.713774491929
0.896061035602
0.839840897671
0.249468499186
0.924705323662
0.85912725594
0.525641302318
0.55426833346
0.93281218906
0.400925677671
0.254407342262
0.0277419568141
0.0944075238552
0.937989429204
0.266860836924
0.655758402523
0.282308338989
0.709500524778
0.167859921303
0.985245880998
0.709785798966
0.876931691425
0.0799332040431
0.47669288842
0.257099474905
0.476560484696
0.128443797746
0.927295784618
0.767715357027
0.794210396739
0.416983292813
0.614677845926
0.718442516407
0.0423143377285
0.109425138364
0.0959286494478
0.0730070249947
0.705611945587
0.182549415079
0.0664265799276
0.067546860688
0.174591153094
0.947449692103
0.553218320705
0.142043574886
0.0862647894821
0.947347538743
0.158500626336
0.62034164576
0.293353178091
0.0379732386222
0.365577770215
0.7770071627
0.200384926032
0.941110921765
0.540291124438
0.550209571142
0.0291692369009
0.78795948188
0.705927097788
0.170792208746
0.53246227245
0.381460699787
0.0369397388039
0.459379398199
0.899956876585
0.457441775036
0.593425075904
0.844949353286
0.434271355396
0.203332280639
0.759983445995
0.290425857074
0.356886810174
0.0796215262145
0.198295687711
0.549783002196
0.0615091743965
0.787558582212
0.502716157293
0.525099944049
0.190409054269
0.859150489079
0.46885185681
0.656757294741
0.0160376038002
0.871767297068
0.431262705173
0.0968882057491
0.171768925769
0.300718555141
0.843657914836
0.177826068123
0.128299233989
0.948439461306
0.0596959784578
0.473050268948
0.046443469239
0.663224208753
0.623994708228
0.516282516587
0.77216926441
0.407346110703
0.0293946165898
0.0368189806353
0.197983744232
0.119164730386
0.489575785088
0.493879318529
0.157699758838
0.697528768776
0.167150887966
0.618526555662
0.417832986983
0.918001721955
0.705863702852
0.356370892221
0.839414097104
0.49383274071
0.204486616104
0.544069294763
0.0818980398103
0.531671098595
0.207735767347
0.36836449771
0.433195948962
0.596482168846
0.516552503476
0.710866497449
0.43863154681
0.579781788569
0.908177870076
0.766638473332
0.814464781847
0.720753706845
0.893697534686
0.0539444690977
0.694369339722
0.0680526753582
0.198408168891
0.898967142288
0.460019183606
0.910644917965
0.659483651272
0.403958501089
0.0509142395102
0.00891419057097
0.135956823295
0.161893137555
0.564860562912
0.387768252524
0.912847338567
0.0174557922134
0.501532609758
0.826806139623
0.415791542165
0.708748099704
0.452852177618
0.278423905698
0.855101972162
0.821749907305
0.834121523266
0.367390777868
0.488888549107
0.230670304899
0.981321079254
0.184591169349
0.923388023946
0.512132574384
0.35000955641
0.305915369258
0.644671373205
0.0821162688703
0.229495386807
0.859860034257
0.20806325317
0.917480944232
0.105911577504
0.960793332006
0.9014879838
0.879860154094
0.278991406435
0.477154134328
0.923809857025
0.557452255644
0.355535116827
0.416594413452
0.421036320792
0.597917919772
0.334907457166
0.828451198533
0.691589177031
0.551956561824
0.746508996024
0.90537086971
0.0865111908164
0.758109186034
0.866966791845
0.702299470476
0.785008991287
0.513296081213
0.680213468228
0.387083944475
0.697294918917
0.991073258583
0.356501117054
0.541829193343
0.613200932835
0.819505699613
0.537154430623
0.921879922644
0.0819992425891
0.830259659695
0.334395676618
0.67277583498
0.933709786426
0.694529360707
0.976881082978
0.89915259736
0.864599737044
0.784039210294
0.204696090202
0.629214662448
0.854456552361
0.0685012017641
0.376317266252
0.131448741427
0.174577245661
0.950888239399
0.490611702542
0.517294464284
0.704730377467
0.729114073538
0.118216979253
0.94862337865
0.936286056234
0.496753274404
0.860926549228
0.26228091902
0.517032198435
0.0861728384782
0.040860731204
0.185379105232
0.0926860656356
0.913373763499
0.722649252543
0.0463691884283
0.0681261935785
0.652385396476
0.368064103006
0.560303519187
0.849259432062
0.921974619614
0.118448496504
0.915870803971
0.751095595132
0.102729814053
0.806763986615
0.0857747448773
0.915870788167
0.120028638161
0.719879062392
0.876171410824
0.676211585966
0.390474740486
0.164542980748
0.167011400889
0.405721748432
0.140169807646
0.603025060229
0.559968741878
0.32724416014
0.0696969563052
0.0387672173193
0.630837599825
0.21598905576
0.589336408981
0.515198074839
0.211558126304
0.224590259961
0.125283043334
0.515028741139
0.920111703747
0.60171038314
0.0666207884366
0.960588832453
0.930908277718
0.619680354424
0.149823167047
0.957948995639
0.603129328729
0.64708308022
0.458363917167
0.434382751908
0.729917991302
0.133036901233
0.0597739532812
0.444168238389
0.191041426865
0.738475950921
0.921952935792
0.217376710828
0.540444190562
0.715262777628
0.228629299302
0.199406386775
0.620865869479
0.562204041746
0.401406428536
0.558953712638
0.611742780914
0.653577634164
0.639070043144
0.835338044437
0.182232921
0.600366632441
0.468510059904
0.549278954073
0.696031561737
0.465448121794
0.584034425468
0.898524784039
0.108159662932
0.873277533869
0.409668956957
0.328569928143
0.850768494455
0.861205532067
0.852878035143
0.25909492229
0.286283141611
0.325186711673
0.394841306326
0.0316146657906
0.407450457306
0.275304841674
0.14639149117
0.794684566498
0.577507364965
0.668512155257
0.856820144476
0.44094075905
0.606290353383
0.758846572014
0.252331128213
0.17059697979
0.137628607789
0.966253335339
0.0800767267807
0.225697108489
0.367117447353
0.72534374507
0.945069794831
0.642839852112
0.0745918314124
0.404417773953
0.971622372418
0.880525482871
0.275482807303
0.0438223598365
0.193287267024
0.881095768819
0.726728945744
0.80181677233
0.746625683868
0.426708084475
0.492020804385
0.621155867868
0.482082114149
0.556280741026
0.412430141374
0.84604361727
0.504136760697
0.878998070193
0.0853835909142
0.905023915834
0.819696356691
0.497824380897
0.16859713958
0.473057313601
0.344979076139
0.838471918168
0.306798369921
0.456904369467
0.515022816383
0.706569009992
0.521973845991
0.0974697505584
0.624445270676
0.937032066201
0.943507212982
0.815826693446
0.871448270977
0.477887891427
0.717802896879
0.129509635442
0.411360083953
0.150892973445
0.508732726342
0.676612432666
0.382772710694
0.937098521642
0.906719014789
0.886208458447
0.922255520663
0.8990235214
0.969597952724
0.962276880729
0.507434684077
0.535972105298
0.688196910348
0.920787455745
0.190192052811
0.170330262052
0.107612840315
0.835416064319
0.902618156559
0.0460304082222
0.0662348120073
0.4047482889
0.928685572942
0.470147473061
0.581876825038
0.277930437416
0.501747689571
0.0926203017194
0.443859395929
0.737759854192
0.483639372612
0.605829545927
0.8689080196
0.285763810295
0.546635263296
0.247772516767
0.0944230053816
0.465465647511
0.911113179869
0.918585353027
0.481423524945
0.9380541262
0.580919211267
0.677734099533
0.915727261371
0.486252052681
0.21380185228
0.843238498023
0.1593670055
0.39070866291
0.39270197388
0.665174487233
0.220560112285
0.176059436623
0.337852203035
0.712938659536
0.77680354031
0.890064266994
0.713938312404
0.622189027436
0.3785325914
0.841742485173
0.323370970483
0.398191532121
0.76697660302
0.959203418354
0.0630046781602
0.466473396919
0.296967041141
0.176481018663
0.902988429482
0.727316854613
0.918257647978
0.527049051936
0.252721223559
0.16388582253
0.0570023522544
0.227113687145
0.321945230581
0.642809206816
0.995486071528
0.891096021137
0.324235702202
0.717608178992
0.906769016676
0.644280734937
0.169800755515
0.940938992365
0.309647740426
0.542321499466
0.529742852096
0.680568745563
0.351913418651
0.406489762545
0.935241052924
0.952532647677
0.174446160243
0.326115570097
0.124774499003
0.104845673242
0.19357946433
0.79535441354
0.577797172621
0.832893493494
0.82500780179
0.913241251989
0.973334420126
0.569519710602
0.331561144765
0.136261501254
0.930948735963
0.856611451133
0.692792408346
0.0521236360108
0.601755283748
0.276834580841
0.842597437975
0.171712452927
0.743292108563
0.796754370719
0.892996098307
0.0822749097665
0.50738329831
0.588235518451
0.910865166909
0.424200143064
0.801203467519
0.906082837366
0.46385348794
0.249007501299
0.417101481358
0.541384813593
0.301796329904
0.947469951264
0.729120814277
0.165693253947
0.285187398484
0.914694240878
0.201897590453
0.302158268498
0.899418708107
0.68989661159
0.099526328362
0.254713739946
0.877871108855
0.486045220387
0.982934357863
0.777593341881
0.586314151363
0.677616812826
0.0938814308493
0.867814901745
0.55426833346
0.569130475845
0.578340856006
0.0358311746991
0.771760078974
0.136361991445
0.827100516188
0.271462922631
0.910055692032
0.935833738002
0.250099799225
0.905895246558
0.55992019454
0.0882642998532
0.492402873423
0.746170126725
0.791752307752
0.0445996593659
0.789579306578
0.975995301626
0.0287133393813
0.588194405783
0.232429675247
0.592136141497
0.735973157558
0.500346982175
0.472141083257
0.333986388704
0.127771855946
0.664936131723
0.829667928095
0.429756844754
0.424267582748
0.851899407309
0.0718886288739
0.863068578606
0.424115630892
0.674803418506
0.170545407088
0.665068099935
0.630109437583
0.924217521414
0.242763661354
0.065539105591
0.171098543347
0.933373844976
0.865849505572
0.426644640619
0.740248912829
0.576961293982
0.192899254473
0.154195015628
0.089981478328
0.115451404477
0.741500457895
0.948816588392
0.740577593413
0.3405994718
0.335565563471
0.38449194073
0.893786193655
0.804116175116
0.122647947028
0.840395978814
0.65897849669
0.749779464532
0.118266551752
0.244398887121
0.570506216637
0.0715348048954
0.384183747173
0.49364623256
0.694556341291
0.189440977215
0.518709433197
0.610700502319
0.978852385327
0.346421855475
0.90938770657
0.402512992024
0.188258745485
0.165321843774
0.435182633564
0.651446442309
0.862122345504
0.415166063949
0.195303069413
0.739500245452
0.182444105074
0.09560464623
0.512249062692
0.686225422226
0.510727656694
0.984957630304
0.0246372897098
0.865426609753
0.710628141989
0.089677967711
0.779851628917
0.731336096333
0.210634143001
0.0223694649451
0.117758462685
0.359022437094
0.0690397553843
0.8467533963
0.581749140931
0.1565682027
0.138462629213
0.16664275234
0.944647617273
0.293346936608
0.735987667625
0.36208028101
0.196580216922
0.915866245671
0.611252673121
0.0666207884366
0.405636564408
0.136684827192
0.850022848962
0.856279852019
0.854666664893
0.23081195137
0.362013752428
0.34883265545
0.563017425203
0.0519584788904
0.891302306553
0.0421146504902
0.73520469705
0.564440888945
0.51500461863
0.0327803028123
0.105549879727
0.262078478518
0.142338644871
0.38975870094
0.381564115041
0.729662532618
0.735762334847
0.803494058957
0.385339206551
0.721109632297
0.360339857861
0.165776790926
0.970656954252
0.565555348584
0.986679444124
0.954879260937
0.207838906196
0.922358405686
0.43707863658
0.631705721013
0.0558738252989
0.0779244803724
0.873689720909
0.0398715282159
0.0524489593293
0.507870068397
0.459408772506
0.430948171306
0.512394908474
0.246618794288
0.429041526006
0.215791038216
0.0956055837483
0.616335501005
0.346012383761
0.389365175664
0.204881726189
0.609686972913
0.302158268498
0.873367257959
0.926812216843
0.275834327621
0.344180493476
0.80978161043
0.0432295838997
0.450849165999
0.540396334571
0.970224571662
0.890703164268
0.928742745019
0.46385348794
0.846669385982
0.872245076861
0.141488451343
0.820290419349
0.566036595671
0.886457121094
0.085185288435
0.125106393
0.583155786685
0.0987798134765
0.696769663278
0.728636191917
0.0981152590324
0.560853437788
0.370443249325
0.696072590562
0.984903173628
0.109661860598
0.448535748501
0.959619660632
0.901895382859
0.832910925081
0.256856997325
0.0816414574743
0.819523384809
0.320835234362
0.0440122840134
0.95814467038
0.167348574213
0.487330841411
0.087564025343
0.344486321364
0.461837629132
0.79691371322
0.0962573370809
0.941781976876
0.91451971918
0.620117437127
0.154381137496
0.120235242144
0.067957706306
0.222594772965
0.887986470336
0.148272695006
0.145944134112
0.0791990825006
0.529668743967
0.824141571106
0.1341717095
0.918041241776
0.543692965338
0.475005286216
0.606433956484
0.555112598372
0.519258348981
0.470383814635
0.746170126725
0.97052761531
0.973083189807
0.760859717728
0.120311315331
0.85027304412
0.198746589264
0.196982195875
0.327941791535
0.404422072203
0.38241040533
0.255258349506
0.796780682726
0.188719725283
0.123002612844
0.739092725964
0.892374012222
0.686510057203
0.832492458411
0.21489709007
0.631425013787
0.631843458718
0.760727412662
0.700182485426
0.650772948801
0.680818645549
0.460019183606
0.872828205199
0.0205404217661
0.427505983339
0.12793046938
0.677636743834
0.640238133188
0.888278361183
0.0755018729262
0.65857831664
0.0764834587732
0.0415300245725
0.776403809958
0.510907053936
0.361694550598
0.795750656809
0.124504879636
0.671046767749
0.128633991141
0.807679257397
0.937612948175
0.755492537145
0.896964546309
0.183448551526
0.433631853939
0.42954897696
0.566701949045
0.579121166012
0.212191040984
0.402474349244
0.087428834169
0.693451064049
0.0341675264089
0.454926742904
0.937844130519
0.687456375438
0.460106208621
0.0716522751934
0.584311237009
0.813296834804
0.862905378687
0.161031358564
0.940244137507
0.884737246572
0.721616676367
0.791474846192
0.700984844838
0.522130460062
0.564107367496
0.130299197794
0.289624290396
0.47003475634
0.685884832893
0.176660084688
0.958393599734
0.363742613975
0.916812048619
0.917978203656
0.100948802189
0.916751726481
0.150345286529
0.0553187362161
0.846730371308
0.921704157702
0.701558517402
0.751189138289
0.162772672287
0.609393910679
0.263071714641
0.153941792733
0.514344766868
0.552452241182
0.526862365798
0.931365064175
0.864787684627
0.197882807467
0.315758417044
0.85998363375
0.195796713737
0.748249031265
0.753596017912
0.683330617721
0.164533909117
0.712028510605
0.799193966385
0.423292531342
0.312313499069
0.865120138526
0.406341433769
0.241305336744
0.291578462801
0.596008986788
0.882972237442
0.194874042593
0.364491060357
0.390709891493
0.122541739767
0.776653682242
0.625573573091
0.435648487296
0.122062223584
0.411809961621
0.286606832007
0.103672134705
0.487706028031
0.0883569122685
0.325307228712
0.600727481412
0.300929882748
0.77144365978
0.101219225879
0.806424389881
0.10683482718
0.689607746456
0.771226098014
0.152395912969
0.818195011996
0.0425972473645
0.791860794883
0.492573510331
0.387083944475
0.0884935715269
0.289696069223
0.441364345193
0.880730840791
0.0531226610741
0.807526408004
0.0435978016885
0.479906772783
0.687389211932
0.612559124197
0.555861687842
0.952617363112
0.17615248588
0.811081986734
0.608007243234
0.418132395519
0.0849468955879
0.528789266069
0.934250862346
0.844077311522
0.257009835579
0.800926413466
0.129529135514
0.683867671863
0.984903173628
0.564522813204
0.379663685208
0.171572662354
0.906775529641
0.459945537595
0.860093627664
0.210188078842
0.770294852231
0.189440977215
0.750099659806
0.835376110705
0.53902327375
0.95338223083
0.311468921456
0.549728742143
0.266860146117
0.173375547795
0.561084685729
0.267251850564
0.5912498943
0.726811047452
0.676466721307
0.698274447835
0.485979146946
0.46449604643
0.750142008874
0.359543146866
0.308959469242
0.399536135684
0.261625154041
0.207237694813
0.176011523231
0.848143657256
0.731603077204
0.265674449648
0.223359665426
0.235918115706
0.44303011628
0.737027951256
0.634193476334
0.341365939686
0.945546498201
0.0314636913766
0.926157949407
0.955286701358
0.603418679192
0.201251018073
0.441881701514
0.0744061031352
0.781732866112
0.854666664893
0.963766341568
0.40288839786
0.753139422761
0.828502509017
0.211365522823
0.822561313139
0.818545192598
0.864920449053
0.249863527629
0.593237237486
0.316644159598
0.989510076519
0.630240605269
0.89485187691
0.20737002368
0.267806254199
0.712438865729
0.16107084865
0.974685015937
0.476460752698
0.603201746754
0.471032708532
0.543692965338
0.923238236317
0.330837573843
0.948861922157
0.797025725919
0.156256732669
0.694689162601
0.216722365426
0.121565698176
0.888079129558
0.977001846785
0.941813451164
0.255064114066
0.659336934375
0.369120056052
0.172250152667
0.733081655001
0.864992001698
0.121987159907
0.43833240257
0.114405373628
0.057967563265
0.951718534316
0.903872466762
0.193435615123
0.0610742376537
0.525272749081
0.929134411274
0.467564307142
0.978461713771
0.0266566013907
0.597517310508
0.922599340148
0.180037704288
0.220285390838
0.845836045938
0.304509803794
0.484810861014
0.886731959916
0.485561057008
0.644102948251
0.91651510236
0.874434034949
0.899693298075
0.198536721117
0.112420776294
0.681199209008
0.766974418504
0.708815523129
0.249188043421
0.622567924751
0.671978773113
0.00518953293634
0.165578793681
0.367283547514
0.765534387352
0.70814197787
0.491383337409
0.0268765812226
0.480062736446
0.836856349336
0.109972833905
0.812222712599
0.0664265799276
0.732367949126
0.749376405472
0.325828938469
0.631892761651
0.320344244402
0.908293494423
0.5611487474
0.82655862219
0.786991524131
0.632220846086
0.214654312015
0.770738959521
0.859519274271
0.789449638207
0.215434738088
0.916634276458
0.776996036357
0.137742167539
0.113058121511
0.346583696795
0.04777082288
0.121161366364
0.874949528356
0.218307349688
0.728934313751
0.958683844472
0.50573566318
0.472155887121
0.18136658333
0.383221144328
0.431281021371
0.214256205636
0.222804394058
0.618698561519
0.166858756603
0.547128079465
0.7391613686
0.870003644805
0.608552157754
0.539734059595
0.230297246678
0.524853878158
0.416611032563
0.403520766144
0.586721015682
0.155024303601
0.739795486939
0.131629393714
0.950611062458
0.1568284086
0.452396677042
0.671039249134
0.237750619423
0.808249331266
0.153089047284
0.474534061553
0.768718316515
0.766265220078
0.967200121542
0.239125040358
0.644660195927
0.926582418342
0.682388728185
0.880689966611
0.457677657851
0.915491098401
0.745224508376
0.22102753038
0.333781206401
0.938430642204
0.196702199496
0.0455626671886
0.394649238674
0.510000040836
0.864252320454
0.014178909883
0.969311639899
0.799008242713
0.191351379574
0.211861136385
0.249188043421
0.615303673002
0.154779448002
0.117139000128
0.586427549301
0.449863702602
0.886398784488
0.0502212429282
0.663564447309
0.43894942876
0.706190891129
0.117412847772
0.797677551663
0.0869072680177
0.90876278001
0.113980982063
0.570116810111
0.103961531084
0.570359455536
0.958436501129
0.95142995801
0.385004090994
0.130441925837
0.527681445659
0.816815549527
0.454076027142
0.928249063163
0.880553029075
0.329913749894
0.848017424971
0.748183415483
0.345148140986
0.459869234485
0.150594441195
0.323373966152
0.698709693215
0.815213321136
0.586248323811
0.94209312471
0.829182243633
0.90701572225
0.470560284987
0.466663463362
0.958725037848
0.952670694582
0.586761205458
0.965541569677
0.448166803129
0.457059275653
0.173259505898
0.985624110374
0.264996545616
0.173259505898
0.20853333497
0.393304115665
0.234597586109
0.154150293008
0.548548836126
0.578356690658
0.145359491306
0.872451686428
0.380769521915
0.465906719787
0.932554946524
0.938094045005
0.100926245995
0.0601165289879
0.334855601259
0.669972572154
0.446511343313
0.0705237661199
0.642070973357
0.607093494526
0.119992544315
0.0243024504995
0.324858881484
0.902118471432
0.927885435689
0.947215146191
0.336729338788
0.913226947275
0.380031570011
0.906412182829
0.463065373742
0.800962950148
0.231273077919
0.318759947963
0.274551810583
0.830389031545
0.431406934535
0.433701724459
0.487521561066
0.665224257045
0.547852729066
0.801203467519
0.386476631823
0.934153408776
0.935322498371
0.256545481957
0.308729829522
0.963475437975
0.590622822637
0.480143746974
0.491558748851
0.0243138309556
0.706845089914
0.582903130458
0.355534149025
0.532811825907
0.665939892289
0.936085258327
0.544914073215
0.927683321038
0.809957080397
0.621866374199
0.681812422149
0.916899637351
0.336407272469
0.831960475388
0.48096851581
0.837154874368
0.349809396768
0.699755178677
0.452209518393
0.0892345235696
0.585188697245
0.105595362796
0.50837100729
0.226508959223
0.377784209151
0.644541863332
0.219031074168
0.0145923647673
0.832420191355
0.330427658369
0.256644281576
0.433016115893
0.276444393082
0.724832837632
0.814741713413
0.701186837596
0.956786477842
0.496337728978
0.0547415857925
0.0713295788351
0.157946663636
0.811995649844
0.622998170503
0.825414291302
0.71719446711
0.170889455773
0.954334748249
0.804641707473
0.813932169919
0.937924777423
0.0247219100937
0.506341512347
0.318714817263
0.755492537145
0.648590240917
0.565296681559
0.95788502042
0.349227940904
0.193063320492
0.415128228799
0.907082950847
0.346580885928
0.435094262958
0.496582073364
0.927271220716
0.548668398772
0.840774900532
0.0262516814054
0.475495535631
0.253780452197
0.409476189007
0.336502357021
0.552146251371
0.726330794042
0.260381229477
0.543624535573
0.632016753193
0.208938026538
0.0493991480116
0.969977362956
0.204776015442
0.644387395713
0.0168847318051
0.866682656483
0.812143301932
0.751540252528
0.940565408473
0.833851241184
0.365917898998
0.678099943707
0.25952967591
0.551569973554
0.25439293072
0.736759780176
0.408933758983
0.976223175887
0.302598630627
0.270228958944
0.975791550609
0.122078795391
0.109611170323
0.937095027116
0.935948030293
0.310789319401
0.814690665468
0.859676988695
0.752075915129
0.384917814252
0.487764881132
0.447580908997
0.889479051245
0.698265295886
0.548359366246
0.812530998765
0.0886570238123
0.880518223817
0.835423249754
0.839042561932
0.494245754159
0.235278601258
0.774068246023
0.492201808125
0.885847510545
0.926134685282
0.335060140762
0.777885378972
0.730108471121
0.864754380174
0.0968731285323
0.94809135159
0.858507541019
0.721616676367
0.94346623431
0.872713426294
0.209857783372
0.321250613189
0.207969105402
0.203475931424
0.973733695371
0.609998678047
0.64335723562
0.30270128982
0.188397036177
0.448660177573
0.352478370712
0.19082785293
0.396100650569
0.818207115119
0.0289939505942
0.393480248619
0.405697451649
0.626781573782
0.145295589425
0.53056979457
0.098807755162
0.0841013995728
0.130855318491
0.987693015094
0.118490835091
0.0445709578905
0.545138666316
0.677302026541
0.110823930249
0.021786871434
0.876967902056
0.421807163968
0.320252193955
0.288198580883
0.913373830845
0.0127512503831
0.504914101379
0.162045446105
0.83554545116
0.0998948148266
0.771084067025
0.215701072838
0.407605069316
0.728175929901
0.0541754947107
0.267724681237
0.57791386752
0.106059321191
0.260379536919
0.106943343523
0.937049473245
0.410974524273
0.370082408206
0.549274882561
0.180197279046
0.879803115656
0.763181268366
0.136138442549
0.49820601656
0.650167188496
0.861226212424
0.210389492664
0.10664674955
0.130747212678
0.624942154403
0.0523727298543
0.135502545781
0.912452974301
0.421904278412
0.213906227746
0.172597949077
0.661676367845
0.929712455381
0.557321278765
0.524714375408
0.130102161337
0.312518120683
0.192282072096
0.515305745583
0.292834607416
0.422743419694
0.824741625453
0.63677080572
0.117950402642
0.151120684805
0.374893032581
0.772306138729
0.432405719286
0.106185617376
0.585668023069
0.963676766044
0.106613646961
0.56074734042
0.238942288863
0.763279827656
0.602334517032
0.225103112847
0.638714465589
0.520724355674
0.454374141043
0.0313684751829
0.160123599504
0.544834549838
0.843789075175
0.855940187615
0.0335736257237
0.863319530011
0.259123148132
0.645629752148
0.611849559712
0.666486431888
0.556692478105
0.914628271856
0.816916878304
0.687917690529
0.953830807102
0.850345786715
0.247889104469
0.413365429919
0.0959809185434
0.720175001648
0.227940778549
0.0814261377497
0.341878607798
0.673111851708
0.305722091765
0.819115245301
0.633959056126
0.886457121094
0.66235264433
0.947274432848
0.118989337222
0.0784805809402
0.748822535559
0.326564132953
0.311655642973
0.328852030381
0.332784255255
0.599895842979
0.620232814378
0.909821934615
0.118983415178
0.0729502855143
0.0515652996961
0.520058042129
0.196373083435
0.174507884267
0.063370082524
0.224366268793
0.0589332983343
0.647645988267
0.0357615288227
0.066620260095
0.981375123051
0.899221451836
0.198371008027
0.499279211479
0.861688596946
0.25768125417
0.228054306518
0.0507453513612
0.276172534413
0.083026336282
0.254088375494
0.187846579126
0.779912323914
0.570811580358
0.546314838802
0.656705583958
0.804436799209
0.334621842991
0.84423397371
0.71860080309
0.828257441854
0.658471725475
0.371986344856
0.123761304246
0.116275354968
0.534662810961
0.279524268824
0.884711005327
0.764723874473
0.895968956295
0.173320392167
0.269832413553
0.351306239854
0.244254160378
0.344649128312
0.57791386752
0.879834922458
0.317555158594
0.888211904304
0.467349913199
0.272122526455
0.060603045743
0.277002526213
0.422028034848
0.690921789941
0.913572019718
0.640487498716
0.827071673458
0.016560283745
0.464950710753
0.443438684275
0.267312756124
0.108865738958
0.322356026645
0.760477564406
0.609758219668
0.395479107617
0.0819992425891
0.239340578406
0.0731018154513
0.991313237515
0.502540571001
0.0686510051948
0.709949131903
0.0426706423236
0.887749204496
0.0626625805151
0.778337335212
0.844314277162
0.358212863983
0.777582754748
0.849833170633
0.962283073376
0.511886241112
0.676644410304
0.919813998861
0.359923115147
0.395308325421
0.366508071592
0.4846384441
0.190414764337
0.68585293119
0.317321442395
0.48663946445
0.933470902101
0.0909154018381
0.523112499529
0.803961909164
0.0972135138038
0.221183820298
0.844923699232
0.0159044328309
0.625915242622
0.29148211361
0.765847417694
0.884737246572
0.614122762042
0.790292539524
0.669820457377
0.816103217793
0.857162461006
0.654444707237
0.650729847981
0.561277493265
0.751134724365
0.585140787774
0.744274546033
0.504136760697
0.168551753783
0.830748221292
0.056273518837
0.746145130102
0.590863441
0.956519529257
0.744411979682
0.564917503206
0.0356017453114
0.911153871343
0.813179983383
0.780736741596
0.238760448178
0.0496931818594
0.276922543459
0.0931952387197
0.669265819975
0.0596959784578
0.681222648913
0.40892387443
0.417848965274
0.116351387728
0.608503867252
0.638925422185
0.0166965709721
0.214654312015
0.0938814308493
0.47736354573
0.737984118242
0.878246645036
0.713501733148
0.97295590457
0.499747032227
0.291806591098
0.34495118944
0.156260378745
0.356137302122
0.582321530338
0.209801616878
0.660749116647
0.246821948396
0.775789250371
0.601562547009
0.79453767058
0.448209535034
0.394600242177
0.929775686897
0.810177302529
0.282763223528
0.333757262865
0.506241496191
0.549179700876
0.782468113953
0.477399303486
0.809806502461
0.839731554123
0.594662859894
0.465244942588
0.892308096496
0.311409544514
0.550908780381
0.25466804258
0.841211605265
0.395737659489
0.18666181009
0.664784301909
0.849632387322
0.405360026024
0.129680496586
0.799863897101
0.215909873292
0.859285351857
0.179240424384
0.813156181118
0.495542865949
0.405403649823
0.820416061389
0.139419016852
0.0937357436843
0.0441223558715
0.934203648327
0.586248323811
0.832734037488
0.701844794417
0.603771181675
0.266048856264
0.559967844334
0.121216772213
0.257245416631
0.881621171258
0.927111323081
0.893294156373
0.886830623046
0.937989429204
0.756198432808
0.849833379417
0.25394333717
0.15986387102
0.814108103271
0.917122599083
0.332495989138
0.522474951483
0.826139589644
0.903789722935
0.331474562153
0.548491794262
0.144082328462
0.537469846836
0.269652803684
0.813438567007
0.869266351909
0.523210495793
0.594869094916
0.0113401899437
0.437186281828
0.498412626466
0.303713329431
0.589441406923
0.846730371308
0.544620218939
0.924029797074
0.624372465844
0.298460068299
0.295903312464
0.15854350251
0.790853999139
0.854677566411
0.570116810111
0.664066496719
0.829559239808
0.219031074168
0.210518180451
0.204279883392
0.723797512629
0.816975938507
0.379123956507
0.373382595156
0.937805056148
0.832302125541
0.519821921086
0.872537716469
0.8940435824
0.94435272455
0.582549484941
0.839285427493
0.856714529336
0.431663299617
0.19342431116
0.940671162554
0.472162645239
0.145339371882
0.838549253462
0.547007523826
0.865905976763
0.990908496642
0.189710999067
0.830034109312
0.376080798352
0.844296884157
0.835878438636
0.139552859836
0.982501871486
0.345648305043
0.122786970472
0.412654402837
0.571324555354
0.939150382081
0.442141762415
0.804628507033
0.0509641615565
0.964311667222
0.383030419795
0.187756828184
0.54726727383
0.918053951007
0.202690286085
0.403458478087
0.539152302204
0.936521326986
0.125280729504
0.950089690089
0.0663244160375
0.658995210489
0.657267567886
0.950129403195
0.362894783328
0.90921068276
0.0347235954764
0.117795370269
0.295868598475
0.121832549615
0.252925583087
0.51265563084
0.0784041413768
0.0895429008031
0.803618907211
0.69342951034
0.444846466922
0.421107111322
0.626926268213
0.933049770143
0.551399872273
0.881689193764
0.394580112296
0.860592166177
0.943217128235
0.382693491066
0.666379529031
0.191863941299
0.538906161558
0.514978643281
0.572705019855
0.688649679287
0.574808739519
0.362696249877
0.855069938897
0.394731940122
0.736289106912
0.761298567294
0.0766143467392
0.614385858184
0.546748991153
0.0626625805151
0.620374384464
0.0310775214432
0.0751152157508
0.8944366083
0.928308800124
0.456705075709
0.0735574140318
0.0137332312439
0.121449651974
0.445112207078
0.680568745563
0.544577869782
0.688881092825
0.304384048241
0.657957088341
0.728175929901
0.6403902459
0.268521911234
0.288542367367
0.803543221623
0.372212257397
0.0130755755627
0.30847204049
0.867841229764
0.986112621147
0.20744397847
0.106931081809
0.0993235911192
0.587761129216
0.0515299058094
0.211841424908
0.860549669816
0.639950902201
0.0411937405799
0.863668773504
0.544064666134
0.192352304259
0.547375521782
0.0946653765636
0.411107608987
0.159387611152
0.238052391952
0.855069938897
0.120499398877
0.314395122475
0.049593817762
0.904581374961
0.363508418928
0.768537572926
0.308968571793
0.0287518717509
0.991144970255
0.0506245815341
0.912995547702
0.520799936147
0.551179064397
0.760727412662
0.421288351259
0.630407609815
0.84208058388
0.665741216059
0.956519529257
0.933373844976
0.341572643611
0.504475306809
0.910036138147
0.889442255341
0.254383549371
0.514296728372
0.985943419615
0.414602369258
0.850588195593
0.134598919449
0.643101427314
0.310556743631
0.82581386509
0.0811599351264
0.947312688991
0.0396753417868
0.190531529683
0.630298805545
0.835416064319
0.882527849437
0.178819351378
0.0588965357919
0.901285521351
0.0913686966817
0.528814363206
0.155364257733
0.620108697051
0.35838838256
0.56341618225
0.32247888172
0.0696983381326
0.788528728571
0.665059356116
0.33695931827
0.0373416473492
0.936952024553
0.708981081549
0.620374384464
0.450105702317
0.464038791804
0.256164216309
0.0756830962936
0.721058519126
0.704828924563
0.0694668159717
0.668846844142
0.512137379852
0.538976579164
0.771077993125
0.657062653276
0.90006895454
0.271462922631
0.327880223728
0.842933434373
0.698100393032
0.0875295878113
0.926648017797
0.061289354033
0.43707863658
0.678073027204
0.39030832262
0.585952210519
0.0582507337701
0.793539992252
0.116665056551
0.596715784289
0.923979770918
0.0659243214098
0.710113841574
0.22715042948
0.866482009519
0.585592426551
0.353245900549
0.579102097518
0.187099612938
0.0323400343275
0.0702676953378
0.671147768516
0.14181367078
0.87411473739
0.42802492668
0.0149536014951
0.256012841734
0.870122264521
0.374343104831
0.555290765741
0.283729168167
0.685044621155
0.660816538373
0.717630614972
0.444203263042