0.284570294506
0.815945374495
0.0505065093389
0.16045394398
0.619490244726
0.236834890168
0.556849651004
0.947297930387
0.0356180919034
0.867224684088
0.261652689201
0.905251728265
0.544046753869
0.511335084986
0.931279866134
0.877834517304
0.954891544806
0.238940867162
0.893425318188
0.371004483866
0.826391879328
0.0565172181029
0.887034643503
0.777476316674
0.0846193583592
0.0391205812232
0.0765758502966
0.450434369603
0.103101555844
0.716294192501
0.0645617368019
0.93295764224
0.694237946044
0.826142150734
0.645441716378
0.435864763414
0.438762104861
0.306117460659
0.723932453252
0.626620886087
0.769346602075
0.0863624692131
0.123297659316
0.967403926451
0.10401209552
0.517365425673
0.706580667901
0.0562512095605
0.0774590793702
0.494877977486
0.119055696499
0.10822506139
0.0748416381631
0.36474908111
0.924378648812
0.160039110573
0.259057083968
0.562640107598
0.0574820435536
0.965571439543
0.139125611126
0.640845934443
0.136154317753
0.464433230575
0.703033632427
0.0483317464889
0.483153577535
0.271592068057
0.579429983419
0.580219756104
0.895910601636
0.20569952541
0.242137137127
0.493356587583
0.656911053979
0.89110303448
0.480135355009
0.600822285652
0.241041207464
0.0176248901128
0.273875359361
0.0363592224143
0.177577914965
0.71380113112
0.498806547755
0.30600871403
0.506660780037
0.153873821875
0.904758530656
0.665773588852
0.225907537702
0.0398642169131
0.92815799534
0.915586785745
0.183363055275
0.216049036063
0.932325661586
0.669488484355
0.684064286816
0.474206944326
0.569490632675
0.932104897217
0.915091443758
0.3042800377
0.4346240498
0.559652660043
0.228041953505
0.602143431055
0.241482009982
0.912194233457
0.341626115504
0.154986817336
0.897637588123
0.249862215119
0.954110896091
0.786035021655
0.60531703823
0.953338516349
0.949397046122
0.913499366162
0.897637588123
0.938975301709
0.0317633799199
0.759722916247
0.753464200171
0.919234132943
0.794788799078
0.0660336378502
0.529986927364
0.897855232681
0.554938385433
0.228504019673
0.128168495705
0.889388326206
0.0918708145576
0.567436117265
0.927690955539
0.331003454201
0.809904371177
0.188209876143
0.945502536482
0.920218127546
0.66339555957
0.913033268917
0.362670843338
0.0203763236148
0.217861759753
0.0467966173561
0.397774405722
0.885566356185
0.115770338142
0.122296051394
0.959647009532
0.922860450932
0.275030498708
0.0737349513866
0.830392525406
0.976472828233
0.67604111162
0.396986961724
0.60840027564
0.516056073624
0.770762659859
0.5820116025
0.385794097558
0.584406843407
0.933639596645
0.898109251135
0.117377005468
0.105375345069
0.57063718896
0.339961281286
0.0757287371481
0.714215912619
0.246124335694
0.0741106074131
0.361194116841
0.967393693681
0.545212167384
0.910393137764
0.509785296166
0.547768654532
0.836532239653
0.591732578145
0.17776778279
0.831809241948
0.320453178078
0.059578688064
0.658894459386
0.942409346982
0.843134449755
0.81545688825
0.0247578807943
0.465578681171
0.893121862401
0.945772285175
0.49450485607
0.947417915327
0.921901661948
0.648470257105
0.778323520217
0.928264459009
0.219890215975
0.216813217314
0.950556709225
0.100236125736
0.115470042934
0.899124807566
0.0156217168944
0.0409253143747
0.954431021543
0.642090362553
0.609189713955
0.863471143188
0.93226824917
0.241041207464
0.784170833201
0.935643322433
0.920652945937
0.0527868799335
0.643687359108
0.873576379613
0.611833939704
0.124481748064
0.327186546376
0.471388280389
0.954401075636
0.0201861509011
0.883320729159
0.573565108164
0.0234818985561
0.0830336490707
0.0929717608351
0.861651052065
0.853046114584
0.608681374708
0.0651329647396
0.472027195591
0.510932064745
0.620411312569
0.960518331588
0.527888217826
0.478609695233
0.907606700101
0.019228253665
0.752404740211
0.0195351525277
0.933720870037
0.943386086718
0.672092160609
0.953618920897
0.960451201108
0.434132219999
0.458731627895
0.0548804300995
0.0605070062836
0.17777093086
0.167323828302
0.32385202894
0.868913433329
0.0653763688464
0.950964959996
0.769318161614
0.920795198541
0.858150210066
0.362046553161
0.752607382502
0.408475365188
0.692667185261
0.853818011988
0.736533276893
0.955181293694
0.491061026001
0.0693066449953
0.880262989805
0.242613297467
0.935953223794
0.879024313795
0.531149144057
0.310876564656
0.300931594365
0.738880669754
0.899633910157
0.714093697855
0.631256934144
0.75786577005
0.631336244092
0.933470570921
0.642906215509
0.107970290702
0.914792626969
0.910911306941
0.799753710796
0.0713243619155
0.951274466904
0.299405225392
0.894547341365
0.938886396849
0.939024797712
0.856582281222
0.0200429852651
0.498806547755
0.485005551702
0.219169472334
0.911351555868
0.290562319866
0.0176233381379
0.56843336116
0.779929533903
0.0621910662666
0.393297573961
0.109157194354
0.247972634084
0.724914499958
0.678731756202
0.82878398166
0.944378895731
0.173267148114
0.363608310977
0.602987701343
0.337094252125
0.789066710607
0.0262926552958
0.825257878215
0.940574853299
0.0502852218453
0.134084249919
0.619479999532
0.918834306484
0.483153577535
0.213192483183
0.10401209552
0.93218924585
0.0469478679423
0.830347343363
0.894316860819
0.534976596592
0.832831590222
0.732431369704
0.833511295449
0.952081449091
0.86438631171
0.805093843145
0.0434031422957
0.382820419047
0.133852009752
0.885772068828
0.549032880806
0.462355963628
0.0535437109368
0.727556124634
0.329730897646
0.617367894312
0.0315555700137
0.480792731229
0.884408304462
0.912609974282
0.695605062569
0.115236924112
0.959327939496
0.353161959431
0.880263785408
0.766201025794
0.0598423188023
0.91190631359
0.0615205104519
0.0850126468178
0.536415160792
0.910505001724
0.935078590268
0.120467956103
0.188391423812
0.785652847457
0.274976346504
0.45862125187
0.906374807875
0.832379226084
0.591626710759
0.134092044111
0.42835050787
0.0315885275471
0.718638519183
0.926298510885
0.423082348354
0.0850664290241
0.573298163834
0.565039939043
0.274434701063
0.611423931396
0.896765319442
0.836837027887
0.114597424138
0.100422450455
0.0794683595963
0.410240329283
0.333593804803
0.451729467144
0.434830627504
0.685773007968
0.0180255409026
0.808215215282
0.710681895935
0.0994380611189
0.125411236535
0.61768244046
0.963442575245
0.474107271382
0.938255228328
0.691979360844
0.0347224358038
0.0340466998959
0.553551966495
0.458212328993
0.706904740856
0.627606403032
0.0367611173255
0.260655705381
0.0385792153811
0.916568428933
0.903159717689
0.229504843885
0.296416878886
0.744837793925
0.122203890444
0.0164049713225
0.266747628152
0.430853722256
0.50384956661
0.84570311168
0.689853958497
0.0585998684108
0.127038885958
0.862345390489
0.103085506858
0.419610897521
0.897670437842
0.604290155576
0.397335321694
0.341671860081
0.888408844203
0.525795043262
0.723858400326
0.107491866573
0.432700369164
0.736060073811
0.913245027011
0.106827257292
0.47885431273
0.289083612572
0.423986029554
0.395575158246
0.756632441321
0.930123159533
0.716646198372
0.817142902057
0.0740737486813
0.114770745632
0.210175145756
0.0730481349639
0.103907651485
0.663881878702
0.873859072926
0.244739540097
0.269826070944
0.0184727188046
0.0564061896644
0.22066020903
0.587932745841
0.875550456569
0.89918724176
0.762621247066
0.788176987698
0.814698635493
0.0976472959354
0.367266294624
0.0290273092353
0.716753101809
0.8255298911
0.646642641866
0.894547341365
0.86666300436
0.962604633839
0.0843093896618
0.829480824405
0.541481930935
0.0787280146802
0.129169428469
0.16601916159
0.893557579989
0.710732284544
0.123139452283
0.0422894860452
0.955654333937
0.400196950962
0.874438068264
0.82841877703
0.567704304491
0.664154766948
0.721790928701
0.633264614499
0.396187170803
0.183731928573
0.283501923113
0.908953905352
0.951238068771
0.607908770575
0.199944207959
0.910091382594
0.0375046237888
0.038686017486
0.229516260229
0.153330979257
0.0739132123324
0.263855642313
0.0402278144662
0.052245511933
0.0181314284524
0.872202959636
0.958216358675
0.332570277533
0.730053186268
0.450131380265
0.841773324897
0.864847492655
0.588268316451
0.497006668317
0.668627244929
0.831600584269
0.880724518678
0.110656054008
0.946688755029
0.849127151526
0.49688634033
0.783351633803
0.0365933515575
0.958200657288
0.868485692483
0.498138600369
0.40280725715
0.05122452755
0.124454421932
0.918567571146
0.431287598634
0.89630685537
0.804225236764
0.125069518803
0.462702849574
0.109834696455
0.843902365778
0.0161906224108
0.127304977679
0.0479576080192
0.486199930606
0.587199519386
0.928055496577
0.019228253665
0.914685878268
0.876847415
0.936215900345
0.418060688673
0.8823257061
0.135944694502
0.847526651794
0.481887645111
0.799753710796
0.0981849811935
0.839564255193
0.398880308811
0.020851296765
0.556467878375
0.916867014967
0.368296903648
0.928849979006
0.071822630301
0.948684421551
0.0687308027917
0.0160549612219
0.583120862865
0.0164234611324
0.913431746719
0.941643593497
0.913823053346
0.155656919276
0.342216263444
0.3314234776
0.877708871582
0.572383621839
0.0467032085801
0.0677725037677
0.206107684157
0.537834792011
0.553611390035
0.325548545645
0.696119856484
0.866793437747
0.336914311516
0.729631425239
0.922613270552
0.0558342039255
0.534741106731
0.404432009619
0.797199933631
0.495615242604
0.915051564856
0.0273211773559
0.253008320331
0.48047304067
0.0785563833405
0.0541606999267
0.747590286057
0.657038622308
0.0496715501516
0.583985193767
0.213974365251
0.565351491218
0.617508573908
0.0474297050163
0.0321428933971
0.721930243787
0.910839704765
0.899124807566
0.077194977231
0.901696354456
0.848360973289
0.0193388403683
0.625659618523
0.965995404202
0.263443406483
0.177577914965
0.905483353813
0.666429945381
0.953693710207
0.0867289841185
0.166787593609
0.724319807763
0.721149887376
0.0783470116147
0.673599135189
0.970217943792
0.0469217429183
0.869221748207
0.643419997443
0.126558134365
0.412131428166
0.945547160569
0.835197788304
0.482039770457
0.338919900648
0.917440624298
0.695635268703
0.893887915947
0.292375392602
0.569463716713
0.105423170564
0.0668792850127
0.906272872638
0.414422502377
0.456426120977
0.0144202750157
0.860529211314
0.236281531269
0.44286161497
0.916251327323
0.701365430208
0.419332249216
0.0283497124838
0.268425205803
0.610008571005
0.648288970646
0.970311604389
0.818687530361
0.0186759516345
0.288958404808
0.721695834155
0.524601685424
0.0459609632929
0.575206432059
0.0300982052198
0.401049359236
0.941192861297
0.711881026412
0.470627007134
0.495784414136
0.631504562662
0.914672369342
0.074841141846
0.480529718482
0.149163451921
0.378551971207
0.631101258557
0.972444315167
0.0391421244276
0.779279436303
0.762479053575
0.532591847217
0.763224333537
0.856593659094
0.89092842985
0.0592576179838
0.968484962172
0.473708984038
0.047088444672
0.316949032715
0.48440697405
0.742974766652
0.129745647997
0.064203016758
0.146847025717
0.925875494917
0.841397088601
0.330456009878
0.0316940654269
0.44251442755
0.646400764419
0.0769868476254
0.471635951837
0.945843306884
0.947634488968
0.158525891571
0.508229518457
0.756929590349
0.2712688828
0.298641025634
0.0489150483431
0.449308129061
0.926247370535
0.0844947070054
0.152722495411
0.347486473068
0.447736664483
0.514046941745
0.539635040721
0.843481465102
0.915477490924
0.549531433026
0.781007806985
0.355182077258
0.067727354394
0.0793949040772
0.0774825468874
0.835182095937
0.915679147279
0.137131229393
0.957013556854
0.577639294321
0.911623267729
0.228671409769
0.115173885136
0.895202064473
0.515294604057
0.153373681886
0.597648023666
0.0308886437976
0.656837110564
0.137356586465
0.768202430721
0.549354917032
0.325022583231
0.44476110973
0.889836799542
0.73762079021
0.660329450393
0.639026937346
0.140012622411
0.0894292079521
0.442454007819
0.29653592423
0.136027738748
0.878886791475
0.926263937419
0.366629011447
0.114407439059
0.110572319655
0.70312899348
0.118000946046
0.517901417135
0.192349901076
0.963731753619
0.052629545279
0.0297519049473
0.947100635028
0.958355610923
0.629779709272
0.393873077878
0.767396707692
0.741931944933
0.6094408761
0.155745899216
0.230498039621
0.925804135789
0.708491430578
0.580855382948
0.0876768827204
0.27876581868
0.883801161862
0.939691329617
0.196390602299
0.0569489221318
0.0873674083751
0.0791454436775
0.886237024414
0.622728040512
0.0544287213307
0.724384048005
0.443827875985
0.2550676934
0.289731232093
0.873675612835
0.420698093816
0.441804062321
0.46999252126
0.785328514845
0.479922688513
0.915312333839
0.945760053364
0.422990671697
0.889642064524
0.943757257585
0.0960758657512
0.191994458201
0.36478446801
0.421922531006
0.939690054377
0.0302081327497
0.432620303022
0.0204865754885
0.618263449083
0.771945724135
0.456426120977
0.823993309046
0.0890495887632
0.791255935263
0.961045558473
0.947460715667
0.268271023274
0.565905696666
0.908572971574
0.837186969342
0.0365903009843
0.47186050558
0.382564881331
0.240751219387
0.0497016407238
0.222856301208
0.954077516303
0.939497939002
0.442636348404
0.0185705430747
0.547819686439
0.533188114527
0.438924563297
0.923157122297
0.938783397222
0.922236054269
0.447567519823
0.694128859202
0.896276595495
0.896134264573
0.835405533431
0.66005029174
0.872970924994
0.378089860254
0.237708902258
0.0562731139303
0.644994655189
0.0326200014517
0.64062231067
0.929814893262
0.927048016069
0.394557262064
0.931319200427
0.0228130473049
0.57098092248
0.921780610867
0.0575704973372
0.96458029704
0.9481908731
0.0703263063102
0.915091930759
0.61670835877
0.748336921206
0.738950530679
0.953749829387
0.0956772015713
0.954176941793
0.28829403058
0.193063537169
0.161569084076
0.882016551858
0.175709939058
0.804999804081
0.269974937542
0.859612809635
0.0532180155488
0.802748414131
0.502963034526
0.164971393955
0.0348825839288
0.0509605842982
0.0460601195765
0.478125745906
0.808597029498
0.897659677701
0.852141852168
0.454415147669
0.648392520672
0.528676445341
0.157698498557
0.499316437357
0.95850587117
0.629523007289
0.632507587619
0.701022242761
0.0371717086994
0.10844990328
0.356541453212
0.209505742618
0.385876000014
0.721575629246
0.704261459668
0.886087888901
0.0530329438095
0.0688447618119
0.13174441758
0.0810094721735
0.44105773407
0.565848829996
0.877819590408
0.0509398492661
0.729916668309
0.0920660377563
0.195130798824
0.214020119585
0.631727777624
0.7562128489
0.212973852695
0.659171951131
0.115236924112
0.921251494705
0.114194314773
0.0292817383923
0.934962666651
0.261112805437
0.016017039813
0.653229725017
0.346201352899
0.310216779494
0.15586497221
0.0556010627972
0.242621659774
0.142484800816
0.860925404477
0.388082898413
0.528676445341
0.0558616296621
0.866837655912
0.823821855386
0.030861154256
0.848355494581
0.367010208166
0.952545232758
0.615372420631
0.937819373025
0.0526073095599
0.767042343795
0.904909696819
0.901622518129
0.663420894333
0.245933926384
0.867095966378
0.551123325815
0.718078834331
0.810497435346
0.857215372713
0.491484015796
0.169798101419
0.246420075449
0.223348710343
0.910010234299
0.931662274706
0.648100437294
0.473312700712
0.108023410269
0.845347686786
0.954524818018
0.0365141884108
0.746330317723
0.193063537169
0.857318922168
0.52406270312
0.730926692166
0.623269225379
0.898544072183
0.0698502538615
0.150892484442
0.824502381975
0.932185606331
0.723116845717
0.85527205795
0.589852600824
0.918845198847
0.0294840333742
0.964452921218
0.519424722842
0.909315596434
0.689937772701
0.422358444451
0.917289383055
0.92908414017
0.875105645478
0.959286925251
0.565526902683
0.203606032067
0.513753918785
0.103653666345
0.93942736158
0.0631139130233
0.474369052639
0.8881328247
0.509774926124
0.453537706163
0.307716017975
0.734391823744
0.101027716425
0.839541108611
0.325607920129
0.0516605170291
0.0347818280994
0.0453672609151
0.736533276893
0.271601418097
0.6560737884
0.947603181008
0.820699325464
0.958053698925
0.0830969456208
0.756139903789
0.821554992228
0.487044725037
0.442232443743
0.328190558664
0.92438178245
0.704345679102
0.391712316621
0.557968424683
0.744613930903
0.233061900987
0.260129111479
0.885642714427
0.827251063931
0.934365255156
0.389009448804
0.190045615443
0.421365700369
0.0615234167504
0.299930664271
0.186518045646
0.890819004879
0.0150896897168
0.948674685519
0.756050488154
0.130909030191
0.856083439538
0.795714563503
0.195777457877
0.851068701816
0.796283180815
0.510507690323
0.756100065748
0.771687031014
0.948983402925
0.912850335457
0.140310553619
0.130760920973
0.349903299796
0.743909516646
0.800018060093
0.201258012376
0.0206959942894
0.032528956586
0.964876877127
0.124089537247
0.342488419248
0.0238271493982
0.111443963143
0.511929515746
0.020718068209
0.295838713068
0.0463472977591
0.949454468478
0.443152386926
0.41594669687
0.665796968186
0.870672792275
0.0497016407238
0.948326656932
0.694490159444
0.934903615287
0.93750323446
0.963607991287
0.849382867838
0.399803636859
0.866173482867
0.956659890823
0.801840358551
0.130574581422
0.879591038799
0.0520246872135
0.138286499845
0.425545516289
0.0698077681604
0.817459694644
0.0729923451123
0.434019200553
0.297715494378
0.713750296361
0.0225085446303
0.400196950962
0.105136877071
0.309694655367
0.893425318188
0.575639888805
0.0341996757
0.807736849862
0.526275369051
0.287174373655
0.517712606103
0.293593774074
0.0475757055666
0.3910749001
0.307716017975
0.896276595495
0.108892717149
0.9111580851
0.263959128808
0.0900024551521
0.301560297935
0.637379943694
0.880262989805
0.183363055275
0.699817358329
0.422748874748
0.129523236953
0.0782872984246
0.959857132775
0.877812109315
0.936458620066
0.368910534966
0.664642082927
0.555273052754
0.228405686004
0.470404036373
0.803314161844
0.303820503018
0.537892505742
0.855807261295
0.19070089992
0.369286066301
0.482434477727
0.904902357222
0.0791636409812
0.60440637034
0.350147399994
0.562052113431
0.937031384077
0.0163711867654
0.037801365629
0.508467299487
0.406649002189
0.0521515280981
0.146101558539
0.129693749095
0.12417404059
0.13031984642
0.933470570921
0.342277597903
0.537324015644
0.0175941544758
0.165158810475
0.57217031267
0.908167734836
0.127235104516
0.960491013213
0.444069158234
0.514971799101
0.11210802208
0.240410513881
0.0683677607294
0.91209177391
0.0779018862748
0.276791726256
0.516853223103
0.897637588123
0.953986447333
0.560588665929
0.872082313984
0.395191838582
0.648210914172
0.901445333354
0.830392525406
0.508702634906
0.0851989907766
0.919924720773
0.933718565649
0.957631263365
0.290233659485
0.495389849159
0.0368709423525
0.590668756766
0.709001559336
0.123846777713
0.304202787974
0.35749139978
0.127720223859
0.621175460276
0.227013565315
0.831224616939
0.363141568774
0.926298510885
0.946032363273
0.908572151349
0.866681128372
0.872625623165
0.0784017287601
0.394823107487
0.922003655685
0.551475331453
0.137114244487
0.71770537069
0.961228778373
0.544130097986
0.627800468279
0.636586220453
0.544287713194
0.49569220734
0.737845067835
0.05317017763
0.267131450995
0.0167680997776
0.295494070668
0.054095822463
0.0352475865544
0.0951938267406
0.582754042144
0.302374468041
0.541658650004
0.621641627258
0.661204556151
0.929738754208
0.81531093962
0.497649330845
0.431287598634
0.446034041186
0.901699314238
0.146599847805
0.933590636226
0.950791145265
0.97007013979
0.826866602913
0.456456182288
0.928711758052
0.156953838956
0.590980465335
0.224154894242
0.374651097825
0.327325730959
0.962978142594
0.670411133945
0.900058381168
0.93628017658
0.389380576883
0.805803756424
0.725872130328
0.514036424087
0.0801945258673
0.260246789276
0.836265240108
0.5101196951
0.830390574721
0.587322339669
0.0597047086394
0.107860571988
0.946662448683
0.404739464235
0.446876166558
0.836191742571
0.204699080554
0.972959416998
0.408222675021
0.197743035646
0.730575474581
0.109434642544
0.0561062801414
0.26758566603
0.931717470832
0.904801296724
0.0808385171587
0.238987024679
0.141009180291
0.934480924174
0.0650102737218
0.0211645606283
0.760868430553
0.516523978155
0.836391811081
0.694170505941
0.651756001494
0.0638210520251
0.756011214913
0.0875713914656
0.746975091863
0.0579530550144
0.0599203197881
0.62547056412
0.096580450416
0.865883785596
0.9303503389
0.658361580428
0.917531862613
0.930708690332
0.863538997258
0.767396707692
0.088108441713
0.262657753992
0.0824794606819
0.898676231197
0.0519893989634
0.110850628088
0.0667704302592
0.612451233791
0.0401903108407
0.947417915327
0.805642070863
0.938732084609
0.946881669642
0.0838417333555
0.771587280054
0.0413333914312
0.305946274061
0.716968010515
0.0539449779999
0.543303773417
0.123904063833
0.0656137403306
0.938767519037
0.642622952571
0.0952975858048
0.47308633792
0.730668027707
0.967305377349
0.380095378191
0.229504926821
0.706826727233
0.583698431393
0.14376358409
0.303429057278
0.0908036148914
0.825553730661
0.285903579326
0.754517972427
0.943587070877
0.840516363513
0.94415390982
0.382272996139
0.879786601588
0.389334653482
0.876345279359
0.05244843798
0.124089537247
0.935325860011
0.143411487068
0.0846193583592
0.651751085152
0.806850149429
0.794201532842
0.840693599599
0.0881122130297
0.90428831686
0.796892650572
0.465906568902
0.16867717413
0.369128717983
0.597199880346
0.0870287083136
0.0688517935634
0.582926308211
0.307924094548
0.599615340382
0.929044618715
0.171693370396
0.0159164642809
0.671984215066
0.948228185914
0.437629142317
0.476989431061
0.925767612353
0.375790222587
0.569783054806
0.9691733773
0.52325937208
0.185143646782
0.594386762295
0.658539137521
0.255894763558
0.763188366232
0.869905278249
0.935422770015
0.183841936798
0.153333981134
0.927276003515
0.857655389027
0.0245848048825
0.0621910662666
0.0378885059104
0.273877199594
0.959861837922
0.934864766279
0.263706916284
0.780226178909
0.572134448638
0.497282045177
0.033600432296
0.0284085732758
0.660651544957
0.954105473727
0.473130093308
0.862167686009
0.0156264062781
0.822712057232
0.841486141222
0.906542694664
0.890839374176
0.070287220676
0.442221290563
0.81177665244
0.874135590963
0.495448753111
0.848159770475
0.804753856502
0.586684153637
0.784944633723
0.29136612931
0.91326351446
0.200419571646
0.963731753619
0.936078718478
0.781848882636
0.63267644333
0.19903083123
0.523572849981
0.0538265306631
0.590572810265
0.865982558462
0.144480998805
0.277053711599
0.671885770059
0.539142611404
0.817851790535
0.114921454618
0.247119211874
0.670283573573
0.464316352838
0.664060207334
0.434682491241
0.0506452457156
0.811309554443
0.517518740935
0.362545060273
0.950548312566
0.915289650374
0.284492153872
0.216359298307
0.681724407096
0.841839185071
0.956480750818
0.860071475072
0.0657499322466
0.909972666204
0.611378292787
0.840377068987
0.702288545368
0.964150128121
0.139045419984
0.941273859225
0.413632059377
0.0858537549405
0.939293458891
0.80400379685
0.839979934988
0.58575521391
0.759131781183
0.447105359085
0.81960005279
0.882145892688
0.134586008462
0.817531105411
0.901723566765
0.0591936363717
0.898167004695
0.487836563458
0.229886531393
0.153147352994
0.840200954587
0.925600339752
0.693216936136
0.411499246753
0.832309241142
0.976359812604
0.221987016956
0.865397407094
0.111095870312
0.89513050057
0.937098264135
0.468346428184
0.93282854893
0.68863688496
0.544148899543
0.60400614775
0.544281055066
0.751767006994
0.111312953326
0.70931271756
0.945248335698
0.289180184872
0.575328725708
0.803360316883
0.0316200526424
0.541027923096
0.895169692027
0.519296051919
0.780226178909
0.743479745143
0.39608799859
0.090144165098
0.892988466708
0.181305683673
0.0196643270051
0.404304741071
0.940757599531
0.364486578498
0.75413121672
0.0315365061664
0.0605564226976
0.867275747556
0.950693841556
0.617398369868
0.582811932952
0.429739508583
0.685812375948
0.0692542514016
0.804449735094
0.0991060979855
0.954051957465
0.749905108118
0.462428583807
0.0468847401346
0.123869258001
0.969401585517
0.500508537626
0.475578103346
0.452496773987
0.0432209795464
0.197488164419
0.52849622934
0.239692636196
0.0723085636293
0.933781173947
0.9181683676
0.0319184147735
0.895169692027
0.821256190179
0.0350487473245
0.543570918831
0.614863068103
0.866520772493
0.752441245151
0.0414870967073
0.168793982348
0.321779321682
0.239730154961
0.20144775784
0.863330830609
0.822998086951
0.0330268504462
0.349951134723
0.0273631158592
0.857215372713
0.713973907662
0.617721937226
0.886530193151
0.383216716321
0.88652681228
0.771006715466
0.747791153133
0.111129080613
0.701756730649
0.727061482473
0.565380240507
0.175112070813
0.468631682114
0.0629065074722
0.911530881772
0.50480770514
0.929255871102
0.0918572603275
0.0298971356271
0.705866246378
0.754654861242
0.0168870240604
0.866821138759
0.599934331184
0.791429985877
0.0396334913409
0.810722131859
0.0338029274748
0.480995618648
0.883129678087
0.585701799493
0.904088637029
0.177840104531
0.859431618074
0.0879056879328
0.256427222099
0.461869674769
0.367282330977
0.943912611222
0.292739812908
0.950697842342
0.0691837021538
0.515910288676
0.793400339799
0.43727325476
0.238120603079
0.197538094853
0.953240370446
0.459902513504
0.0564766507208
0.755717796759
0.12407613962
0.644774836073
0.967731001589
0.955897174614
0.527264228495
0.721356453802
0.559388086208
0.937854651104
0.860866128987
0.959419267775
0.503458144717
0.117729023025
0.12417404059
0.961278304309
0.566159155985
0.62358697144
0.901513449016
0.891665649145
0.465254181395
0.843992888869
0.0685737040422
0.0854043904978
0.799912622936
0.96035060643
0.0309217459507
0.941625596408
0.923504459298
0.459180652157
0.138817403616
0.159176489349
0.156829386904
0.457034992091
0.688212985646
0.939305945878
0.393873077878
0.249729277793
0.75557192607
0.188974690647
0.522895879444
0.744047044982
0.831982353021
0.0698292506395
0.584094334308
0.917102738842
0.485344674767
0.501313179675
0.16988728156
0.781127266533
0.725702972905
0.10242133836
0.72438387868
0.0384938419973
0.920168882933
0.17428507981
0.910803981856
0.311290567611
0.567530819369
0.471295249993
0.0532246669763
0.211587222666
0.8342507337
0.677465467028
0.769395455921
0.328531111924
0.631939333374
0.904027035524
0.340161521741
0.243652359099
0.0832219086739
0.409670530937
0.627668351513
0.152093086994
0.913530909358
0.146994262365
0.466087826669
0.857318922168
0.682528174146
0.940578145326
0.932938738309
0.535847903756
0.666544904926
0.923833482818
0.291043539234
0.0215617774839
0.0683007282277
0.0492897702229
0.0895163674824
0.867029133156
0.502810963504
0.817531105411
0.465578681171
0.85321858743
0.0387289858298
0.0470035453691
0.042705981854
0.196178762264
0.476050779431
0.909145691034
0.874199689012
0.458269409579
0.232450313333
0.524656300269
0.77060139535
0.868884654659
0.819924814496
0.227541524281
0.61196771852
0.889282468929
0.846064073518
0.638470989719
0.314136762258
0.16343450147
0.64563882424
0.337931099465
0.781892485037
0.519286158859
0.28731970993
0.908953905352
0.849477966124
0.144056220388
0.202874282324
0.554769059647
0.699013057653
0.870357234172
0.235594421619
0.0273631158592
0.143492772284
0.936240700928
0.25239270296
0.923285612952
0.598293154127
0.114907923958
0.839979934988
0.282145626342
0.418211379513
0.615046020307
0.908866784896
0.44251442755
0.365464275295
0.586532053294
0.711632494797
0.018753088169
0.174829868224
0.687097317332
0.977468578932
0.0271530925554
0.0375103451815
0.595297477028
0.295640160702
0.858506783536
0.635208499347
0.625416157913
0.190900276235
0.489725539645
0.878835939981
0.0534677599151
0.963933453469
0.952727529584
0.801040339262
0.316210470768
0.0448112380613
0.244342757437
0.259585725321
0.953001275192
0.871842494167
0.975322931422
0.400842452319
0.640351518339
0.873249566566
0.904120223988
0.939806068659
0.159705066605
0.360549006133
0.869797811654
0.266759285756
0.791213216909
0.0187119814432
0.11269251036
0.111653114006
0.866629228658
0.394229990119
0.788176987698
0.910840782292
0.422026569842
0.122095141258
0.808020021032
0.668840370487
0.902156976938
0.911623267729
0.514182512354
0.236136204469
0.599277757508
0.0549635999467
0.245065108327
0.860244627182
0.338720563359
0.0860629222105
0.88385937453
0.93374052037
0.180405167829
0.0608096779124
0.813691644109
0.9273489053
0.0139662665191
0.890577566991
0.0609877884081
0.910941006498
0.0200129416808
0.604754994977
0.0986711498649
0.0690820982622
0.796233863105
0.222236989907
0.698111386896
0.0363297959046
0.314383585746
0.047688805613
0.343160561025
0.0621721585599
0.457832282586
0.161214057925
0.932598938779
0.947392988271
0.547944017783
0.840397881669
0.441373285476
0.949493981367
0.271770328043
0.181641497091
0.0811523871376
0.944767278371
0.25280585402
0.878370599538
0.144040906661
0.291832601991
0.256104045638
0.904026073095
0.21973093931
0.461445982756
0.141286920402
0.0342319662943
0.194278022668
0.574843640267
0.153660175501
0.343869780282
0.282322504145
0.0651393386409
0.908233025673
0.501592071712
0.331611397151
0.0870287083136
0.719177208022
0.708439533518
0.600000989559
0.151063950473
0.37461115891
0.843708756881
0.136936702421
0.161426903074
0.938802659051
0.628180154225
0.364567163039
0.541032098765
0.437727837159
0.100590248175
0.0484080654809
0.0507300183546
0.648206731873
0.824712817455
0.139285135081
0.839119278975
0.047572452984
0.1125449298
0.225260428531
0.221571183254
0.439667007631
0.411849531228
0.410440610701
0.688799049805
0.69543644263
0.031376339392
0.0923281613936
0.744443691918
0.675952557654
0.0961620462478
0.755999405972
0.0727973134585
0.0817851893436
0.193286501465
0.733489057244
0.901282805454
0.937389176522
0.65865191392
0.918970671173
0.9072750696
0.561947799251
0.657849375552
0.937854651104
0.952026183529
0.632074830708
0.598353103756
0.726750528689
0.961209307465
0.0503927338005
0.907789293286
0.0698811190722
0.685768403639
0.525523190048
0.960572956375
0.107793303543
0.0418163317811
0.396043560312
0.252729388859
0.255894763558
0.030670107364
0.769214983018
0.617525444104
0.344864307371
0.813729153244
0.111627482245
0.474566752192
0.681864408335
0.0503886206894
0.119054683887
0.718340708165
0.552667806008
0.0195939582248
0.254474411154
0.90845133806
0.387906488324
0.286136909943
0.606429321208
0.228480662062
0.911669633196
0.188042975761
0.478293093056
0.188375029335
0.122954244802
0.863717485858
0.327490728467
0.931443901647
0.965571439543
0.194461823132
0.047277241708
0.263706916284
0.836189636734
0.915303396272
0.119158391915
0.958847590852
0.897005462433
0.212009455586
0.812538501914
0.335965031271
0.80737272004
0.042117252892
0.305388331039
0.718098322609
0.496731844457
0.443327736293
0.962764617959
0.0487400147756
0.247663206332
0.0770356651631
0.534759921089
0.908953905352
0.0960781537966
0.780989400059
0.51712250823
0.467835531957
0.37560549665
0.178956985715
0.871831790209
0.905957653543
0.096309619471
0.578092855279
0.943039966904
0.888169718632
0.0191591407303
0.688034376295
0.926855265048
0.48063073235
0.0403217054066
0.86947740718
0.958948903928
0.247119902345
0.134947794708
0.0246616810581
0.972128608599
0.322317531257
0.511120937475
0.475541623981
0.9570306596
0.0420253733744
0.894750678222
0.926450767763
0.538421797855
0.960572956375
0.0188386759957
0.428381768838
0.685333999176
0.639143690629
0.424094739272
0.327740808182
0.967287724304
0.782121013656
0.131064345414
0.456393071272
0.535573701239
0.961198530244
0.917416966105
0.914137914456
0.143953357715
0.711542800411
0.897269731915
0.023518101269
0.790720821303
0.87157050179
0.771452035671
0.0608757832466
0.473686786061
0.275733309165
0.634424768428
0.0358559582016
0.493464746647
0.773894492781
0.95182315909
0.919967486482
0.821256190179
0.94771681714
0.68589297853
0.518561707812
0.251440239815
0.0606261056229
0.167971954264
0.623770695338
0.937420177456
0.0519790233654
0.541286223212
0.659107082906
0.0874241036198
0.857345800213
0.917445468823
0.906336265407
0.409802728105
0.928037488883
0.126889593079
0.371983682543
0.215728474745
0.912996350897
0.524601685424
0.393918600657
0.454569579426
0.564235555839
0.12189764189
0.0722185636394
0.507830700792
0.109474890209
0.278156029168
0.540180929852
0.93681445529
0.670283573573
0.760765629353
0.164276491883
0.867473433448
0.678559774087
0.468222272415
0.46757884858
0.855715546469
0.459566331927
0.587749633659
0.823822056245
0.337951937741
0.467171636831
0.291517574495
0.350027031582
0.182243328457
0.4405259932
0.606121348157
0.199891248297
0.378793845013
0.69146724332
0.0408038322081
0.058601696236
0.813227103837
0.0901651810035
0.757555646537
0.53440871791
0.0600959808978
0.291442138338
0.962533859205
0.873928707259
0.0445337986333
0.0623970951542
0.0486385495205
0.332669591367
0.381770716887
0.918711032302
0.319878976199
0.015957487282
0.798307088042
0.828530447686
0.501422778748
0.885433905748
0.331144308168
0.380519574992
0.0745761645161
0.866083676183
0.227684881129
0.659456557399
0.857630865953
0.0382642826953
0.549248341913
0.629507033104
0.0626065995312
0.159025520677
0.23013981823
0.608979697617
0.0809224506875
0.0345039198654
0.214645505889
0.83136398081
0.140264096657
0.666752235908
0.139870721104
0.190436963059
0.715272379474
0.487553367242
0.976425342319
0.88203883545
0.313882258813
0.50169570021
0.894378156336
0.226368124186
0.195611921777
0.319584623142
0.560067087354
0.772928483455
0.0277657739167
0.106542596126
0.503872628037
0.64657432053
0.536636800653
0.313122048353
0.0897407066096
0.0862065622251
0.442878321439
0.0678382748953
0.760044968376
0.286650739548
0.0685146716903
0.657062769903
0.0259899369777
0.178871420109
0.272431149016
0.97587532978
0.942212104352
0.489198729413
0.0448820913036
0.861084885524
0.397601572026
0.0628036135768
0.911530881772
0.845574405559
0.771914909249
0.622364543967
0.967064557913
0.138742572057
0.331891524893
0.868485692483
0.618213943972
0.276791726256
0.715992702569
0.256791919409
0.654995271198
0.320533035461
0.605880503263
0.871404915411
0.46101188966
0.874142903112
0.150430906948
0.951354919842
0.971986857544
0.355224491235
0.954077516303
0.535216744791
0.877337888445
0.0413566010414
0.382309936382
0.0286372191017
0.0432910787616
0.3278036119
0.756109645834
0.777503061118
0.674104079923
0.834770440868
0.597344333565
0.739868729112
0.614243610366
0.89111490388
0.132247226283
0.800719618791
0.77527416427
0.942184623377
0.576867230386
0.932210136637
0.324548540106
0.180862897236
0.830508377165
0.941120402044
0.800580416351
0.235182239858
0.93152302911
0.840417520117
0.456523643361
0.110040264737
0.590092884202
0.901629782476
0.465742305098
0.0959337475414
0.90481091509
0.229886531393
0.781063418341
0.114169439666
0.463897319764
0.893823015362
0.871223364986
0.0159164642809
0.313036642387
0.0486233961925
0.883986952155
0.941937545848
0.250376951271
0.0951710728252
0.45116180973
0.929515298821
0.938501028444
0.95788436344
0.366540319548
0.048580310077
0.185200714408
0.613086661148
0.979309329283
0.0912169427867
0.847425189487
0.729586059159
0.23952980272
0.778976467928
0.174932294628
0.10115845288
0.307579116597
0.0798326733195
0.112886494777
0.419809047458
0.910957318228
0.13134056207
0.134366517757
0.632299051865
0.134077827837
0.527264228495
0.499860420476
0.675539912952
0.373479884395
0.65758653584
0.964069302115
0.93942736158
0.251601935031
0.864230841985
0.0852611211587
0.579205480696
0.408597661096
0.354564893518
0.260809454065
0.0415908611029
0.0224722852404
0.600443901804
0.233258253887
0.231383843482
0.927534529008
0.645950645613
0.750543767295
0.257101586043
0.0297519049473
0.915079083065
0.180068884274
0.434975235936
0.770782035887
0.462702849574
0.693253928473
0.596830903896
0.813767816867
0.470183419554
0.668090091696
0.120525556893
0.042705981854
0.188225953838
0.867394937559
0.9266746079
0.72600026301
0.964262703724
0.863041162782
0.0930044993104
0.189216161673
0.878106209001
0.355791697418
0.691650453653
0.94573739443
0.33760671045
0.36260762972
0.0818256282864
0.259162052588
0.869259951148
0.925918846216
0.137335692897
0.519602168474
0.0168860816887
0.673825974424
0.946741748596
0.950244713417
0.72424312606
0.916037155987
0.604414211002
0.857937712778
0.912850335457
0.907789293286
0.894571357993
0.446755233998
0.483743300857
0.117917753084
0.175185133685
0.926168965543
0.920421163619
0.387619171823
0.939260156989
0.819850681747
0.147499871361
0.199667201871
0.658681106225
0.686769574295
0.656183074043
0.136889272219
0.914902880235
0.212960562472
0.920916107835
0.484896691686
0.038435361252
0.389873788072
0.047688805613
0.864446882827
0.934281802381
0.557059589564
0.268833372263
0.175658593899
0.473849874571
0.0650725708071
0.803144764804
0.895340025206
0.28615721152
0.305005087782
0.640449733246
0.0238497889446
0.0571751479546
0.918056192492
0.439667007631
0.62162342583
0.086297772426
0.938225989033
0.405589910191
0.628524102604
0.881971648258
0.0236250503109
0.123354251098
0.0816672361091
0.309012529959
0.0313617964125
0.646751667639
0.642799127221
0.751662664315
0.278196732173
0.603456148679
0.853298662575
0.127510748236
0.639335059615
0.236445753999
0.467546436735
0.0301239667896
0.421036449109
0.537902248769
0.320520261125
0.915677200832
0.841887468927
0.784014830377
0.361316648237
0.86630578588
0.175954516209
0.251088989579
0.948989938838
0.842023002284
0.745830098144
0.646098856928
0.0982786136425
0.419020438753
0.108549928913
0.897285530004
0.942289782062
0.235749761357
0.968396405483
0.79491452273
0.042553314005
0.124284644776
0.785305402311
0.308517461625
0.635166622755
0.0472097441974
0.510414684692
0.411239563671
0.96314825953
0.139687479103
0.447602744884
0.623173473369
0.233864873507
0.931566558961
0.979446148365
0.852759566881
0.565351491218
0.94247208004
0.15207622899
0.732431369704
0.591208029369
0.091730514788
0.93810048666
0.319753370677
0.168232387707
0.68065362608
0.62900223069
0.937452440467
0.731590783317
0.324394227601
0.945921151519
0.931090240329
0.725657407293
0.0402647945108
0.965749705989
0.299820620936
0.144493758252
0.659317367379
0.734514140994
0.932185606331
0.117060882751
0.957024255326
0.096768645565
0.162063035893
0.946032363273
0.791996455494
0.657804446176
0.722680822349
0.793234757904
0.0150698263186
0.655972626524
0.0112732099568
0.428670992813
0.429565125705
0.260809454065
0.101668552058
0.742269164246
0.0486656568426
0.966795448223
0.0840289774511
0.36164430468
0.0770343632005
0.834313675593
0.843902365778
0.477813756116
0.138286499845
0.776515990058
0.644888262585
0.0273356610637
0.822132821362
0.0422976992032
0.495521251097
0.360295394085
0.0380904104607
0.898154201934
0.916921483475
0.125785640873
0.769948075712
0.0422207379816
0.854190922348
0.106373996206
0.0196610503057
0.943897030641
0.205554050465
0.564631702797
0.440971191423
0.738611085483
0.44999246855
0.960572956375
0.735071316711
0.428645601268
0.878106209001
0.915824030786
0.667651542585
0.61933689889
0.617819090525
0.380780227399
0.921948512956
0.427290959195
0.0609031341151
0.0204725657382
0.251474294234
0.741623521564
0.947603181008
0.413563532176
0.583928409989
0.951189513954
0.615653914402
0.947359418874
0.489561375393
0.644918995868
0.470294946077
0.595536455688
0.0642253492501
0.753625558997
0.0961620462478
0.120333903907
0.0828577025011
0.0464814026449
0.786106121533
0.718474062822
0.390488293516
0.0740383959534
0.477715833506
0.891213228936
0.723905889892
0.947506709741
0.452866746973
0.290332346272
0.507241415515
0.168770890648
0.77451260423
0.177206394093
0.915557611831
0.60440637034
0.816126236449
0.11273233715
0.376794576311
0.719325714778
0.566108313326
0.375529499156
0.52325937208
0.914186319575
0.222856301208
0.814139698584
0.79823289001
0.94596840079
0.127834598622
0.38634252583
0.849362603719
0.794725394182
0.203271356778
0.0751961037045
0.0625660855931
0.632793415475
0.914056571145
0.0961501388086
0.450336423217
0.946881669642
0.604319203494
0.133584177101
0.167375080275
0.0446113286283
0.657657981827
0.496862434218
0.851133625956
0.87045345459
0.121031181367
0.95048999004
0.0878953130817
0.112055322381
0.291832601991
0.559652660043
0.626628725274
0.493952872411
0.0451488896592
0.942810580237
0.637013001778
0.0535910521629
0.529481948326
0.629094691104
0.602590122676
0.0520496160592
0.866965271873
0.719318442038
0.935331006674
0.578271686434
0.44866019816
0.250078929801
0.809577344927
0.976048737683
0.0338205651771
0.512047750196
0.0191591407303
0.549994771791
0.898462794599
0.0353604645487
0.0335360738093
0.521299410321
0.420521598543
0.865088020689
0.662820165358
0.367030200455
0.567788552546
0.183264404573
0.966568597405
0.648956809082
0.904107896007
0.300359514084
0.556697959586
0.888697443525
0.885104405955
0.700682684981
0.687497213677
0.32385202894
0.944571039784
0.908080482263
0.0624663610819
0.795003888066
0.395352217728
0.168431170469
0.265370934793
0.714861804087
0.0766732712592
0.0824819269389
0.910987332924
0.123083441081
0.185756654203
0.259627258206
0.221097409071
0.141158209459
0.420352076288
0.0982250785039
0.263280701146
0.376950385832
0.471927023814
0.0924378114994
0.493958178291
0.636586220453
0.214159409857
0.195431965555
0.156278242135
0.948560109932
0.0238104950056
0.350827595911
0.946531198555
0.957995143014
0.339578113808
0.0166915444354
0.419396677106
0.47486256949
0.0611699375631
0.956106981655
0.930097473397
0.637137676567
0.704471968848
0.0468134462972
0.806853515105
0.869064826552
0.512677264133
0.356071223744
0.316081064385
0.93913607381
0.0876233449061
0.748215493361
0.314235650473
0.789201303482
0.92747099688
0.529517217009
0.419122568522
0.0184185659465
0.191499966711
0.883337574974
0.663578246998
0.18170091087
0.808157069121
0.734391823744
0.658604683515
0.0327093813884
0.177938482657
0.872771484849
0.934365255156
0.959113308508
0.0428629394535
0.625548495111
0.531199208952
0.908861934255
0.5544511092
0.0377322909081
0.155704371356
0.499988061208
0.941273859225
0.375852318248
0.0891032463197
0.802041941242
0.82829151813
0.870554863706
0.320922830089
0.914844296871
0.425769393062
0.132264258564
0.916564163683
0.959891875759
0.0834698161795
0.580148455834
0.895231252029
0.106003285869
0.117264090941
0.192155077959
0.114921454618
0.902627416491
0.810465016804
0.130601211244
0.971146759379
0.210792778058
0.0734783453704
0.301219183213
0.870805679776
0.148139401953
0.111677586455
0.749089716751
0.742422987917
0.904107896007
0.821233022782
0.12407613962
0.46941494003
0.0891032463197
0.898423910188
0.205919819679
0.777706554649
0.104828693184
0.811296909909
0.241482009982
0.0768945365646
0.94771681714
0.547722146441
0.187226521372
0.576508606187
0.0506910489511
0.734391823744
0.753196043818
0.0478281028578
0.663259370374
0.906239633166
0.869444977227
0.0365916268448
0.0379805079545
0.725475882603
0.181445055944
0.72499603087
0.303139259368
0.275293889733
0.457034992091
0.886875834982
0.351783587311
0.519590565493
0.520565151744
0.0508834698338
0.655580675527
0.879740372256
0.841770878278
0.412547964505
0.0252585809767
0.641970642815
0.80221487861
0.0156926523003
0.781876588365
0.923985610468
0.918852328555
0.592233707531
0.735708271464
0.468335202334
0.950089526432
0.567727834306
0.104359262044
0.427478041496
0.0393280677695
0.972450671204
0.710418054593
0.875734614999
0.633332437259
0.335617058742
0.313582721969
0.0340308117353
0.57310272241
0.467034581133
0.946042339052
0.196663633474
0.320601932122
0.345910501501
0.616407685561
0.957103870215
0.0464604760853
0.102952799995
0.599583830805
0.679606543477
0.187717906218
0.59484268253
0.0667299697507
0.633804790257
0.689810391741
0.751504782961
0.0942073018911
0.943757257585
0.90511483021
0.942410113541
0.923945756468
0.105606858752
0.941273859225
0.211238880299
0.97410082325
0.249503216655
0.940461568242
0.0138631732264
0.298066415787
0.448810903515
0.367893452542
0.498611477639
0.70744959256
0.870629787309
0.941582548274
0.910957318228
0.939095680807
0.129305544551
0.368930018713
0.898512060227
0.249089129901
0.285446208159
0.517435275927
0.605215862279
0.113814093856
0.418231933321
0.841799897059
0.88341194734
0.602699384378
0.503439230711
0.318082762063
0.0694478599569
0.254873244339
0.0447065346244
0.686189571698
0.213984224919
0.0187128604202
0.441978746518
0.954719954786
0.493573605614
0.551639641922
0.525779906772
0.383262847778
0.609218261164
0.0182230240855
0.856612787553
0.628340939554
0.535897758564
0.948150132081
0.0156488004549
0.0443866223877
0.713308376539
0.866638217958
0.194797041946
0.850342243786
0.861551084818
0.894837768192
0.976801811209
0.62113105021
0.385328868998
0.525135381141
0.0676531933315
0.920462064238
0.147647767193
0.159205702884
0.878369250115
0.286337501908
0.698111386896
0.600385473183
0.453188567411
0.634855140903
0.403136540369
0.611261084926
0.686651327237
0.399465192364
0.569406905133
0.908577914014
0.206184069585
0.219201739392
0.667435911343
0.402897034883
0.949006816393
0.283791745087
0.629291630267
0.171693370396
0.312479947038
0.311767395351
0.194106589639
0.917585142777
0.681116862251
0.110686821374
0.668954201064
0.0423699768249
0.928362100477
0.0406815215831
0.66339555957
0.539002074025
0.895022201292
0.349951134723
0.86178990818
0.893614083553
0.105940496183
0.838813258285
0.295635465234
0.702002944312
0.911293008765
0.160684008793
0.801630528506
0.629354169891
0.21602359863
0.253326250284
0.590453864571
0.863327245399
0.867261210166
0.418177568948
0.142130881453
0.108021643872
0.149037407834
0.85485006633
0.319895027435
0.878956561142
0.500574846054
0.769444369308
0.0198046473386
0.531923865551
0.841887468927
0.804770425747
0.904371944917
0.15209353031
0.536278478094
0.0238509724558
0.0351036387385
0.921750676744
0.741791163641
0.176473746559
0.481660620916
0.0300656241889
0.615558264022
0.40208554765
0.26401733998
0.0451314949813
0.278196732173
0.278511015185
0.668964935622
0.576874791595
0.887077891821
0.442454007819
0.499402985001
0.122204774749
0.122204774749
0.510232614174
0.456633315797
0.0832219086739
0.832659615858
0.646677125607
0.100815722595
0.951552861802
0.878370599538
0.578864980312
0.815393187759
0.938263705186
0.249089129901
0.909574022603
0.146893166331
0.53107742541
0.299359027761
0.918901836855
0.514046941745
0.701883816354
0.85063432526
0.244467013255
0.953120913181
0.773497769222
0.215193165335
0.824231370379
0.497247615893
0.954212279745
0.911835816681
0.265035930419
0.912376679276
0.940488420358
0.918916125601
0.0338077734808
0.87951247951
0.709414764758
0.619184952071
0.124968499156
0.425433930758
0.872837843308
0.241482009982
0.388696730079
0.942130825541
0.406538852565
0.545619742788
0.961476015761
0.49189681196
0.959222379913
0.928023945729
0.380274394474
0.048580310077
0.923504459298
0.926687262042
0.939464534718
0.222093141907
0.115788251495
0.76773056351
0.530965175847
0.947995714661
0.939811260526
0.93881452499
0.2099938761
0.0406360172231
0.090144165098
0.848191609075
0.923443777388
0.77602249364
0.861128310023
0.0908036148914
0.5560417524
0.130244278722
0.944684589408
0.145302512203
0.385876000014
0.0390880572056
0.940348036761
0.0497016407238
0.962674930319
0.955162384418
0.96251284211
0.631595873673
0.856612787553
0.191672541588
0.711944634617
0.842573657451
0.171649924331
0.954743393624
0.0895364895509
0.263776146748
0.734088395952
0.0998553229966
0.974243021887
0.670283573573
0.632446154461
0.14260853022
0.0996374745364
0.561488086392
0.970039074135
0.63500592137
0.651106173071
0.751132314627
0.08110112214
0.300233966962
0.146358848342
0.9522467961
0.0301292718166
0.0276120150918
0.0711717525968
0.0982428304702
0.552917320582
0.913826649211
0.398946103533
0.518398387968
0.859431346793
0.571442285094
0.774588340726
0.182744434712
0.117189563677
0.871439989174
0.915308691676
0.214021504429
0.139450960852
0.467602767548
0.114388945831
0.0430301029577
0.445826029137
0.895013655547
0.566331101791
0.919863450092
0.895585371209
0.322853351255
0.923589559851
0.947286803467
0.904107896007
0.529363703636
0.925339868917
0.748884202733
0.88282677704
0.134366517757
0.0442591998631
0.698111386896
0.190045615443
0.909433152161
0.810987931689
0.139941120861
0.153086886331
0.947231005134
0.41795492373
0.120467956103
0.83226477608
0.0966056321462
0.927063796077
0.391991592806
0.702373726059
0.0902023855739
0.136050160282
0.94624387244
0.571957130556
0.0273676046673
0.686788544949
0.705327349336
0.819070191293
0.250322605194
0.472891034095
0.726195968496
0.5557800802
0.916923350401
0.843786702747
0.200893662948
0.739322887444
0.897630832439
0.528633632863
0.0344489268572
0.887672401135
0.405980730814
0.0801945258673
0.922299182417
0.474480658712
0.87759376211
0.256348366716
0.586489759751
0.752115581929
0.0878641751781
0.306117460659
0.0315542324872
0.0769706461994
0.711348479514
0.282779385594
0.294101364089
0.931627430655
0.0203777637368
0.430009714928
0.88623077328
0.0489479762191
0.569848705706
0.805393338141
0.539705093168
0.70830897708
0.457785705936
0.0714255045229
0.925217817182
0.497535047934
0.0556632682871
0.245817654175
0.372865108121
0.198172315948
0.888805869314
0.68974962627
0.940574853299
0.659317367379
0.748923022517
0.469482398404
0.77834539048
0.884350931839
0.199887993426
0.547773762174
0.11381259013
0.36474908111
0.064411342918
0.529729849954
0.133641756349
0.926663695622
0.687358517818
0.822993972114
0.152357113618
0.358659066462
0.537762743502
0.138419600795
0.643925159462
0.700195564947
0.0764447281665
0.187938451562
0.195329635989
0.198601920541
0.762508731997
0.0223018810716
0.58150952505
0.212261163736
0.0140324839794
0.159311433263
0.231106826538
0.817155484282
0.237755715015
0.60547409242
0.860244627182
0.273124939928
0.930245055935
0.843048096758
0.68541183167
0.94127417564
0.916625831768
0.0132292071383
0.348164673985
0.964099123751
0.440840929167
0.918652626597
0.0206448521004
0.316594238896
0.335221118248
0.645927060474
0.632507086824
0.667572083998
0.424783622887
0.134177046325
0.500819467306
0.0225642599114
0.568147422894
0.944257948759
0.480991485414
0.0534677599151
0.275572693737
0.0557269290407
0.365539376413
0.559102274597
0.83510232819
0.0507692324998
0.780757197197
0.861967519055
0.423347603966
0.959666279839
0.929918979116
0.865787049733
0.870544218982
0.519099994581
0.935528247872
0.135179726921
0.0413495284527
0.467290207997
0.386776863861
0.211096018588
0.95888113714
0.230185424869
0.947196395253
0.467672813885
0.617206158506
0.272637727352
0.959851813598
0.638006351554
0.159955627182
0.151836214235
0.391749676022
0.186876940373
0.319584623142
0.150576905193
0.0571246743243
0.0259899369777
0.0863121667578
0.693870913413
0.913626911678
0.404317262686
0.185662106008
0.473953667867
0.929692747178
0.168710765268
0.853610051485
0.821566558463
0.262129664636
0.940343569438
0.600017095035
0.396475574824
0.184912555935
0.337242095578
0.549032880806
0.167179643601
0.918159022814
0.92814616063
0.755999405972
0.543876377972
0.127117774818
0.314288039293
0.49187652461
0.0435151461045
0.639186855092
0.503444188209
0.189960550527
0.827944839206
0.0667683638162
0.111210069589
0.899163298477
0.324930915173
0.0489457237079
0.764196717016
0.203849561178
0.877199439914
0.271221767911
0.227136488235
0.0829179119175
0.335586855367
0.665417550716
0.889240425589
0.520842687933
0.928161087149
0.833136409003
0.334975282321
0.0967910392023
0.933291395134
0.902156976938
0.560552256498
0.701365430208
0.925082869747
0.061109155889
0.565511659882
0.92254619915
0.176702189818
0.10115845288
0.674104079923
0.50477978255
0.151322665657
0.479486914533
0.507098160353
0.96439958415
0.217375699361
0.96456090149
0.0433907431672
0.94730866424
0.172083589442
0.462470258315
0.689529016953
0.708228729137
0.108366910022
0.883691980686
0.016819985412
0.174983070475
0.763188366232
0.786068527424
0.0709798332329
0.748675643249
0.531027784049
0.758534962373
0.807736849862
0.440971191423
0.257076600986
0.951510970172
0.596974000894
0.347486473068
0.97007013979
0.520803763042
0.0867586881957
0.722422381779
0.482115547321
0.735264290232
0.332669591367
0.0367830754655
0.429565125705
0.947534024934
0.125429406927
0.432454720303
0.523496714205
0.808863078604
0.684653857206
0.971504361695
0.539002074025
0.7629617459
0.894802031788
0.813729153244
0.852847942233
0.585262391993
0.837875807806
0.578124858393
0.1854714667
0.699029323743
0.573708131037
0.276993677946
0.939024797712
0.0344730077105
0.513536850049
0.392060136247
0.950170338917
0.485672917137
0.277436768329
0.968983802917
0.79491452273
0.692265568988
0.145607574452
0.388046723259
0.0514986781422
0.837336560856
0.0711421406386
0.842083276468
0.244105534015
0.921132530896
0.0171904860011
0.0605481177055
0.0671662892931
0.894956887273
0.641214249919
0.555519830554
0.0761154709971
0.147512646435
0.618381702411
0.842844545144
0.840625578363
0.0635113779079
0.0590649339964
0.127919042681
0.21129197223
0.922356811694
0.97410082325
0.790587606251
0.557333700384
0.908798317201
0.33755845991
0.0254783386169
0.695816538381
0.0955705484375
0.672335439338
0.74829980938
0.048138453203
0.689329514215
0.0468359460961
0.118274048819
0.875466933839
0.284463347661
0.436932021042
0.762033348227
0.877518567355
0.275619255041
0.064203016758
0.625893003424
0.0187356631828
0.201620774014
0.0454492215621
0.887092086626
0.73599967056
0.128207002687
0.876897439492
0.0827292762534
0.594017311601
0.0427670491229
0.715992702569
0.589066718448
0.947470983313
0.724611922849
0.813154336021
0.0572334861138
0.316050276752
0.155230009341
0.915079083065
0.0585998684108
0.527877169538
0.0442775826384
0.140861080542
0.0604767576999
0.505495081956
0.686468243798
0.874975227865
0.145302512203
0.582989433811
0.917622498437
0.581594149928
0.502598832227
0.856658295026
0.0800756336175
0.0174904169484
0.73590145375
0.690687153129
0.793142928554
0.184802368767
0.0613495259853
0.662717332683
0.119350365257
0.539226791449
0.255271923941
0.792876790559
0.0976262495155
0.0595206859212
0.355007394743
0.522782711113
0.714449221202
0.503663809683
0.417611374159
0.942188217573
0.0450349279789
0.855930497397
0.861002851457
0.609806549977
0.93218924585
0.257072227177
0.939124540767
0.099907976947
0.958343889604
0.143711773266
0.19551403559
0.491182840899
0.973745465072
0.223157380139
0.514927164826
0.633960766592
0.726188907655
0.26758566603
0.0209819017664
0.540908302478
0.47833200005
0.175185133685
0.202119728847
0.901456543803
0.880364663078
0.680868305506
0.524461731066
0.560007818755
0.518321142523
0.0388446035597
0.595935477278
0.226799600881
0.0544681364505
0.501440667755
0.715714802215
0.925338331065
0.929260201509
0.0242067268361
0.916251327323
0.935324822521
0.734998839861
0.934365255156
0.45852433954
0.149718090389
0.0717262354787
0.473369001764
0.333581510653
0.472731172713
0.145889498623
0.734254083442
0.953273864087
0.928775405321
0.894956887273
0.059961835784
0.339608391414
0.731414763829
0.200317903635
0.672935657639
0.906643808215
0.0716643152188
0.234628043005
0.185526111065
0.512014497838
0.599918358687
0.231270039444
0.848355494581
0.074589957462
0.132409923565
0.199434466691
0.109496864161
0.906438515231
0.157277179514
0.663677202476
0.396268210274
0.869533836574
0.194956223795
0.0508834698338
0.749722551255
0.334531549073
0.0435290704216
0.517809790281
0.877675713919
0.680868305506
0.705053329912
0.765093818145
0.848970798997
0.899648840606
0.0217157612961
0.700060656972
0.0350487473245
0.660638563989
0.956682130425
0.546494266998
0.815165686015
0.451420702591
0.0124101061543
0.932458507106
0.115515548726
0.832309241142
0.195130798824
0.231083010842
0.921632875597
0.893781865194
0.662799947029
0.827251063931
0.830217352189
0.100418514793
0.909749853081
0.563487672472
0.960491013213
0.266968814018
0.916921483475
0.279483588955
0.305527052476
0.423174387169
0.836811582737
0.831015717417
0.70963686116
0.106550506424
0.890483857534
0.192632558611
0.104916874377
0.663259370374
0.509584265288
0.9166138001
0.881837617966
0.139081262967
0.869944260448
0.803314598008
0.302325436795
0.51134414196
0.835856902513
0.930827317591
0.359657063437
0.462010433325
0.111183275738
0.0430169938711
0.11301094627
0.597028136193
0.536139606036
0.18262677518
0.0545531111821
0.904804326411
0.756036043976
0.0234577307441
0.952750547412
0.23384281872
0.883862646259
0.475233947814
0.14986187462
0.662782341336
0.252605085494
0.873895342469
0.286281580268
0.789289705242
0.712786972765
0.764763611833
0.439438448023
0.0221398660845
0.595083144069
0.588645174217
0.807896971673
0.773204572621
0.135944694502
0.108458355263
0.636473535039
0.964562666428
0.596503834945
0.957721077097
0.229140889361
0.889240425589
0.0854204807727
0.930273482033
0.791358602366
0.370268803217
0.964537311703
0.788729200355
0.054122877244
0.500508537626
0.675182301667
0.724152275057
0.554898127818
0.909875855905
0.738529283212
0.0156142650195
0.875417737132
0.75982047058
0.889196043396
0.295494070668
0.556446577856
0.845973208734
0.283949599196
0.0792504081
0.0667704302592
0.0427557193534
0.0592902747104
0.958993069086
0.953618920897
0.890726211508
0.0340037700997
0.580191669048
0.877598631316
0.824293363972
0.206831861968
0.0599203197881
0.290190874
0.746194871052
0.213183187187
0.3138536785
0.0486542347964
0.123374089365
0.861365515021
0.939674750923
0.38898617592
0.861851115492
0.0829226439656
0.725977473347
0.805599295714
0.0234818985561
0.036834571295
0.382564881331
0.843538633404
0.0631408740251
0.183174404847
0.135050123216
0.939996797713
0.0111131287972
0.629659201703
0.0657653434622
0.385876000014
0.323438624231
0.932185606331
0.541044477612
0.77898874247
0.717345475521
0.861524363882
0.0714024075385
0.819022509477
0.0492904437843
0.200293504265
0.640449733246
0.0422480018141
0.598534064536
0.91760459364
0.639669181154
0.673699535191
0.304006443554
0.451761303818
0.731554564096
0.509088151549
0.544621947303
0.759774324093
0.0621568674634
0.183171319467
0.718194634292
0.779942236751
0.755616543065
0.558936951041
0.781269584605
0.808790602053
0.0611303610776
0.0682347488038
0.965825888793
0.0186512465697
0.843858699783
0.387596165426
0.304467584534
0.874781631888
0.847254576919
0.206909676858
0.0668792850127
0.594841123888
0.948351969752
0.85018887319
0.931717470832
0.228595999632
0.222449106477
0.785872751184
0.462176732256
0.29869541863
0.567743701026
0.103444578754
0.928892064692
0.924103492764
0.94542130969
0.753128740735
0.165403656807
0.968306850304
0.151786647442
0.238433607637
0.625769807877
0.385494646913
0.202231517013
0.916461938628
0.935813610703
0.178034981425
0.747700720505
0.138167808966
0.931432442245
0.976472828233
0.392114044333
0.113179774093
0.451659410072
0.874879923428
0.0848674074654
0.805125989613
0.0467985792497
0.118139600109
0.0597122952062
0.83689821367
0.524124815934
0.0205772055217
0.159074246471
0.461962671959
0.619151449859
0.810803404866
0.56873255266
0.887258455077
0.316252329619
0.869444977227
0.446846892743
0.623342410346
0.859000123951
0.503652837422
0.907690948386
0.0408038322081
0.682994000796
0.887369150274
0.517463425594
0.966795448223
0.595186121118
0.975490159259
0.394229990119
0.931107772818
0.485954113783
0.903508085871
0.638332490861
0.876097617047
0.30456439435
0.946530999664
0.875463893758
0.668214052662
0.883801161862
0.919079134268
0.900186048783
0.540160722256
0.0312957168962
0.468516986963
0.865450471485
0.887525189315
0.304066938122
0.738289527344
0.94771681714
0.560780594045
0.956696588098
0.902979530479
0.565044392522
0.0518085054253
0.745438920692
0.361689463313
0.853409426763
0.0744061377276
0.749832182969
0.620531386056
0.893887915947
0.79201194961
0.206378184684
0.946699816211
0.855009998606
0.397774405722
0.502821306664
0.941385708302
0.245665657829
0.621058446125
0.277885838661
0.209794452319
0.919944877872
0.0657538892029
0.92244577805
0.183139297484
0.547312866117
0.122853444699
0.948440727683
0.606881548041
0.934204534488
0.11772253151
0.336586207694
0.21831278133
0.246989627081
0.121460315085
0.923703608064
0.840124155961
0.600443901804
0.92814616063
0.517362023547
0.87090164453
0.120394801492
0.0696979954521
0.050476905944
0.049142182558
0.839264234992
0.0690360537835
0.0621140917553
0.0698084472227
0.149016572431
0.932104897217
0.400782966487
0.205747107
0.0932646486584
0.889619651357
0.290347596206
0.560067087354
0.107970290702
0.06368192464
0.253423239535
0.681900028224
0.364873563829
0.947785713384
0.676847315983
0.839466218043
0.142946703042
0.516838077931
0.590217850732
0.392405089163
0.906793448261
0.0685752230449
0.0330266144149
0.775688796797
0.883320729159
0.594386762295
0.633123285446
0.842743267754
0.722809282818
0.16972938319
0.91703054011
0.15109447779
0.637615534806
0.0778620655134
0.0514574300902
0.492098869564
0.0322409949729
0.778155416934
0.92647785098
0.743290645955
0.0367506747583
0.904132523093
0.650480525278
0.63756901261
0.0338462425643
0.890432935641
0.726245111226
0.0499865481123
0.144416766529
0.394589353619
0.869797811654
0.340092244568
0.0930582265922
0.949479626342
0.037641082064
0.29992761835
0.274455661482
0.833024728281
0.762508731997
0.62899267896
0.906341723971
0.922613734566
0.119929192932
0.0375311055273
0.0686370300541
0.311007108142
0.612227514354
0.130752065999
0.12915980352
0.526397671244
0.139396171409
0.433829961058
0.334602314511
0.922014887138
0.454168313468
0.178335240936
0.686651327237
0.382823834644
0.0631615257909
0.327149820565
0.165746619249
0.343404723059
0.0469217429183
0.318173858338
0.894067718351
0.91212012334
0.336064036544
0.640064510045
0.170133187522
0.496528047244
0.849240748129
0.799184287597
0.588911686454
0.623607724901
0.914553585953
0.0832219086739
0.705456070296
0.0409624795349
0.32001159368
0.889240425589
0.589829725695
0.946869976399
0.525367205121
0.661216373554
0.0226214112078
0.0129100437448
0.434759190896
0.484873581244
0.786035021655
0.24497924335
0.96819976928
0.0230399944213
0.625360399852
0.637155762514
0.795821600262
0.855406613306
0.175935379683
0.0667594466432
0.953803930063
0.801870506015
0.96358009084
0.327181480105
0.39865620496
0.311760980512
0.973134649468
0.232479245567
0.82775285512
0.484537755821
0.131207971063
0.0872732812453
0.729848748309
0.0769185185446
0.370519509363
0.880797064059
0.0531539826304
0.901696354456
0.11980191331
0.942972829394
0.861967519055
0.790239068921
0.0737111459638
0.427702171413
0.90350810599
0.487389368712
0.287929626177
0.314886430891
0.296673369974
0.398946103533
0.0904067097439
0.912457966111
0.71669883621
0.516706497821
0.751662581247
0.963513862717
0.32371648436
0.637213646253
0.633790886612
0.826722607245
0.695481326208
0.739471411044
0.570662388598
0.505610875333
0.719932377489
0.97723698144
0.366434918309
0.555619028978
0.816623470746
0.89542786654
0.377685392564
0.901689101616
0.118293963479
0.720799287317
0.514003716352
0.828034153512
0.951682560853
0.880781509814
0.97473474204
0.893781865194
0.898479673235
0.706583665546
0.359699856325
0.595276352592
0.906226788534
0.0890169522194
0.12696016171
0.0525179357557
0.225678031659
0.948918457001
0.540423374622
0.629660935747
0.825360314786
0.794877504528
0.101518266192
0.90792501648
0.957706812942
0.823157488688
0.875930566648
0.123117455643
0.507431706346
0.0685809262075
0.0229432894927
0.116601066301
0.0763739738651
0.735823087771
0.776212113266
0.0409917752843
0.0598423188023
0.743479745143
0.310852850434
0.719304086265
0.900933636851
0.96742654282
0.044191156917
0.928570532781
0.734437095412
0.0352123070962
0.725657021311
0.0535053186188
0.90334866283
0.150849785497
0.757097633993
0.896245894
0.746586149342
0.417659209079
0.0630424928236
0.0479374663921
0.306565922059
0.102485924285
0.91399995418
0.785863521382
0.595743227413
0.0330396850414
0.0364118675495
0.527065432661
0.28172291208
0.421722152805
0.342916030965
0.210792308797
0.180167603703
0.0478842609563
0.241190805485
0.932877840583
0.517676857383
0.0532246669763
0.976594411827
0.952254730285
0.637533418241
0.159186125764
0.951354919842
0.748084092296
0.713234754728
0.744195480077
0.225042996435
0.52213665
0.115020300694
0.0352763898135
0.785865736801
0.120759643977
0.594297543121
0.924346010242
0.559690838589
0.64989153063
0.756347553456
0.298575810023
0.137723151676
0.327558392323
0.552936545653
0.242411174524
0.395979590832
0.615571652639
0.549046549731
0.752175275561
0.718511120029
0.345030495532
0.609648640282
0.550890717291
0.342194912032
0.832241834083
0.410191149234
0.359910644586
0.897658199189
0.0561529153508
0.92239104496
0.94275158493
0.199288773387
0.956267384232
0.817098821067
0.785843999677
0.302271179127
0.0637988622486
0.148139401953
0.234198214228
0.0275970309234
0.460206629701
0.432312382937
0.267503945993
0.486499725931
0.577920750852
0.609506498881
0.793694072708
0.723571280455
0.381192221417
0.237166097258
0.0319372607355
0.277755562725
0.052384698039
0.943222095651
0.0617857599003
0.172697454894
0.945628372269
0.61587255749
0.93942736158
0.616692009515
0.198019798389
0.29862987344
0.943302591908
0.898835233148
0.546526473691
0.040842208271
0.0294229321508
0.85813482606
0.878657161217
0.730746432162
0.81545688825
0.381403662596
0.734350632238
0.550928379467
0.353212859606
0.769466278493
0.205973281209
0.942564921655
0.485672917137
0.868109796696
0.0492597232898
0.958073022095
0.75653586147
0.402897034883
0.374620792587
0.595507576467
0.527354555939
0.783477031984
0.259659824081
0.260647122962
0.514787137771
0.346938914357
0.495338915292
0.109307676774
0.750525817781
0.958849652907
0.897784806608
0.939454660134
0.935919238652
0.685508897501
0.957073244502
0.114170079399
0.266240390777
0.140724614679
0.732313462359
0.781090654774
0.264795765911
0.895169692027
0.910183365499
0.92423903937
0.924199920979
0.94649930764
0.962846124293
0.955709770025
0.380196027945
0.56771399688
0.847808578583
0.90416596422
0.0991859642079
0.0517735248598
0.122203890444
0.364128593756
0.895169692027
0.0267639012191
0.0305708400213
0.638715657468
0.943788909752
0.344824907421
0.730020048258
0.256056884088
0.408879741054
0.0678617728961
0.162698129347
0.465011307438
0.363788717024
0.778375437028
0.791249900138
0.696211732555
0.48504053102
0.233530182877
0.150139904332
0.258571334693
0.919113710688
0.953794369639
0.514031417704
0.957024255326
0.345439116083
0.476444454164
0.957478112854
0.737918871044
0.0705962348768
0.933267448117
0.268962913701
0.242743460094
0.726229722497
0.417938599533
0.212579929924
0.0622155602858
0.245210836017
0.536658883234
0.898183960139
0.909575776339
0.546906144132
0.638335921883
0.399938131746
0.501616988822
0.185502636269
0.110241418012
0.820343369991
0.955758426091
0.0208609610021
0.463124655267
0.382366029428
0.0870287083136
0.905823924592
0.605407676919
0.926396933001
0.498806547755
0.214992889757
0.0460088070971
0.0740416876176
0.471755838457
0.139571034064
0.580746245169
0.974390165088
0.890726211508
0.362276064899
0.75085835407
0.716914266094
0.955979734785
0.0562373227226
0.924862844498
0.561198797281
0.126027297826
0.487389368712
0.416486295093
0.295405502583
0.662782341336
0.931247799417
0.944045079541
0.174644955071
0.234918568728
0.0495642367558
0.27703172219
0.111756910682
0.859642837719
0.857828902385
0.955462077128
0.686788544949
0.916574182627
0.942524716185
0.939354607807
0.0961515172158
0.170452630204
0.705489359573
0.816972570734
0.516039271585
0.0602085019726
0.666037186007
0.687117357533
0.863154128476
0.190980968654
0.656755250363
0.684161774254
0.932387555187
0.0540787325769
0.752237576584
0.588388157224
0.949640135889
0.541710521346
0.66081166594
0.941612650826
0.362078559648
0.188495034405
0.37051470612
0.872188135666
0.469987659296
0.936717096178
0.896357788121
0.0608910349373
0.219622701083
0.880822126419
0.194436355869
0.328321922872
0.944760931278
0.636705806444
0.0669920994943
0.882287440705
0.700397069607
0.435786935117
0.972457764235
0.945168452221
0.379408809019
0.600347968492
0.142974696541
0.9588056838
0.502821306664
0.529986927364
0.365532934735
0.0214280074614
0.752366355081
0.0836909323762
0.89557982685
0.294645121571
0.918916125601
0.749570138308
0.207569230684
0.892055297514
0.792029751887
0.047256754224
0.351802869268
0.937985364993
0.828774606674
0.0279081548652
0.724611922849
0.948655560607
0.0402642083622
0.370189392011
0.126445056901
0.484959379355
0.886509907155
0.206184069585
0.513653414199
0.778421401091
0.0931221071692
0.792892762638
0.827593521993
0.347703578033
0.34898812837
0.916597506128
0.0652843813765
0.926386235332
0.159677458569
0.810096180344
0.228075635546
0.86191838544
0.097164618011
0.867394937559
0.647263447089
0.033326907173
0.170350202904
0.954055402766
0.808206559814
0.693423588952
0.55196456896
0.571883082011
0.220460165959
0.06002488571
0.052586209817
0.375491274128
0.878612187696
0.943576558943
0.897318659985
0.297988530023
0.117360374887
0.125006785213
0.966681533721
0.474481722959
0.211697330386
0.850342243786
0.747568741134
0.930573681086
0.0712165370921
0.232183340939
0.513650850623
0.0803432172456
0.595315070025
0.127510748236
0.471610938576
0.277950178568
0.191370381778
0.518475855268
0.953881514263
0.361149536984
0.88494009418
0.414988024549
0.0884905030049
0.554917329157
0.1438634089
0.625261608321
0.69027747524
0.558281450594
0.256984920567
0.62226317154
0.467877686012
0.0866682251094
0.474092123315
0.566119176905
0.808236442509
0.973878674474
0.036878720421
0.869533836574
0.906038772986
0.0878170002968
0.7391280016
0.695668218841
0.0773061079915
0.0152216934681
0.170743943635
0.194510292324
0.13115866186
0.83039681916
0.401362693785
0.0763739738651
0.101132850975
0.518705095269
0.965825888793
0.185337392425
0.82090837469
0.366632233642
0.0637871375703
0.869797811654
0.716243858784
0.0532246669763
0.0510842318061
0.511050918234
0.946781904796
0.716646198372
0.471032481242
0.322377940612
0.510414684692
0.187907844853
0.534339486843
0.0426153281696
0.834655980176
0.0405375301903
0.891656163107
0.715272379474
0.350939267197
0.0882614416571
0.0419210494218
0.0413495284527
0.483164806606
0.522033728893
0.292733211733
0.833542089708
0.766119726676
0.756316334328
0.420795021683
0.48584352377
0.308758166193
0.233509925913
0.948304411005
0.382165737042
0.948205100087
0.937185036589
0.278248118003
0.913148091691
0.617686451247
0.606712397923
0.0461969415572
0.121132058525
0.89903810095
0.0453506122426
0.0358738769744
0.611592602987
0.67863919448
0.431409439018
0.34044739477
0.238078152894
0.282490421443
0.107129106079
0.14860185809
0.821063268281
0.48215321374
0.541793505956
0.0863282298648
0.444318993622
0.328321922872
0.823888837793
0.893741712252
0.117091356584
0.415862533254
0.857453625267
0.0516534074661
0.395738796476
0.448333279336
0.942782943017
0.912627066145
0.86910880943
0.362078559648
0.823814099164
0.898133241621
0.0865695306114
0.56913137633
0.290132227851
0.956071830399
0.177169408645
0.0605696260679
0.327828233043
0.0380546004763
0.791855893592
0.762209812158
0.0345039198654
0.0902116697685
0.277371274292
0.53512379464
0.973124617568
0.208289162148
0.529146260386
0.963094234726
0.964009229368
0.918567571146
0.202950444363
0.0275019283334
0.754439337056
0.224935953423
0.143291464119
0.927355224831
0.103766254093
0.930180084456
0.131128948106
0.569629597321
0.305591665182
0.582555098961
0.114921454618
0.951220105676
0.952967740748
0.524795283427
0.100548132092
0.0709334036914
0.372941945696
0.0944219210483
0.952119802147
0.222542520842
0.255098453173
0.0340801695602
0.901679541203
0.672770859388
0.410453141374
0.866520772493
0.846769073472
0.70863799639
0.230118793724
0.425380054653
0.872191232954
0.263565531238
0.936734220536
0.96954674873
0.943480383778
0.620086472239
0.101199355513
0.938861525139
0.11418689876
0.235711511944
0.200048674007
0.531149144057
0.298760366828
0.147069321308
0.734184193931
0.0345981870313
0.0876233449061
0.883018040381
0.830585687642
0.90925956083
0.653778031362
0.380988271182
0.506357249906
0.16736509481
0.801258987502
0.623032718597
0.933552935733
0.609203371789
0.589829725695
0.828921448315
0.0444684845273
0.148366195136
0.0720736502508
0.714799388375
0.461767577803
0.895211348871
0.0417198433833
0.809484270252
0.0539179378345
0.0214557875316
0.91495237309
0.438420559303
0.192747904789
0.755919637418
0.123953501765
0.8952928882
0.165936102357
0.822174501415
0.854572773853
0.85643811189
0.803615977235
0.52353860058
0.179050921088
0.0971449639986
0.606148017658
0.0796674753001
0.0999307513506
0.567727834306
0.094634459385
0.902372748643
0.019192792192
0.383788293515
0.896447587427
0.402447753091
0.803864649847
0.0876233449061
0.613261196781
0.86630578588
0.657357469931
0.0856700834794
0.92075501849
0.963812146605
0.889189149468
0.667651542585
0.867373321668
0.453085513797
0.35461704933
0.136629033254
0.281952539446
0.37102842187
0.749954305325
0.19399721168
0.932967786056
0.260870157714
0.860628187295
0.884444610139
0.101197855225
0.972444315167
0.0693141534264
0.126765725248
0.829264804214
0.929900638056
0.56133456703
0.876540364028
0.152100916886
0.484184596847
0.112787384207
0.0868636331073
0.335053435952
0.624181250224
0.605643596043
0.904902357222
0.837096590189
0.0538653765099
0.0942491142848
0.892748646032
0.074841141846
0.962954830296
0.682782513999
0.786168525641
0.0443174585441
0.821361647845
0.56107397829
0.590530652204
0.103985080713
0.932714899172
0.831121183667
0.19109323566
0.714762593902
0.59628356351
0.837511504667
0.190504011931
0.280395649459
0.746612629419
0.161683129718
0.883667916414
0.366475077642
0.339792467939
0.0927288539941
0.606953054956
0.174020819956
0.0608757832466
0.556630511492
0.0443090826338
0.0590783551494
0.492939366979
0.163550316044
0.926853181672
0.0885516181132
0.851050440378
0.0486542347964
0.497899375359
0.637762772792
0.18901708419
0.947812672719
0.0240999453321
0.809989958729
0.347699843871
0.505610875333
0.226026834096
0.26377069415
0.515366730691
0.919237496473
0.154500129172
0.800860757492
0.0670400683602
0.39801682757
0.689937772701
0.498963053137
0.436217536883
0.859280864492
0.0864007462317
0.682229508299
0.327490728467
0.464760990675
0.122203890444
0.225513378291
0.921828390284
0.661979115678
0.236778790703
0.700889091093
0.0792053699035
0.891089716553
0.973124617568
0.626152932466
0.627552234378
0.219690689177
0.923164774739
0.590321368112
0.70787195005
0.259698720874
0.63267644333
0.277950178568
0.778783892267
0.899228532987
0.452965484668
0.859572076436
0.157445175112
0.629138518512
0.229896557512
0.114770745632
0.271069700442
0.320018765525
0.178066549076
0.811835663722
0.729953351989
0.884747700475
0.363740240137
0.567758421508
0.547276617032
0.112264472783
0.0512185009917
0.183171319467
0.177025861892
0.0548580874027
0.346318252823
0.83005423411
0.552924868507
0.200750680316
0.390466949807
0.0578909334481
0.622838010466
0.598683759227
0.937733181246
0.247663206332
0.94821543122
0.0925805024188
0.954495038315
0.922720832347
0.25224056614
0.14175804407
0.807117071021
0.228429011796
0.77399827466
0.471032481242
0.84997231742
0.520732504862
0.856926032723
0.905444528803
0.351120702673
0.679386680451
0.879225408132
0.832571389459
0.171177058255
0.796074440016
0.367373436626
0.966673157269
0.583872507267
0.952139526312
0.562661888875
0.0888155832357
0.418779101894
0.244936506617
0.921804997391
0.44286161497
0.677085485539
0.246738636345
0.85424917423
0.904545117133
0.427859242535
0.903550314362
0.585077689893
0.060971788165
0.507963763276
0.118918316106
0.0407126778058
0.893425318188
0.95010703223
0.926298037057
0.103796166131
0.547603835909
0.385631276655
0.337345726566
0.488959565225
0.884527720564
0.0912994367505
0.183731928573
0.113576097628
0.0321850564383
0.898206534874
0.946741748596
0.135517844173
0.0594586853956
0.24322867968
0.915532489765
0.212570312769
0.943487582718
0.0170257574834
0.889944202758
0.889642064524
0.225393819174
0.0748012099737
0.908424510509
0.101820015877
0.567704304491
0.949185753538
0.470711097393
0.815167628443
0.954699071766
0.874885519305
0.879358744428
0.320682625233
0.138212879463
0.876707373072
0.671743457336
0.835648753097
0.310626555125
0.396142433792
0.668049102398
0.0115579229204
0.210118192556
0.0878997919741
0.934878929331
0.859634455856
0.601015073642
0.13783166343
0.200893662948
0.648392520672
0.0974285604146
0.704728217158
0.0621140917553
0.921632875597
0.552221687413
0.0664369168504
0.477715833506
0.508005157928
0.962198106588
0.408870626524
0.84215948124
0.528543227471
0.749722551255
0.386652197682
0.560779645175
0.839874347487
0.569770832886
0.0397181197874
0.948215554386
0.847886369299
0.0850523498022
0.204757395405
0.332265457659
0.0716145949645
0.14744598961
0.824369166815
0.520733448613
0.850267157825
0.930069809737
0.337514957059
0.615078905477
0.132997249139
0.807078484054
0.633316974935
0.147361826129
0.2487472854
0.626424328093
0.169722288018
0.619975173282
0.571844568612
0.846093295175
0.701365430208
0.464050944614
0.245422644027
0.404550340331
0.247261914807
0.257507438703
0.619484450678
0.0817320558895
0.518171567015
0.258375388502
0.887918077513
0.19360011088
0.544087793719
0.92728630937
0.267267016486
0.73198769187
0.493232714161
0.708061295357
0.778491947457
0.676743897781
0.958663169831
0.0861179125243
0.73390044338
0.964709702271
0.726576192638
0.958284035418
0.560328463174
0.930590382385
0.459377318369
0.415403122095
0.386699198695
0.900030767093
0.164731153666
0.0408895776888
0.274282232201
0.43236837561
0.936317785475
0.034931746247
0.949506393028
0.869547044937
0.123439425524
0.079136431132
0.310626555125
0.795131919836
0.209184996311
0.053321150691
0.226541897384
0.329519565334
0.879740372256
0.0415121613209
0.867187406446
0.505194574902
0.899919662116
0.0688965240779
0.918045099069
0.112708357425
0.933594698238
0.250148169308
0.736524207493
0.282715197701
0.703419765803
0.960518331588
0.939954172043
0.379152049288
0.0678188051424
0.17122036191
0.93054609518
0.548816624661
0.923474725904
0.918514252427
0.576874791595
0.899964560132
0.927466801171
0.32487077076
0.444256246499
0.112358898169
0.123830968067
0.674382532971
0.561504909464
0.55114519267
0.933492836565
0.691554272319
0.971818001886
0.602258517885
0.769346602075
0.946806384337
0.936785862402
0.431053963532
0.945248335698
0.410682092702
0.282863198584
0.283644558745
0.951840322308
0.227033166989
0.283644558745
0.0676531933315
0.516767102974
0.291832601991
0.136774688329
0.655194511546
0.421243320805
0.154484187821
0.872206847326
0.726321836391
0.581313224134
0.918901836855
0.940690530195
0.141218826594
0.0382748776373
0.181537397685
0.892234858995
0.419819541658
0.0395525255072
0.558342120366
0.68896596812
0.0500114431424
0.0347243999171
0.0875713914656
0.834801615827
0.936164641365
0.943757257585
0.361408683083
0.913695760336
0.18173345678
0.92599824064
0.278847485951
0.750687658835
0.390552590996
0.410680192448
0.296416878886
0.89616048098
0.588958729827
0.434935730087
0.435287379095
0.860093948341
0.80481496679
0.66081166594
0.199272610895
0.864847492655
0.895576145589
0.178891850133
0.201302477182
0.939954870697
0.583741185258
0.470004632993
0.746054837187
0.0269033454456
0.826508855301
0.651307746664
0.208235758529
0.673790088236
0.61296641893
0.929366013777
0.592738193343
0.781984751782
0.917102347402
0.427506708593
0.67633758106
0.930667368282
0.125459688638
0.882392761123
0.283931129175
0.75284009754
0.174374121728
0.723925419076
0.798808068366
0.116789819349
0.416321151625
0.260490350063
0.352655413145
0.553444737167
0.279946200786
0.4726722336
0.584501515797
0.0309338230215
0.959980262716
0.215934885567
0.216561914278
0.628601804823
0.204818935233
0.834414246115
0.92602270189
0.874386405321
0.919576273807
0.443926664359
0.0188676008854
0.198937608982
0.0627688284425
0.828727726864
0.545011298967
0.761718552859
0.625034578343
0.0979120987531
0.913881768233
0.83337138397
0.671039696072
0.901582242482
0.0332575412971
0.863850955325
0.240939905313
0.85643811189
0.540178555859
0.439997196864
0.961589621386
0.360796151061
0.137448274985
0.374780880584
0.903930900924
0.476705077823
0.397198908079
0.389447235227
0.943576956334
0.797606795238
0.936166118132
0.0457463868685
0.660822407292
0.0571577308824
0.327294066103
0.223772328807
0.523349771268
0.425619398242
0.118495082494
0.462124828803
0.47411160913
0.0804915219774
0.0392605806804
0.947682471516
0.705151119702
0.699997092066
0.0162519072063
0.862242446813
0.859056279566
0.932378313369
0.896499195552
0.778468696673
0.429347383446
0.930618094939
0.241337189514
0.686525114105
0.108161647157
0.818872149918
0.05036874368
0.929260201509
0.166971898741
0.361182298687
0.936053735338
0.125343878264
0.0489355463662
0.837897448717
0.92936464031
0.36999941229
0.886310333523
0.896462687251
0.801471759966
0.0903067949836
0.510924315276
0.369233123991
0.878059412587
0.219750480575
0.768949813629
0.493800427779
0.384751974881
0.785791817339
0.634946157624
0.691641228971
0.321762136609
0.0794285276836
0.93054609518
0.436752595984
0.759646419334
0.895169692027
0.467795241963
0.627770531099
0.836739670926
0.845902174893
0.0702588073569
0.929424159182
0.917728117995
0.889189149468
0.92334467973
0.969685140814
0.595083144069
0.193249004209
0.0978569927932
0.0617432442692
0.961925032897
0.588576505466
0.619184860362
0.280544885486
0.10824543328
0.239361737763
0.246669544359
0.07048017146
0.131032767054
0.904718042697
0.029676934687
0.179603692533
0.263575221469
0.485209891876
0.544932528523
0.778835318702
0.138614071368
0.253326250284
0.32021991567
0.954891544806
0.0407111711798
0.048932142595
0.405589910191
0.474857446064
0.120920615738
0.031695665228
0.822899321176
0.298375385347
0.712565857206
0.572012842478
0.883015718449
0.0158244800683
0.646702246852
0.211587222666
0.768809650729
0.0768945365646
0.65011480475
0.273999481448
0.329485153374
0.960963067334
0.0428470005125
0.539789380718
0.609686466259
0.0934918970592
0.399861072389
0.246546941544
0.833118967905
0.546259802895
0.238163023359
0.298066415787
0.258209911281
0.876581977225
0.55412685028
0.0669801815
0.520285143865
0.798016364882
0.887304847665
0.153437853415
0.127211614748
0.377884310606
0.843138043539
0.0387811587953
0.39677331471
0.913904917582
0.501134485772
0.353753696386
0.191101530299
0.879431683185
0.922319531536
0.632289815122
0.727167636798
0.194617845741
0.238712234284
0.321103328332
0.437956990774
0.128489659961
0.366678979642
0.901220514913
0.565846686719
0.316830811778
0.462594425914
0.449684949235
0.856796627369
0.734004260467
0.0517663873152
0.476989431061
0.938783397222
0.430853722256
0.464397905808
0.146434739223
0.784016482806
0.409201723642
0.366425888404
0.496604420802
0.599583830805
0.521734120544
0.0381259189486
0.387123056789
0.615171470171
0.931182914338
0.92242045728
0.0275431187805
0.895211348871
0.318178298857
0.848257517372
0.80383593242
0.798173115116
0.757881005662
0.942212104352
0.657895783308
0.681218973301
0.952070568293
0.83634198566
0.106320313142
0.510437578618
0.181095994919
0.729065193803
0.200499572896
0.0446113286283
0.0907481833654
0.801199065159
0.16764436345
0.84080015891
0.791954660702
0.956071830399
0.595361596755
0.957460718039
0.0278784236542
0.130472570579
0.819022509477
0.719684276001
0.25427237244
0.14747361395
0.403510713203
0.506237012961
0.774930456436
0.707718537738
0.0982635788894
0.100533622776
0.112213501305
0.745103205575
0.110627147779
0.0642222245871
0.101345123625
0.323451422929
0.174688258324
0.468546721503
0.0374378506819
0.0320646878222
0.952864510572
0.905498601914
0.29112184613
0.295220429776
0.915919537623
0.202093167811
0.0616838231591
0.0300442856175
0.261112805437
0.0351471315044
0.434531321692
0.390146511997
0.932993157377
0.550977389436
0.72473123537
0.644755360617
0.818634581684
0.210821606225
0.654741244766
0.812520119562
0.861036534896
0.748884202733
0.700389731764
0.0884905030049
0.123869258001
0.428946505103
0.061026542872
0.843966022955
0.921766358993
0.726639630785
0.147892868018
0.519116666698
0.537902248769
0.158821172329
0.454228498291
0.609686466259
0.738715211494
0.334923740677
0.962847386587
0.469749929547
0.150892484442
0.0451662117541
0.170651131199
0.291229977323
0.640524708893
0.932185606331
0.46840812825
0.763977414047
0.0239799488801
0.866965271873
0.377985658852
0.0873215089769
0.0379297629108
0.079472573726
0.700204304875
0.470338969181
0.401274629126
0.118293963479
0.0764469476484
0.0478739829682
0.955708993478
0.587749633659
0.0753094501999
0.52338531642
0.0204981139838
0.921437607989
0.0430335115819
0.784598849628
0.858376913834
0.267614037131
0.782858416687
0.929940948671
0.933781173947
0.55030028774
0.732011858858
0.813362407445
0.775300135509
0.35706357744
0.427852753191
0.123952248137
0.179331888553
0.620715011347
0.175702011785
0.720954350723
0.928412053965
0.233564030931
0.810954344106
0.909867762242
0.182142377668
0.0980892599152
0.88800685791
0.0168378025745
0.793659694278
0.338919900648
0.550508290798
0.963812146605
0.860244627182
0.938461096741
0.704001307388
0.441376784588
0.885587067737
0.687031071232
0.356246286496
0.423082348354
0.659662144629
0.644262805353
0.695126041798
0.485672917137
0.091972022587
0.943468021245
0.0354534692788
0.813729153244
0.691179538875
0.908200557423
0.479772214435
0.56901810019
0.0180284999192
0.954817592579
0.646184265287
0.721149887376
0.143968713849
0.0344489268572
0.614605108956
0.0345022987643
0.68196038105
0.037641082064
0.833850375968
0.192837980814
0.610035008233
0.167074265764
0.315226018319
0.834423536763
0.0264503714474
0.386652197682
0.142974696541
0.561108146822
0.567656962536
0.956267384232
0.710287865427
0.951238068771
0.786226515975
0.400848096729
0.105115500788
0.0507251154273
0.50269163918
0.56376324489
0.0745238830625
0.597531976094
0.149998526017
0.845383559446
0.640062168192
0.696705724879
0.550824282743
0.552680833965
0.905143898844
0.948088829759
0.0863121667578
0.328778955964
0.742288841581
0.569648816205
0.645649300147
0.298999839842
0.741623521564
0.883054801115
0.46795438411
0.449800602379
0.832896458151
0.551777796914
0.583985193767
0.101970589111
0.806489451849
0.530579047475
0.245019691729
0.608578651738
0.814228304926
0.480995618648
0.172275056444
0.670053878577
0.218267610643
0.953410268111
0.503021269218
0.83049419286
0.394189628474
0.766153532684
0.783289426031
0.14193565236
0.267322054274
0.0223018810716
0.934482298495
0.55114519267
0.759722916247
0.65906541242
0.692157192301
0.188280618875
0.768349573962
0.176073253748
0.265911442974
0.931605508355
0.935691203278
0.882218137329
0.85345266477
0.919944877872
0.679342234791
0.844048937465
0.819941512352
0.193245548252
0.758487004687
0.815878055243
0.258254413041
0.410641211609
0.68609518357
0.920251681017
0.188597972751
0.913606963303
0.126450759382
0.520046433146
0.609806549977
0.917022079166
0.8416416023
0.347298918988
0.719481460587
0.0475934976286
0.390539748296
0.450139166727
0.108198462944
0.392539946339
0.829264804214
0.513041143455
0.891132950031
0.714000988265
0.176081700054
0.498882421638
0.19070089992
0.565201278779
0.827504202777
0.736524207493
0.626206884356
0.830508377165
0.584501515797
0.224804184397
0.150140049066
0.818300599875
0.842363281013
0.0627873875805
0.420921603059
0.973834376722
0.830996270421
0.522352208754
0.923317380256
0.889452869377
0.927601817213
0.485484320959
0.875835199638
0.831190889118
0.420046659406
0.109902137447
0.95223595095
0.705993079139
0.25257221003
0.894062770593
0.797793408114
0.889240425589
0.970414366088
0.229140889361
0.8646861263
0.301867312366
0.874438068264
0.89355059578
0.0746685278205
0.967971265675
0.12197057326
0.285331008275
0.663448579622
0.919967486482
0.9529874464
0.671199858338
0.870768893864
0.0412440219407
0.954889516788
0.357589219611
0.0906950801683
0.697995416006
0.726081756546
0.230232850281
0.171693370396
0.60540997216
0.890308260417
0.0460601195765
0.942212104352
0.0512729258634
0.507837998781
0.886527786086
0.957024255326
0.564094107541
0.941355390245
0.0291765573453
0.220983513549
0.365344919648
0.0721118206058
0.0976783157759
0.359700810306
0.155522107388
0.181719197084
0.886066923376
0.572778961104
0.415259462224
0.506957446834
0.507939875985
0.945248335698
0.547580853825
0.929315509892
0.251627616708
0.749266278558
0.930660421233
0.436402568403
0.521146463982
0.205934480645
0.913664299165
0.736524207493
0.695854695165
0.860726312595
0.591090364105
0.256129528719
0.909026476755
0.274087269911
0.754243122123
0.765230569755
0.017707467478
0.696161277875
0.581454366337
0.0430335115819
0.640663448839
0.0271596657115
0.0955931354139
0.925338331065
0.94624387244
0.175971094278
0.0197263971476
0.0453532483363
0.181976815834
0.727167636798
0.416486295093
0.477040875253
0.708475020099
0.415434264581
0.756632441321
0.958694835146
0.465254181395
0.509941288709
0.0424606471654
0.747659351695
0.814830533888
0.0319166890719
0.147746992664
0.824820481378
0.971146759379
0.344814484033
0.0456350277313
0.157098903072
0.614373566388
0.0319720204393
0.117206886096
0.932736568864
0.724866714728
0.0264425164989
0.827395679148
0.440310956646
0.182230668702
0.590856281136
0.112985787159
0.466048017806
0.0610311697525
0.135824431574
0.909026476755
0.12766109835
0.250383890879
0.12059819785
0.858506783536
0.474921904303
0.760765629353
0.0747039310875
0.0313409383574
0.974243021887
0.0272523623248
0.761804261094
0.654835475443
0.647761437556
0.801258987502
0.703062384255
0.578377869315
0.558358795219
0.682909825848
0.908200557423
0.954055402766
0.507241415515
0.838653395685
0.968192426163
0.890689487507
0.220759333729
0.734684637698
0.965601309873
0.710424630014
0.873813470356
0.351508814092
0.679853606319
0.0886183526356
0.728901325627
0.0398492818685
0.934583426261
0.0467886844457
0.195514252485
0.801909485943
0.364128593756
0.765576501793
0.0872244088079
0.0234299134421
0.967731001589
0.159709895679
0.519532059279
0.337938268593
0.67195323105
0.254283912783
0.418964100443
0.20367917113
0.0981239518493
0.892296174295
0.800018060093
0.109679935214
0.0151874081032
0.955779739005
0.968347272169
0.640663448839
0.401204179182
0.0591936363717
0.293956668722
0.0392387123406
0.500879254697
0.843134449755
0.140740659124
0.70879588385
0.474528171966
0.453335490297
0.546687240022
0.65053460089
0.953128674678
0.294645121571
0.258146574472
0.898788238549
0.682769932994
0.0490914231415
0.892740762818
0.0763820111049
0.617686451247
0.759256470626
0.111038424686
0.788980931814
0.041831551418
0.86717531574
0.0943096103603
0.864083041512
0.919237496473
0.0377136854777
0.826005706925
0.198018677694
0.909026476755
0.502673873001
0.590688009851
0.563535634066
0.179159768155
0.0236250503109
0.129169428469
0.687782322202
0.0291783881463
0.908417684066
0.240998556428
0.0187789421779
0.0970532068217
0.875417737132
0.309760755917
0.447736664483
0.343918788161
0.569162813899
0.658170262119
0.527404371159
0.24540113875