0.235899502704
0.864079634719
0.239387626546
0.146790381493
0.593129515003
0.312721991748
0.53333824544
0.969985181387
0.0881302895046
0.894437478545
0.124896338711
0.927049714756
0.716018924132
0.582320042024
0.735074513985
0.820786168742
0.966734686766
0.277242225822
0.764790082908
0.542190638854
0.560026545673
0.0233584387985
0.878887043655
0.689181069443
0.283550524452
0.111324379843
0.0384055424964
0.444013556621
0.15362046579
0.758286794225
0.0463590607456
0.971102911286
0.805998584733
0.727304946147
0.849342588098
0.376027421485
0.454627027592
0.257079923119
0.826555288278
0.639306948708
0.406430061194
0.153514856722
0.538218289461
0.983444935065
0.197558108296
0.878030172523
0.63380874829
0.131004293205
0.0581631977271
0.567727918833
0.0730625473303
0.574979699608
0.132827799451
0.621609034713
0.951934591392
0.0917128938403
0.202394873251
0.560506611758
0.186524588681
0.869165009327
0.434172098653
0.596260132629
0.0901625049861
0.419327768184
0.836817376883
0.394395385008
0.168872440558
0.464200376404
0.202326971132
0.628475999695
0.756649635072
0.46431869146
0.31995920638
0.678896884986
0.773145977441
0.908202590086
0.34385256035
0.232756766842
0.428685148376
0.0993300620372
0.322184089937
0.0949453973722
0.296767723132
0.537476191236
0.591046735596
0.667999542378
0.802971045443
0.538797091198
0.696465739686
0.506431188839
0.319106373292
0.136502707027
0.794018984284
0.939953487166
0.490852202745
0.13330573526
0.879883355034
0.43902597061
0.898777114658
0.723500859134
0.356294320442
0.96347695876
0.941622324283
0.588369223331
0.48277909631
0.752799021613
0.46617989949
0.65800860417
0.425298405426
0.36151190789
0.534786240173
0.12852500133
0.903683111482
0.24568950612
0.98682989025
0.611314058854
0.636356978592
0.94453420344
0.862314117316
0.856962752262
0.921147154935
0.912769354527
0.00811949675083
0.809863683825
0.668171007039
0.69338799556
0.781606029216
0.100702328653
0.54938649616
0.812696664922
0.670562101061
0.137095497078
0.219181210652
0.914028895029
0.154215000032
0.630871293111
0.941601496643
0.575165425309
0.673926059744
0.0724377599102
0.845091434357
0.894619801015
0.807901443015
0.951939831559
0.400584836685
0.0515030561596
0.162397683713
0.093901272101
0.548238613282
0.818695266712
0.398365168074
0.369234173751
0.879959299899
0.954957943964
0.366720006922
0.145570674583
0.880324928893
0.994173315144
0.745798984855
0.441759720864
0.817093371266
0.124837583529
0.819612436927
0.61352505052
0.705093612065
0.664211751227
0.906488067334
0.953530628679
0.375073348552
0.0439760664787
0.508908408475
0.364111273208
0.156768193474
0.795906330556
0.284691175029
0.340360402579
0.554523309773
0.955983073269
0.565067697969
0.859832709568
0.821766784742
0.706376988945
0.682447050178
0.421546204945
0.139709553999
0.73584372875
0.410047311702
0.0464959460946
0.266267861255
0.933294422793
0.662863681298
0.692823082764
0.0506955394866
0.727598960674
0.965002559717
0.943231462248
0.386322668185
0.923518766035
0.941870924502
0.435971990858
0.728909464192
0.944586528916
0.300330780528
0.0896156131185
0.851826564358
0.122930391034
0.240881584578
0.725496351754
0.0480831836406
0.155693225112
0.934733251948
0.558899601074
0.567132102902
0.840739944325
0.971803083285
0.428685148376
0.892959348327
0.938581739398
0.817644460726
0.039127898925
0.77243662523
0.746855455476
0.338737578834
0.155600094842
0.391033318581
0.621008842749
0.965552868479
0.0336972427072
0.931601577193
0.402030738041
0.103617403895
0.0438714474716
0.119954965507
0.811014782158
0.872514041398
0.571409420866
0.127474291027
0.373478476627
0.368750710847
0.685638607515
0.934609855934
0.354291923074
0.378202323404
0.652803906045
0.0441374617391
0.467233465951
0.101258037442
0.705888008308
0.744113089697
0.581076926311
0.750961310821
0.719192533547
0.564294012637
0.302663928677
0.264895801717
0.0966927961511
0.45303237408
0.275033627274
0.422257022654
0.912439837672
0.23309546575
0.61075365981
0.908446712443
0.942869903069
0.809983501429
0.278791981754
0.840322038982
0.180699924564
0.710951854699
0.688347952585
0.777245990426
0.963269697296
0.697526632424
0.250946685538
0.857886582766
0.3331699098
0.870605826184
0.298456127881
0.55998201657
0.374647897324
0.513331895767
0.867804045018
0.960486243245
0.487385160304
0.344680338218
0.874491324304
0.60070988985
0.941839742007
0.425370157882
0.29429423788
0.941326180067
0.908993384928
0.718350315816
0.0405511657616
0.709269477981
0.169347699674
0.934149845644
0.847957590639
0.96355611428
0.911907042919
0.0274762159339
0.591046735596
0.440497295547
0.222955376168
0.626885730313
0.132749641404
0.0464378807368
0.634526728237
0.670822221873
0.174806775152
0.281165334175
0.357353955571
0.490773121567
0.736723448456
0.606308477931
0.90210079632
0.777490087286
0.300235397774
0.259089005029
0.788916432026
0.291877802572
0.756888721181
0.0875738759704
0.820427587212
0.95407884798
0.118707136818
0.162135586455
0.397940295029
0.789221967181
0.168872440558
0.0256946475106
0.197558108296
0.885300484289
0.275668511715
0.705570001445
0.898286976076
0.826970261661
0.700001905059
0.426623607362
0.792141525047
0.8402890526
0.672658785962
0.863565671372
0.148906943072
0.406189654271
0.234267199915
0.916884396863
0.612901949558
0.130046983798
0.223857479926
0.65349294652
0.285503192316
0.59762765534
0.0698697108846
0.673805502623
0.75722559864
0.637694586748
0.716613677917
0.141758868177
0.947332463523
0.327415030221
0.847032128062
0.600575749565
0.123582490073
0.639866843964
0.0627976811763
0.236248945862
0.324417884591
0.861022506534
0.931017306119
0.343671768778
0.282292745572
0.592437916029
0.184770916297
0.515303421865
0.941776138674
0.8495628613
0.818483552292
0.292413689035
0.75978597579
0.398036715092
0.516676100667
0.684711282103
0.626458768587
0.0628618660254
0.436232007385
0.450432739044
0.295037843612
0.7987685431
0.856100347059
0.61216592116
0.0341401833906
0.188169575009
0.284006849073
0.0789150899546
0.567894967101
0.378997781466
0.451362580042
0.526040602017
0.027783468398
0.699592259648
0.627349898339
0.430143634427
0.0486873667893
0.570939180864
0.987936386979
0.624499368209
0.924310777725
0.582225258336
0.232126724149
0.155932922104
0.392466423598
0.801021514242
0.765498045658
0.343472602476
0.116240167182
0.386791789172
0.110262972548
0.662621350242
0.893336145035
0.0870173369965
0.296875360385
0.686943930506
0.133165778822
0.0644406272567
0.155175780251
0.0774959788346
0.350970176025
0.872777557866
0.796174415522
0.139846870391
0.0537457389953
0.906108773361
0.448278611886
0.60773406621
0.68841154962
0.435403057449
0.404612137374
0.181520847152
0.66853249266
0.345846038779
0.429797261067
0.19063965417
0.498651952686
0.571150037117
0.836396015099
0.328247721863
0.46703809271
0.328452284265
0.548705059422
0.406021772312
0.314924083105
0.855046722753
0.866044576272
0.373572141705
0.199915406873
0.0912738580053
0.592431462687
0.124136990791
0.316003192428
0.565440914342
0.824786661469
0.0376385785455
0.288983956765
0.0616097658443
0.130609910926
0.195957566792
0.613087499397
0.858953743039
0.943270502796
0.874931805258
0.770742623239
0.723829307317
0.170394398682
0.329686777661
0.00828442496046
0.770694539046
0.604745122396
0.907239716902
0.934149845644
0.589039921265
0.988607944879
0.172449457986
0.928929339766
0.350581897521
0.270760393559
0.0569553895592
0.256561847072
0.951541771884
0.591723209535
0.0627762073171
0.111624516297
0.983726442918
0.545574123756
0.905122361202
0.922669819688
0.645713564397
0.644768989448
0.823335327886
0.641755759116
0.699441737826
0.502444327473
0.213164503184
0.912901233479
0.958347948238
0.538617103807
0.113281578957
0.834546633771
0.138911828432
0.0706049014248
0.444667649721
0.250938063658
0.1011206126
0.384348427126
0.1487273164
0.039558366987
0.102677172711
0.907990702618
0.971450706459
0.546274831275
0.373961778532
0.199401083307
0.694055295398
0.930372844747
0.666538862089
0.683108620362
0.625889113201
0.71307843037
0.740705910488
0.217450030651
0.897022460649
0.71772578062
0.8614924045
0.681429068021
0.150088657433
0.965427859251
0.899561241522
0.405040117483
0.424974401081
0.148628968608
0.228499914117
0.902070800904
0.437883614463
0.839680759854
0.866793125521
0.196068521326
0.480728845245
0.447014052051
0.890840444069
0.0298263501154
0.279927217497
0.0639449664201
0.614412883644
0.52280014631
0.953098893807
0.0441374617391
0.826711532646
0.790587339747
0.927057937773
0.083517508737
0.906866680444
0.10872389382
0.803933211961
0.538582946869
0.718350315816
0.274838788064
0.886427247927
0.194370900368
0.0595793503044
0.500398741304
0.630997102804
0.603606905206
0.928913043593
0.143668518335
0.988862863554
0.0869387250092
0.0422119393326
0.806333833705
0.0682809092677
0.74170598979
0.936745259747
0.921854373472
0.170465467408
0.245564778363
0.456167187987
0.797108650453
0.72894870155
0.130518720054
0.165636682466
0.49341963838
0.41644337368
0.697306723282
0.429460490194
0.665161862502
0.69072211743
0.190219792582
0.551908679324
0.916034420608
0.110069220242
0.721983850191
0.611497386557
0.890175785662
0.264618971885
0.963810283001
0.0474549063952
0.230370298623
0.586274808834
0.169619187393
0.132918121887
0.830753243042
0.79350109202
0.112025394724
0.65872226966
0.280790373433
0.28116243408
0.568642961793
0.104529678954
0.0126790290884
0.700690359016
0.913258812896
0.725496351754
0.162263742963
0.779474438846
0.949298175113
0.0773847733395
0.537422951056
0.984141577407
0.437615036912
0.314320652963
0.902786942757
0.714498037968
0.972803722208
0.276576731472
0.438627772116
0.496183129213
0.619040000884
0.442531958702
0.820111694236
0.987981734353
0.261628359773
0.791060989647
0.803232677725
0.176189718202
0.454683596888
0.844038531999
0.889579283947
0.513194290653
0.355895522285
0.869536191669
0.410442636554
0.828409360401
0.26503265935
0.193079875744
0.210207926798
0.164623745327
0.923548246662
0.485477890205
0.604554746568
0.102535234888
0.700922121441
0.208560665463
0.596326035135
0.745470939533
0.461810735086
0.569883207135
0.107356438029
0.186119318398
0.821597611717
0.819088213432
0.989550434565
0.890694244604
0.0318769906756
0.0416164153814
0.763574115344
0.641586747412
0.174734412546
0.574388868584
0.0158953372105
0.285419355493
0.956776536252
0.439766466589
0.696638477294
0.471180263804
0.465687526531
0.961139278678
0.183521260315
0.384440694668
0.102832401475
0.696726291027
0.445703696519
0.980398728671
0.102170488712
0.756641285467
0.646267638616
0.498565623763
0.55053210239
0.849531134715
0.944690989817
0.204627439795
0.846902994962
0.677548020514
0.145125523943
0.325460573667
0.334918283758
0.793584547506
0.0823570127029
0.161937011472
0.242782348261
0.88380253179
0.852614559178
0.155449670879
0.0669967703412
0.375001511157
0.647926525349
0.361278809739
0.404420807066
0.927179485231
0.898009842346
0.0633125356877
0.480007291824
0.707220899306
0.324367765041
0.581260317539
0.154608087162
0.659000863962
0.928314403859
0.263292689465
0.0698693609095
0.232269485454
0.611137373122
0.803095666861
0.670654005016
0.832929957444
0.827648078519
0.242953781828
0.772821729836
0.396116756908
0.0275222825636
0.037582224096
0.160640142441
0.869801797564
0.911817852726
0.239539357975
0.776274783494
0.723247388426
0.884548398996
0.0823201717797
0.28446803492
0.922723191613
0.529376802808
0.160706127836
0.739352085783
0.110792479762
0.232459178638
0.405331450378
0.547741815415
0.652644391944
0.436342218964
0.716316551494
0.655259754588
0.719816066498
0.694637040952
0.782377470228
0.435102742775
0.404527392246
0.396953891946
0.156652240639
0.417265717599
0.872236582932
0.963614455949
0.638420266632
0.072084121707
0.249935279257
0.355155167079
0.0639934760385
0.363497287845
0.174056912109
0.908001567928
0.111849438092
0.0869287211225
0.964359070327
0.941346429822
0.445735982576
0.742844217913
0.572753862724
0.488780086839
0.638713913974
0.164644262603
0.27839832349
0.894838117465
0.895036028857
0.749285804194
0.0504832411958
0.132257761087
0.706022954683
0.961462546297
0.467772360969
0.0164065751094
0.2210234799
0.124318792539
0.921376844813
0.281237969815
0.157374044906
0.676170027516
0.668895905935
0.50496815408
0.396131464046
0.576814239689
0.441722884084
0.425159805987
0.708702497
0.920249213818
0.54306932639
0.825253479745
0.917689451961
0.272483891047
0.916744194584
0.943282762528
0.0384161296686
0.175170859591
0.221739981942
0.264929262539
0.89654357553
0.161625486385
0.460532834301
0.0530920091905
0.55995992689
0.484978412074
0.604554746568
0.842512061823
0.276743693719
0.641013928915
0.938911347253
0.932811462899
0.206456886747
0.648022424491
0.915384171914
0.882134612371
0.0122279318782
0.296498763618
0.189793234484
0.341465142804
0.277531292431
0.207463373018
0.915535932182
0.947352262537
0.655607674308
0.060893577943
0.507799133361
0.339289150463
0.778668580948
0.942072718178
0.955701968847
0.842800804734
0.324598854567
0.779739076263
0.901318222778
0.777202333241
0.783777422002
0.791216568766
0.863264335973
0.517913165482
0.121368240221
0.215671701841
0.344009465699
0.0137852577368
0.399907150762
0.946386421507
0.945141746484
0.416016941325
0.855201729891
0.13603976849
0.32203285651
0.934848479925
0.119084866066
0.95433608323
0.970759274815
0.0452899054582
0.773108349101
0.393638710293
0.83095116623
0.825127768718
0.957265207182
0.37764879195
0.979016253108
0.355892526684
0.222109327858
0.387562175281
0.917205288237
0.086297971047
0.66822712066
0.360710540331
0.856306807751
0.319184675579
0.870764193974
0.559348938587
0.362785785679
0.244539563928
0.263106963857
0.126522568367
0.483590622361
0.668744437115
0.696261915061
0.508714514893
0.644038937131
0.812009603101
0.585053563231
0.213390565019
0.737266249409
0.92853466796
0.798243686486
0.637254798083
0.835475588645
0.0284250795943
0.266912823199
0.418076026802
0.470452775106
0.608651783044
0.859362158385
0.86949012392
0.87195650769
0.0684154441354
0.186815621063
0.0982479462653
0.0659846475192
0.304535572291
0.69568895538
0.938022826524
0.107161103196
0.372629051944
0.18232119366
0.0883155477638
0.424900555288
0.787934607946
0.872206624694
0.190933764826
0.799558874889
0.141758868177
0.940417797885
0.256837703063
0.0901986621502
0.947427184424
0.356273440514
0.0835215575051
0.705887986637
0.288405393434
0.316699325766
0.426700085151
0.0272233528372
0.0906601395143
0.24778724639
0.791887774544
0.58818371394
0.585053563231
0.157781525556
0.720723583155
0.611237553317
0.063881975834
0.857892886215
0.196534453212
0.88053049767
0.561385219438
0.982003090069
0.200567516617
0.791056806339
0.336801866154
0.936237256123
0.464631110054
0.0415981334279
0.80008489897
0.547708619998
0.725227870149
0.757453972158
0.815536602679
0.571198468718
0.294623208375
0.284134513207
0.31758444886
0.962059790065
0.911021504603
0.425187078904
0.216596967358
0.314474333656
0.905657248631
0.983881634792
0.118690109385
0.716028295273
0.222109327858
0.912797975529
0.723443193054
0.819827875684
0.619685174956
0.911544917892
0.023913889253
0.330908925006
0.738944167514
0.736370335111
0.55446363973
0.760741575704
0.251952291799
0.965231746486
0.0644632747035
0.756181373252
0.490111778281
0.764272820245
0.555163901581
0.536724875184
0.946627475139
0.949167357759
0.931005563912
0.904850145297
0.580876340755
0.204954121148
0.666450583548
0.318446925306
0.936970050307
0.065728786117
0.725145607
0.908449089746
0.408791433602
0.330642977089
0.356671641481
0.652733267223
0.238760832888
0.886778305655
0.527366951686
0.127171762091
0.109028041988
0.191995478969
0.777245990426
0.361362652736
0.740058540203
0.930074606189
0.685483351439
0.853741061379
0.288484482783
0.670923807279
0.484204135176
0.249267306788
0.339385038137
0.578244186988
0.911885695149
0.787998863326
0.32797621113
0.598750875194
0.78044034718
0.225636887078
0.0878506639496
0.92516394663
0.710432132429
0.926966918562
0.37549966531
0.383152557705
0.651603102667
0.156022432928
0.507835612153
0.442741440803
0.923053725718
0.0305718124698
0.971020093362
0.879395165678
0.138043982241
0.67008205846
0.83888069723
0.264600519856
0.736190883612
0.867516766286
0.434128497135
0.460821094358
0.575981764742
0.879132999536
0.750963848519
0.279482121934
0.584359317217
0.586168273546
0.443169301128
0.640033011278
0.535118595055
0.0925452249056
0.0754244533127
0.950446051705
0.0981146610936
0.191062431001
0.00555148497712
0.0437480640874
0.607168912083
0.177250640691
0.250945821457
0.110901385277
0.926486340927
0.701129472865
0.831064427866
0.868754190201
0.72081208169
0.277531292431
0.695798242514
0.735694181341
0.719548675072
0.946239120096
0.965956685884
0.884462425489
0.604425563868
0.595207623296
0.976506934393
0.801939570126
0.359221169126
0.877770216353
0.100627970961
0.348413344438
0.511932162384
0.273926476941
0.749674451248
0.223984615617
0.196040746671
0.24811296435
0.753441245342
0.0562204082724
0.545574123756
0.228332688985
0.406436202915
0.920486428624
0.700119348117
0.168036231478
0.915136997291
0.484360130599
0.504901631611
0.659515504328
0.46283975792
0.0860936488015
0.178040477293
0.356671641481
0.901318222778
0.314067562302
0.883886375585
0.500924588298
0.140440608287
0.396601495295
0.889284252821
0.933228921793
0.490852202745
0.61057024374
0.599679161621
0.380171490336
0.177574838652
0.873394210686
0.746259562551
0.935559134616
0.476710070601
0.718492497929
0.526445856284
0.240435721282
0.716979766635
0.895409958446
0.209418304533
0.465176971168
0.884278971089
0.098400445049
0.475999410547
0.611763067352
0.942248074232
0.170349819207
0.722564481173
0.443294834991
0.193637585466
0.949646648641
0.0550118673278
0.114294862477
0.798772900722
0.508415489248
0.216298913507
0.604848003652
0.116259780732
0.124718208691
0.233478410284
0.916839823567
0.404781585491
0.267504373943
0.0546338415053
0.0997149514285
0.582903413391
0.597152563123
0.269419409957
0.986303525403
0.699813011131
0.660396954723
0.259888355162
0.0554650071006
0.18568890893
0.887995418683
0.0295487253785
0.508820890185
0.53177916599
0.91729840659
0.953792825583
0.89727460469
0.900667209867
0.552311960894
0.741499476969
0.665057918176
0.880324928893
0.100656355863
0.166292670094
0.951774764437
0.96467834152
0.957290911338
0.265506833467
0.294534111462
0.110616493076
0.377291331825
0.285716843046
0.273626080091
0.600515111546
0.414612039655
0.0756226667511
0.609044397035
0.303406689018
0.919939819534
0.558410334725
0.63799561718
0.970635379208
0.842528013968
0.821521137173
0.928318915464
0.186704339792
0.102399447956
0.777254317751
0.625512949774
0.167885424993
0.193474074538
0.985678655676
0.622365126967
0.827337309869
0.71838644784
0.55866666068
0.61713130526
0.800079466847
0.143953666451
0.550193576165
0.0756003793948
0.366141259206
0.156650114845
0.125388945475
0.172006536598
0.655706717958
0.207570497427
0.770413426803
0.645075427526
0.800284262431
0.831484880941
0.907638494614
0.434753247473
0.437883614463
0.126041985102
0.70745526782
0.0871353221389
0.923826073004
0.985110677025
0.993279697678
0.886446086366
0.595252169155
0.953133881033
0.100410210412
0.647625747813
0.373183724974
0.304642678977
0.165516307851
0.993825540723
0.739579517408
0.942905266457
0.867318564739
0.376575802036
0.847730982419
0.8734058196
0.765546078364
0.13907995901
0.260845423354
0.886022451294
0.769561542871
0.917939810624
0.653747775618
0.140104556291
0.266434008854
0.940089863272
0.434528080784
0.465330339444
0.804105168739
0.230073397701
0.994178227875
0.503417051367
0.433240218318
0.576167663836
0.251343909065
0.133531155426
0.32497060216
0.861008344454
0.948225400068
0.0518714128396
0.214256619004
0.414889943737
0.919657172655
0.174771439971
0.111442609126
0.702399028628
0.338642348872
0.891892076712
0.776610941245
0.656936744174
0.278213562929
0.745468582059
0.365110076323
0.625293572285
0.180223248865
0.218951843156
0.710826962486
0.11751233369
0.582503831109
0.912346948518
0.46392357637
0.925782544566
0.915064089657
0.936210510653
0.554146046228
0.256102100944
0.141519389686
0.0684950347135
0.804027403644
0.143714566471
0.0548684081785
0.110956900878
0.882147895869
0.0541460551796
0.923518766035
0.65445287932
0.953423555757
0.380391023521
0.092265538654
0.788778443509
0.120123735196
0.303630079979
0.545125479866
0.185386129656
0.602953240342
0.462921246352
0.0293977071473
0.922520128967
0.768112926646
0.0516222589372
0.677133310339
0.701766467717
0.816713940474
0.496535929666
0.108263166078
0.480652162249
0.609925276927
0.285302833104
0.626713913783
0.0374123582392
0.737112131435
0.119598121668
0.763360110267
0.609243634394
0.608580947891
0.971744501867
0.689582004559
0.915327543266
0.300448483037
0.903686246585
0.102981660346
0.0981146610936
0.870987459427
0.583239013866
0.283550524452
0.651100488147
0.42258494143
0.897716046678
0.844857973361
0.0453345872438
0.8970127371
0.811908596129
0.653436181223
0.273438573014
0.323263323371
0.809018586206
0.275768732699
0.107958520778
0.837629422638
0.0990728389144
0.463904506308
0.912182865774
0.4304510813
0.0262675686647
0.708930828249
0.949964454991
0.225943880228
0.560967721655
0.730598504725
0.231540862731
0.332923074487
0.993181608001
0.639390379861
0.548804255911
0.530961844142
0.784982089474
0.29577518663
0.826850926526
0.879294748931
0.943644404187
0.153651473239
0.162410741589
0.804651673294
0.946729453923
0.0203581624767
0.174806775152
0.0873784385978
0.241855507653
0.880639505689
0.964248014827
0.661923153529
0.625396989231
0.851969889782
0.512552729032
0.117872980497
0.0539442899165
0.638764482279
0.972914711345
0.363873211058
0.926139784114
0.0800065645579
0.93604459493
0.644850537483
0.949124191012
0.82556442249
0.143714566471
0.223138249492
0.721859184703
0.653392201504
0.547731204723
0.897296526179
0.901072553353
0.54500374737
0.517351887272
0.462507909541
0.931027821295
0.164233806384
0.988638238419
0.787457668951
0.727952971432
0.744524846433
0.527048021283
0.299180422772
0.151019593139
0.65546787022
0.717116638253
0.249907441292
0.408457877783
0.724442274458
0.761514247781
0.780795208677
0.171761779899
0.380358752447
0.588848935769
0.374480623064
0.411672457712
0.395574681079
0.26516528804
0.764021414204
0.352574496963
0.366619918397
0.982084759389
0.894123769812
0.462467837446
0.252602553035
0.628730922029
0.689632768094
0.988630588024
0.833560840167
0.163573914517
0.747104683786
0.756405168225
0.801140759337
0.501942348598
0.988126244896
0.134213738689
0.911580676762
0.223101285819
0.29728638467
0.965217224605
0.87890050879
0.813608167666
0.657140839169
0.733564140173
0.444257204054
0.685529197265
0.591537036886
0.238105462955
0.826613171832
0.879900663415
0.330530748481
0.904152573006
0.455807153145
0.476306961842
0.417764676688
0.808236987079
0.874712352583
0.713235671837
0.120581780393
0.908528717675
0.99132478372
0.159658075687
0.807527294467
0.0822002999047
0.903727348974
0.923886338812
0.628356261967
0.916694642749
0.751436643008
0.578823369424
0.816080911697
0.657147065126
0.840306011057
0.393335172588
0.621373435757
0.972346431269
0.208453353102
0.666556797077
0.676807243908
0.106645128961
0.524960656259
0.93394041738
0.707194177696
0.575551802923
0.569207501588
0.725734969742
0.293287734247
0.720739133812
0.468323578858
0.0300210861387
0.468223123681
0.968217413129
0.259800067517
0.648276012093
0.0246289065031
0.18639829207
0.770644776339
0.820948903025
0.473268780025
0.83696204231
0.290562932743
0.645640767764
0.231879013209
0.84543540966
0.221660105225
0.954898579802
0.799161854679
0.584728720425
0.121988712329
0.253538890107
0.990028386544
0.750673407995
0.702209861795
0.668991380952
0.144919841546
0.526951249496
0.566712515834
0.316823964384
0.308172128701
0.952619243499
0.931312463633
0.0459415230159
0.936542490268
0.887869957321
0.0808099843622
0.412368655573
0.423852300912
0.886017267494
0.600880634889
0.197365096353
0.320644929824
0.128921273623
0.399517531103
0.253454916511
0.910146892517
0.930360988777
0.136006453975
0.247904574205
0.0390532179352
0.815536602679
0.416686496552
0.67017763586
0.902770146768
0.510054094702
0.849870442073
0.770654940018
0.829783636144
0.297894748701
0.638367905949
0.748363838477
0.678935894338
0.193095028209
0.354455863852
0.30743331972
0.864683005777
0.127651883837
0.899181921863
0.522004838999
0.0167071654346
0.499177448324
0.827596091907
0.059511693322
0.931613685264
0.44725633164
0.800736153791
0.125278565118
0.934710737691
0.0803276961099
0.340817498821
0.942461342887
0.808846644112
0.913710103561
0.270976542323
0.779788262389
0.154117478025
0.226568305192
0.20549420254
0.353739907781
0.962171087511
0.43314445726
0.950896003061
0.266511230616
0.706521830975
0.818536766315
0.305159153607
0.393762309049
0.339207151888
0.971484563485
0.484908833776
0.0640742144741
0.840594859836
0.280700756016
0.481179261267
0.988385694325
0.958332359259
0.462469326517
0.537867522691
0.730316554227
0.705207210786
0.884735058566
0.984616782579
0.738448829167
0.32993546726
0.118841304228
0.990699738054
0.723933608264
0.391139022894
0.674199765735
0.822984226826
0.696634052287
0.658634120925
0.17035425941
0.0230207186259
0.821599926849
0.895194122396
0.119464122161
0.931921390907
0.940245545367
0.481305843504
0.271899338496
0.0520688097723
0.362925940962
0.462364400694
0.685744348978
0.816690863024
0.636520439525
0.522922093086
0.849406237859
0.291451838753
0.75446593675
0.829200423547
0.649238120669
0.0298892766894
0.815701554365
0.699919269956
0.84541906864
0.665777696907
0.395759943525
0.826112415325
0.900362798143
0.1488394077
0.643351708243
0.103036883008
0.795060716298
0.27068286381
0.841200934943
0.279079994708
0.798955213672
0.598562809381
0.134079998264
0.241035420472
0.88688414201
0.212799485168
0.872125939567
0.477720155084
0.803720027158
0.937860906165
0.518844046663
0.327627807657
0.109337328551
0.487929047226
0.588010433914
0.222079042398
0.728841880019
0.185437063772
0.676410285089
0.912797975529
0.647668047767
0.85698515915
0.86038044921
0.361916735189
0.686665751983
0.869793666823
0.532588153058
0.033377579831
0.346925282301
0.131249893124
0.420492721513
0.801016894524
0.238418235562
0.826613171832
0.727598960674
0.80271948723
0.00903555153829
0.131234651602
0.159853838638
0.2821878226
0.744492539283
0.953486377448
0.773550643726
0.373748064444
0.170024956869
0.515890100005
0.566331877103
0.784687023917
0.597282812136
0.42773161413
0.860263989308
0.84845003458
0.869555187566
0.748214860502
0.177316289407
0.154421993428
0.883552740051
0.48402419134
0.885484567653
0.7330130016
0.138461049113
0.899985341339
0.665248861238
0.549950347239
0.277230877398
0.245718578881
0.810289118171
0.867749962655
0.107075377472
0.0390532179352
0.0627848601412
0.953845468508
0.414608460222
0.958927555523
0.610028985219
0.0375742415068
0.854435137938
0.22868276953
0.265177105987
0.457009193065
0.96715856551
0.375001511157
0.475491651847
0.453943679379
0.890654759788
0.0602408161294
0.42608305583
0.371222699591
0.997074205334
0.0755785203542
0.019234420419
0.584938420833
0.640491963918
0.749783782443
0.292826077061
0.679418310875
0.369977661728
0.628051015485
0.932058178914
0.114644088865
0.940164411027
0.874459782906
0.717320811344
0.140719713262
0.0766090100411
0.140833765335
0.472387640808
0.93343590786
0.78104967734
0.994231393187
0.536312529835
0.580870807172
0.797003586077
0.90705510988
0.900816091393
0.267056028051
0.678502929095
0.923532095499
0.205314429478
0.504556486698
0.0543062411863
0.250335466992
0.0651297643402
0.846443375361
0.525976040621
0.770742623239
0.922006867199
0.276534513854
0.0425399357358
0.727244341246
0.368592730831
0.933464157789
0.884548398996
0.497759882147
0.428937604326
0.527056495743
0.0383532246585
0.322830470077
0.787191157306
0.524872776975
0.412241609643
0.728793423234
0.812271667473
0.591148068675
0.0428295978893
0.716169265423
0.767509603826
0.037294907158
0.801367535591
0.206973282304
0.758827905963
0.0563659084745
0.407790908564
0.154177130501
0.176688350296
0.658122995276
0.154386209237
0.818646940574
0.116797519178
0.384464386128
0.102589606745
0.47293255532
0.28041950397
0.634117624655
0.310994439195
0.926108857503
0.954286965537
0.242471070338
0.914907903794
0.530703924458
0.946701600565
0.133748227742
0.160249204586
0.191794306815
0.879921883122
0.230549943231
0.913022337949
0.253850186997
0.253432991852
0.275660916628
0.957611828903
0.413140133773
0.388432541429
0.134285866976
0.128584289121
0.431313776907
0.447561637335
0.21085083824
0.215828645013
0.156391970107
0.0690534921751
0.758219354697
0.607777750528
0.486706077948
0.212178165634
0.738272763142
0.562107038365
0.550665921519
0.062303021363
0.500332332022
0.835310869382
0.273660678639
0.182280471071
0.884883160498
0.540101939238
0.525415619306
0.662966908698
0.66648040086
0.292225360712
0.0951513013843
0.19258532504
0.65560521927
0.90649485535
0.0890400088931
0.92156372396
0.162275454917
0.26387640943
0.0482958623727
0.355868661443
0.68174192404
0.262969984458
0.472779899659
0.357810340308
0.568273960397
0.0835670614113
0.165257276882
0.825920402514
0.601803640837
0.0729847756596
0.470732640487
0.146119567489
0.253951588634
0.278753228206
0.656993401225
0.958469677545
0.89940689794
0.860003298047
0.884821174252
0.95624130027
0.640539577854
0.856724142369
0.705207210786
0.95336042357
0.591583188589
0.446139977401
0.80008917227
0.900276643969
0.170360339627
0.917128719567
0.0319470112555
0.617233740065
0.575362486002
0.925803767129
0.353554648218
0.0792927094797
0.514729512505
0.58043079047
0.29577518663
0.0148678444805
0.840210227493
0.728388148646
0.526379370077
0.775664783824
0.21515095441
0.792895463754
0.889059844041
0.25582059042
0.262589055276
0.495412472761
0.392582753978
0.0497319195314
0.490422556113
0.884700310165
0.566034977534
0.187081147652
0.680020983523
0.408003499721
0.869144714087
0.454902388047
0.596825619485
0.0698638876981
0.308468285121
0.84657603197
0.701814806557
0.961536893045
0.869165009327
0.082840041544
0.110595525846
0.624163712446
0.698081886831
0.94176456648
0.0393640343477
0.691516989146
0.761183618929
0.431352585072
0.905151432695
0.203832587475
0.753181824419
0.0930184444936
0.452132191965
0.719971478725
0.388735475666
0.269204622719
0.792568954912
0.122426195824
0.447466600507
0.111477514106
0.618988062309
0.92335350424
0.0998603378751
0.857912125888
0.654439006664
0.353087227998
0.566943942686
0.110214872779
0.762992059967
0.904479113617
0.178606177016
0.43746254122
0.973360349596
0.687914845472
0.0628926082723
0.845802039776
0.720559969614
0.739325316619
0.152716897234
0.901388101528
0.940589521642
0.221229554063
0.130517119801
0.059387119987
0.991167261585
0.548935175878
0.286028718925
0.431813234228
0.848845222003
0.193499005772
0.941872671193
0.945678506911
0.55315604603
0.926299594039
0.106703892857
0.548043295732
0.626016237289
0.804449840847
0.216034540455
0.33928554085
0.988209758298
0.682570076777
0.203624391017
0.588305270766
0.777723272385
0.9476512419
0.797251554074
0.952286515575
0.128197569129
0.504465776088
0.574294976487
0.0612459224261
0.564973480574
0.83097258042
0.749547646523
0.202792047676
0.291924714369
0.462180382391
0.578114817366
0.109863907432
0.588848367243
0.575091130564
0.975009763384
0.875985220232
0.887869957321
0.923253053436
0.478681139848
0.599964886499
0.525428571661
0.160984686913
0.337274376379
0.564085966481
0.925936918435
0.192555460131
0.667749351675
0.363532280614
0.260712104898
0.722078618383
0.894895500213
0.683089443086
0.495354125941
0.968233394346
0.208974595589
0.1999491559
0.338115945656
0.762307210971
0.641586747412
0.380638680148
0.592747310951
0.647349632133
0.167763475803
0.248012757592
0.645293819194
0.313891301702
0.346783854778
0.516530131808
0.93564749444
0.588848935769
0.814379411667
0.116340160008
0.865794047184
0.691733000685
0.537554990309
0.552795075239
0.763576849522
0.62654406659
0.478769066519
0.70389560056
0.181876284526
0.321667494206
0.41475818542
0.305462441064
0.110902180602
0.0947752398895
0.181395306854
0.137069250812
0.0715825867671
0.760941552335
0.20444064058
0.252256085657
0.886660104289
0.300724735778
0.68249078371
0.209953239948
0.144743126718
0.319218532782
0.897643342947
0.73209033991
0.0845221499661
0.066110127041
0.133468884491
0.405880294481
0.791886843733
0.924424554373
0.162071359696
0.04674208566
0.73538378702
0.71912302597
0.415444617048
0.873617912948
0.592409745719
0.45272053847
0.151194580009
0.948144317888
0.375088629886
0.82206417648
0.750621427341
0.00667989679338
0.639792306866
0.609998035728
0.164506667728
0.340576356139
0.295888431255
0.510323025119
0.186342743388
0.115360330561
0.250904971601
0.651609437523
0.156115452537
0.762734698494
0.29135521213
0.100811275246
0.695551728735
0.659260837357
0.987735956726
0.667766677718
0.554364162453
0.603195369753
0.877880933701
0.492459009584
0.115289590891
0.413613194222
0.472881856905
0.712727457612
0.1071969633
0.108753319279
0.687096414903
0.772081547605
0.201875046179
0.317931231911
0.28083363746
0.162527518817
0.692624068113
0.0944583501325
0.67529405191
0.308298693998
0.273720026252
0.730695543971
0.093363007794
0.299297311547
0.465231859656
0.987441852976
0.917061683415
0.659824980457
0.303196174834
0.630393833757
0.565930093984
0.020391759152
0.864683005777
0.729597871616
0.897690237139
0.773749772131
0.99084842815
0.143973234011
0.645714575492
0.883015376375
0.660525643925
0.593686798139
0.539616032701
0.0777096739275
0.596995898366
0.247804090506
0.293573659797
0.892523667503
0.728856809931
0.864415487456
0.205516731166
0.939793976257
0.993398982092
0.376623287226
0.878715812217
0.527881276095
0.610281763448
0.12878694108
0.667816184482
0.012041888247
0.119046588677
0.587935515007
0.866828197554
0.685603436872
0.446949760319
0.897243477447
0.509062932702
0.597752379992
0.472396921398
0.815484571578
0.20404899855
0.786653575204
0.873782540669
0.926791401242
0.323179725061
0.724203525632
0.379463872263
0.504989434469
0.857920228231
0.965712556766
0.660036700271
0.286003423532
0.920406313072
0.880499161559
0.712454382845
0.313761413729
0.411463702283
0.940442685642
0.687860549668
0.298920091423
0.557821359391
0.476306961842
0.611566824173
0.230477928112
0.55466406639
0.885595345824
0.897288372171
0.0262675686647
0.330156104115
0.195066726253
0.86371842728
0.888208098975
0.452129290156
0.223412423585
0.268153676298
0.7783459832
0.835471139835
0.979864574437
0.297602279252
0.129366604709
0.134971548903
0.780982853728
0.996741476017
0.318007182385
0.78365673805
0.815394103561
0.279937502182
0.903537922982
0.034082503713
0.228669560649
0.272453641761
0.242368752814
0.218358908267
0.417149790565
0.879955912793
0.326935539375
0.0956521837205
0.873929625532
0.424511869802
0.522787929028
0.498511689672
0.498673579444
0.634814295663
0.53087525816
0.954192259996
0.942139218013
0.41415081578
0.862741370116
0.164200687179
0.45603725833
0.23609121109
0.227377718861
0.421614279047
0.108197788303
0.050981774018
0.659356204372
0.628259369603
0.171661180959
0.919614334963
0.654617603187
0.580162670512
0.310326020751
0.0869287211225
0.933028990911
0.444691782876
0.619480563762
0.822808395534
0.480728845245
0.709891977463
0.8171512991
0.798253676546
0.272239502655
0.759449091754
0.0379935194516
0.159853838638
0.582736379219
0.890422139878
0.908277852459
0.476989132115
0.792821515465
0.887379307141
0.346702889772
0.332699465804
0.890738717035
0.2609224674
0.468546065768
0.911541263171
0.370461737138
0.417292790989
0.0290979368562
0.141157888125
0.850035321553
0.927727666735
0.382184022371
0.557716446364
0.125509300773
0.495909047052
0.950152645718
0.915715036776
0.656200698819
0.929213179206
0.698152035905
0.782829818233
0.775441075143
0.944072219
0.894564443496
0.818893964051
0.398316148858
0.283935515489
0.361606366483
0.691678955516
0.92597105441
0.377737139157
0.912891239477
0.821678308838
0.0936315302411
0.319744251232
0.711109694376
0.56217471757
0.500102584979
0.404145823674
0.736799546843
0.273773606936
0.93552763397
0.669497760556
0.1349045942
0.445363051727
0.102589606745
0.727086703972
0.8936829579
0.751333565446
0.3058150994
0.238012418777
0.469896731097
0.29531796527
0.676907572651
0.801885941264
0.306804652478
0.240014855621
0.698152343454
0.0798746465929
0.0229364695052
0.927591059707
0.68174192404
0.41848307603
0.202535443127
0.946216825102
0.529990075552
0.479077952548
0.927961256466
0.0688541896808
0.154441556106
0.0879634278474
0.317158806953
0.0558951141261
0.7270010676
0.536747911122
0.772167354837
0.322949472909
0.352202569727
0.813274396921
0.405013458193
0.39723407013
0.0822632394031
0.445930815404
0.0726762570908
0.450781616639
0.462910921605
0.230458553801
0.938192815722
0.77203363254
0.62933101579
0.540490818451
0.879355092988
0.0961901276416
0.296181731378
0.940832519584
0.923820774732
0.781974329784
0.440258052425
0.0356108499541
0.672377875798
0.346434280911
0.915502879806
0.921315252692
0.220334076013
0.98910581248
0.608200709043
0.0831565016012
0.37551568552
0.823105187082
0.196024924931
0.35372705142
0.196852693473
0.229471796525
0.406472216133
0.991393471824
0.115493636148
0.508877387398
0.75061872101
0.258656892462
0.958549963329
0.996712235995
0.861024549047
0.28116243408
0.949128938491
0.40041170159
0.426623607362
0.382409399264
0.452399480887
0.920276610262
0.731517059927
0.14481465358
0.642510086085
0.742054688416
0.908755533291
0.778334755482
0.326377361044
0.916644003528
0.930204068174
0.804971660197
0.14813227025
0.961077113635
0.493374672764
0.290019264124
0.527657970588
0.485371821919
0.784617754045
0.0873215746
0.91940169832
0.0981773571163
0.167977008502
0.930291225412
0.873245405894
0.769160112922
0.730524211197
0.857088874635
0.0915341600916
0.500078028723
0.0177341136374
0.321079185727
0.28483227722
0.421614279047
0.289372739887
0.649353076044
0.157577960973
0.98699912
0.32589782769
0.416435939926
0.162792661653
0.794159169571
0.881507346872
0.536215774236
0.348413344438
0.655567248423
0.269556849995
0.149605188643
0.632822688379
0.0336730512407
0.789447146216
0.524562632813
0.12490715525
0.899735705372
0.82720758151
0.524049206684
0.551301751901
0.0791631589971
0.77357215847
0.188744170915
0.0581141924112
0.89228506871
0.148942518531
0.364022815318
0.498368422548
0.644391940499
0.507373716608
0.926299594039
0.599652226076
0.535189927093
0.858385411304
0.931828411829
0.811741622152
0.392098295363
0.741354499496
0.697717903912
0.587097887672
0.392566783484
0.155446986486
0.0534280871773
0.135534848282
0.554529693577
0.930074606189
0.162154541789
0.697488442745
0.943613120755
0.678793632731
0.84873768361
0.509193163745
0.530066055204
0.412438920563
0.48796181278
0.357249421913
0.750083343267
0.0729847756596
0.339519808862
0.0491541066266
0.0641551485746
0.604824060231
0.762253907411
0.295517078149
0.144024469683
0.66360271976
0.913774308655
0.547339469292
0.951956552451
0.374212567348
0.165058289885
0.232417284649
0.214906112777
0.670111465568
0.125450243168
0.75712952541
0.722564481173
0.819179825946
0.234846455244
0.481413439579
0.642068187939
0.498687849877
0.229300314649
0.639390379861
0.945498686813
0.207463373018
0.916118654701
0.794078687466
0.505337260549
0.165930250965
0.247663273027
0.357404050742
0.575236894621
0.400039292928
0.0396491662128
0.230070282563
0.472654498834
0.918629940939
0.0518249896629
0.260644561748
0.380391023521
0.641745553491
0.472503274578
0.201860312717
0.182352380175
0.19732581901
0.56042317423
0.910533276622
0.636596887517
0.1046993683
0.9222084172
0.33354683109
0.0758557574506
0.253432991852
0.752799021613
0.277843209429
0.247673815266
0.150781537985
0.789617328353
0.50600198897
0.12721457789
0.68909470192
0.569051905795
0.836963964229
0.155189275696
0.76308456732
0.905207057357
0.852072879984
0.451098032522
0.253886343784
0.363375532211
0.679822306324
0.99065289208
0.113464463273
0.707239055626
0.0721724220667
0.568947072247
0.683223514198
0.0460372538159
0.115312590281
0.672284299603
0.622983468844
0.906058349291
0.810899365819
0.584385686484
0.428271991761
0.228827742212
0.962860390839
0.547587305887
0.940499532174
0.490869883968
0.617597908385
0.933386118454
0.873773713935
0.592120108778
0.459877057695
0.422257022654
0.869789714921
0.87908722789
0.140725830101
0.693613109681
0.448452757307
0.250268671513
0.190214645038
0.398723231858
0.46711747034
0.163109204235
0.881296973052
0.324875426682
0.515810064266
0.120616367375
0.662508539578
0.374123292377
0.604540683193
0.187696291363
0.577059462924
0.230081977371
0.773270492132
0.247708726248
0.703055178546
0.71838644784
0.475035722783
0.280994783814
0.30659266602
0.985410203932
0.108061153082
0.454032665747
0.936580625406
0.991704301653
0.534178092257
0.0776235736775
0.533737912941
0.348909932822
0.418813235088
0.898777446388
0.884835909472
0.76435364041
0.796619046849
0.158473011217
0.58969260472
0.949335875508
0.226639587634
0.371703310106
0.610655341059
0.66360392339
0.11664295617
0.448121821128
0.279844721678
0.635897296435
0.698463656532
0.705518246879
0.5502546894
0.0298410884205
0.364154302371
0.692576460038
0.5900425257
0.328614570896
0.809689010938
0.7422371865
0.617992115718
0.0295652816221
0.0971997456409
0.4754154047
0.943230618709
0.880333189336
0.0843722193531
0.475025768206
0.3534767349
0.837939647844
0.83525888372
0.246949661509
0.278570476226
0.657843177521
0.923745111113
0.268172778606
0.259369926886
0.364394835516
0.758433565826
0.624997466845
0.482331279816
0.944604809583
0.475401150931
0.350955796634
0.847723229416
0.959028998395
0.155522415675
0.306965294831
0.924370816071
0.256472968159
0.480157416163
0.606828176503
0.233670318891
0.641095718644
0.880238303974
0.0648955704473
0.98794322188
0.435030153084
0.281007354794
0.453478175976
0.859745568317
0.387617464612
0.200435419858
0.836086228351
0.687523770471
0.91471928672
0.675057902654
0.280700756016
0.660685850413
0.259369926886
0.926324333988
0.479023527853
0.643771286462
0.324139128703
0.633444172392
0.425298405426
0.194250683881
0.923253053436
0.219249244047
0.148013027328
0.757091242949
0.287001779075
0.652733267223
0.518575181761
0.176129520718
0.43226706705
0.710786941956
0.676786051734
0.145013026007
0.112263802716
0.772179800103
0.253363270429
0.448888611758
0.608491891142
0.279358042019
0.462364400694
0.73833551708
0.66897121171
0.377089141704
0.738625170485
0.0140306016658
0.698202155503
0.895579269322
0.611746701057
0.573127310877
0.0323494532661
0.868007957212
0.836604055869
0.142914771077
0.827947655264
0.944047860421
0.870084869267
0.598667102746
0.575020874599
0.686276554842
0.948358208377
0.56593511303
0.117564717493
0.575241641705
0.0391275343535
0.951319437146
0.383193216824
0.892514940708
0.617689325897
0.0892741253423
0.433773038643
0.00961754365475
0.342344917237
0.467218060682
0.939466761345
0.541262735587
0.178328132052
0.483699660041
0.571812165736
0.97891914748
0.0660744797961
0.365427104483
0.642549016899
0.631732459135
0.434114280794
0.680342376976
0.112717339482
0.564830887623
0.799124762547
0.583456649814
0.15937240156
0.943282762528
0.893813841994
0.797621937744
0.955395685689
0.0659562077536
0.935575995102
0.25286688631
0.988938465499
0.694598026132
0.936872783788
0.0446255447075
0.621369863941
0.600681581207
0.509493085347
0.653150515429
0.694598612976
0.739764071183
0.935445462846
0.879955912793
0.926833892295
0.0469413406902
0.428547423412
0.555890570824
0.433623658896
0.310664730114
0.76633145958
0.386861155748
0.179231788312
0.282336011275
0.53386879516
0.665609688949
0.743546740916
0.612106110143
0.597551196071
0.0858625557029
0.153111190433
0.0677619394034
0.610431894285
0.325179888155
0.0544738246949
0.493586118036
0.891902317368
0.547244382054
0.663315519033
0.667273307951
0.58615967063
0.42078112519
0.0330299060959
0.866316033914
0.798880913195
0.426567833578
0.828419835143
0.0506046618862
0.0221845245886
0.699963569925
0.908969965121
0.235508923268
0.870266028099
0.890148299452
0.839707995118
0.993261684495
0.673336013484
0.54134309338
0.378457927324
0.222295975233
0.92292648997
0.0865785230907
0.0928452611072
0.42728417335
0.310101094268
0.785404165432
0.79051868175
0.453629081782
0.447246976247
0.573055490716
0.560265989972
0.816180205777
0.428844456321
0.181017634608
0.793907571537
0.605209569119
0.27020599122
0.736654477989
0.473326463931
0.974475658917
0.279923457828
0.745565352736
0.398117606073
0.209214948797
0.236134343437
0.403268113349
0.891667546868
0.466466554648
0.355163770859
0.48882102257
0.118072517335
0.935014586906
0.202334618969
0.807901443015
0.815558865205
0.865429877285
0.247904574205
0.623071814859
0.800608648311
0.213397617921
0.554377136095
0.241643282446
0.776574675166
0.680180552903
0.364696153283
0.647708922355
0.707950569405
0.54145141207
0.19875499696
0.516947024989
0.802352816849
0.609597314801
0.407095013215
0.103109656479
0.384920503347
0.346349764793
0.733298424789
0.420273616981
0.86066965973
0.0659612865239
0.474538760763
0.0546140729667
0.545803358389
0.678685115831
0.828694305241
0.818903015527
0.068068858676
0.34875289383
0.0513684255879
0.122411666152
0.944826049016
0.805118765752
0.304555203931
0.652042716124
0.0813906165492
0.693699322234
0.449296917961
0.533099936308
0.0965184409897
0.421396030371
0.421466932567
0.76843241694
0.314599613568
0.851719985148
0.396953891946
0.38274971158
0.262373977177
0.262373977177
0.826780870125
0.731943933584
0.109337328551
0.894883849702
0.500103157694
0.247901908271
0.974676938646
0.913022337949
0.472343650623
0.807836253482
0.792125966021
0.433623658896
0.803427191544
0.332446609253
0.278999944649
0.439929097101
0.945924262145
0.803095666861
0.342083399748
0.396724793937
0.639686489603
0.940313876231
0.893822949659
0.113017401089
0.884664584203
0.318136750166
0.91827801139
0.938332057861
0.616159687381
0.864443497109
0.963377102606
0.938623508498
0.0833948423709
0.877432941665
0.68100462505
0.332721385746
0.117817597484
0.558494248381
0.832823243836
0.425298405426
0.499840794904
0.655680328937
0.572849992461
0.575741106417
0.887829197757
0.415099382118
0.953416151988
0.809458935675
0.552002637855
0.129366604709
0.940245545367
0.874975931898
0.92694454758
0.172185758624
0.196894647592
0.857636553622
0.567861955779
0.961754111477
0.950675742256
0.920244371427
0.261477440025
0.105289631903
0.293287734247
0.404755986473
0.920163575945
0.523591951813
0.736460066841
0.0374123582392
0.574828950026
0.35008873436
0.973014558943
0.0933083828722
0.503526607975
0.218656973067
0.943998303799
0.277531292431
0.938486395639
0.895110289261
0.989251708021
0.479749629816
0.866316033914
0.522246323709
0.732047499863
0.571795046126
0.365195005912
0.990766091978
0.152995644788
0.314201318671
0.714697671433
0.327714207041
0.995931119367
0.588848935769
0.596832001087
0.280062938801
0.328621532593
0.253584319983
0.992229898489
0.592532581044
0.67218964501
0.663949074039
0.130961813813
0.397282102431
0.114281348885
0.946342604396
0.0213950768223
0.0386451621463
0.104947434493
0.231063911233
0.661008548806
0.86609173055
0.501187065035
0.797888318282
0.645360192197
0.451708228264
0.78579399257
0.322397662702
0.0837177365479
0.933740388406
0.822595573248
0.178120077228
0.419230272097
0.148610435188
0.265173347739
0.163335212224
0.696263387448
0.790956470959
0.364594940839
0.949889023305
0.838052330856
0.339464784225
0.920983819856
0.947679442466
0.940499532174
0.783235730059
0.864046384491
0.861209732419
0.732116991983
0.0956521837205
0.0790164488555
0.790547625535
0.383152557705
0.931046659822
0.68315627108
0.0649045120307
0.143709405938
0.987092794196
0.491185754214
0.343671768778
0.817141933867
0.235422293415
0.791240590523
0.515116732578
0.582553124949
0.534019903657
0.256652209366
0.960094862436
0.218032342638
0.0736289805505
0.817700675042
0.581130197975
0.930679604153
0.119166395306
0.626565181855
0.676984642637
0.405844119412
0.914936344615
0.806160835755
0.305712889017
0.737337751237
0.938278039352
0.650001080672
0.0868590270757
0.902740310782
0.453184259015
0.13907995901
0.87941595342
0.245480001559
0.885262392071
0.416689902059
0.561568004007
0.680601502468
0.164647757601
0.257079923119
0.0488884608063
0.115112303615
0.411839267864
0.442090225109
0.449744302504
0.957483376912
0.0387333558114
0.583401628362
0.84805570029
0.0590976637318
0.716368525448
0.637658741904
0.762152140172
0.456190450136
0.276962894097
0.0996294422365
0.933914042662
0.698418065241
0.203857181887
0.64394199838
0.32308464403
0.371525311552
0.552786429892
0.785889104016
0.954059340507
0.527657970588
0.425011730321
0.425905128245
0.626822605183
0.918464762914
0.0862014063606
0.738520110573
0.0427930788188
0.621609034713
0.0219416531873
0.261945615676
0.137371125116
0.936121253294
0.582978287897
0.777659689775
0.496048355102
0.208984702191
0.684652950857
0.145587801642
0.546674721997
0.714379028522
0.209393880288
0.0918853104438
0.28330375591
0.409365054579
0.654713490538
0.103140773562
0.343920940371
0.10876215757
0.0336740747298
0.0550752104985
0.0825922296207
0.854736138535
0.263781302865
0.707289464548
0.787191157306
0.195480572865
0.902641618762
0.505399186061
0.773699545451
0.879937587816
0.954641362672
0.0776375291849
0.519599331105
0.992439842956
0.406125681956
0.784893494929
0.0497167915857
0.466470430723
0.325502956309
0.455594847068
0.810731034189
0.624285446122
0.301851726199
0.0654961154742
0.786088031073
0.0602287727478
0.698377978648
0.969789163416
0.464322488478
0.114644088865
0.0525171958321
0.237468192839
0.365488152752
0.54082296642
0.750606214752
0.022623527464
0.845567434541
0.833281128386
0.549119925043
0.970772859372
0.983844662383
0.740060116507
0.927592690517
0.357558433173
0.816230686483
0.358084401534
0.270937423383
0.322765870025
0.338392374443
0.20835384013
0.987040573443
0.249090775028
0.902036960332
0.0967663464674
0.505855971598
0.234294265233
0.902117518893
0.843732888282
0.219444190054
0.196646790735
0.668544391084
0.194085079272
0.413613194222
0.103561642106
0.180354894571
0.093363007794
0.23476576976
0.668381175056
0.963222758891
0.139992999527
0.528000951132
0.504916052753
0.870111536501
0.107430121396
0.758861609804
0.666626390716
0.414861218152
0.974385867269
0.637153220567
0.261769426885
0.37693491429
0.169733574052
0.612901949558
0.135277189103
0.424152140781
0.630069598666
0.470732640487
0.503963652237
0.444159204258
0.398221145711
0.56852291224
0.146989061962
0.74852769696
0.59029256604
0.0821610539572
0.844883560018
0.352568245525
0.358400177777
0.808920517734
0.226438760316
0.367480249626
0.543773487881
0.249427182224
0.839071459044
0.47242344863
0.35617323178
0.204499301712
0.563522244619
0.542596472586
0.867730709441
0.4435574605
0.766392619012
0.928479031163
0.537503978863
0.334441796483
0.942695656738
0.873409951721
0.673446203019
0.465017061222
0.957561908985
0.026058872377
0.722795092758
0.727424773406
0.262382135897
0.228669560649
0.446949760319
0.785669824485
0.283428056
0.748148539112
0.55820180494
0.948920118948
0.401414459363
0.94351838525
0.0865190112964
0.987931608007
0.483885859154
0.395557597052
0.67358715928
0.827117180781
0.431451562974
0.901981755593
0.0414773588059
0.211087508855
0.826850926526
0.542295494198
0.445057460889
0.779883390499
0.413468905803
0.615255087726
0.89024971497
0.498368422548
0.104352268088
0.973849175942
0.719041264375
0.232269485454
0.994236721055
0.234292359135
0.200395745248
0.661935870611
0.574514262284
0.744568811779
0.308196485334
0.0219412052009
0.28483227722
0.96404926782
0.306500460204
0.732697974894
0.754356488482
0.729747637659
0.855654237306
0.990478322907
0.815558865205
0.595070165949
0.932113758868
0.775664783824
0.944473669681
0.512755505722
0.677974740854
0.601618614262
0.262987744717
0.801126556812
0.533187366273
0.211929996757
0.958256927389
0.203233885613
0.501713883314
0.719227956355
0.950357630703
0.590698830376
0.357605596236
0.98577678508
0.608200709043
0.86594350431
0.117434450171
0.12541052523
0.305641944991
0.626515775588
0.198329206725
0.915692039118
0.15108913251
0.766288232065
0.093615044902
0.422314174152
0.235716521938
0.847304757594
0.452009214159
0.490606912601
0.317111261672
0.283206656022
0.771709194623
0.875374637154
0.948444694236
0.271501293443
0.136954102995
0.0448543290341
0.534383966453
0.860630643128
0.991961140847
0.943041281688
0.567900788449
0.90845186403
0.448610116384
0.0919361287582
0.559498126634
0.452738497425
0.798678978741
0.865178589541
0.164494673549
0.548441844599
0.194534920902
0.23386959461
0.741869838487
0.4427107317
0.284869661849
0.609161129024
0.866328528636
0.178377634052
0.138064924414
0.627395199388
0.0736596789614
0.0914225955034
0.154477895354
0.840018589347
0.734261308854
0.267760534725
0.898913267379
0.15628491177
0.804510077165
0.0799352473264
0.539616032701
0.655879988867
0.9234487165
0.764511243103
0.78453747121
0.141756443935
0.476649712338
0.43579631515
0.933028990911
0.139846870391
0.53766213136
0.084818023839
0.203734702638
0.319755669218
0.316122557554
0.395416018795
0.934771335532
0.0933083828722
0.77566209947
0.86571384766
0.457647461942
0.275129002452
0.65340536455
0.159850985
0.0271161742903
0.746799634642
0.81539813819
0.627577269296
0.262011004088
0.180831759778
0.309785930268
0.269603409108
0.312194044766
0.443260528263
0.483027563682
0.232783226464
0.212559811921
0.428290964545
0.475377820339
0.702174442438
0.593444815475
0.483353202068
0.941008254579
0.0468754789998
0.381621955417
0.885147383915
0.30375815516
0.93090317426
0.435913144743
0.955371358662
0.378174550009
0.972636986724
0.295694813634
0.271303711666
0.33308493089
0.993722079661
0.330616272376
0.590861677876
0.762084347356
0.592812535719
0.32497060216
0.0494787958168
0.474127809077
0.183398646729
0.361606366483
0.690397433056
0.787486197779
0.882090234128
0.684010730732
0.622879105802
0.575631387684
0.358284991225
0.116306453255
0.63720895787
0.102699347937
0.0740477134959
0.348075771908
0.759413479204
0.942860615878
0.961506353174
0.0962677580776
0.745470939533
0.94641123564
0.36524448047
0.896877163506
0.303561203278
0.269610576588
0.209690608843
0.088071202636
0.398801997636
0.0604719869905
0.40394475441
0.733675435875
0.957893177898
0.491127510472
0.893430408006
0.177431136497
0.345702520639
0.633843133135
0.129655887916
0.597102340552
0.889445553227
0.0542665530457
0.0802946791556
0.0633158695923
0.550702432438
0.679312652092
0.276943777072
0.66042564893
0.0983064861425
0.15123002643
0.194640944013
0.15533816655
0.863636590489
0.138375320798
0.376740300235
0.545259236087
0.874988715868
0.149386604123
0.0140306016658
0.517117263253
0.441591146349
0.104740432023
0.568019199114
0.748106559936
0.684010730732
0.249506826135
0.865447641995
0.904863220015
0.903660419007
0.101212286198
0.768421487775
0.0808099843622
0.811670198833
0.994348207418
0.595733903825
0.634372805418
0.437995576819
0.016097905064
0.636168546008
0.0341338510501
0.908528717675
0.0883155477638
0.353423240978
0.792751054629
0.916990092232
0.770623983231
0.638213861878
0.762754167209
0.123883066422
0.879939373239
0.668028024689
0.986303525403
0.199471165871
0.82720758151
0.107852484875
0.447816893315
0.331944666492
0.643778010256
0.90714390122
0.860078948791
0.330391028925
0.918110096207
0.386729254814
0.349328968938
0.43226706705
0.138203441791
0.945594841092
0.890849816958
0.249160842226
0.630190660826
0.811453060984
0.0532378539918
0.61809693456
0.559996963999
0.909887663122
0.491681756308
0.555813290359
0.288551960378
0.0995223242774
0.322586030078
0.431465689855
0.300618264573
0.473054418302
0.112969096036
0.840535782432
0.841419242169
0.130393925705
0.972761589306
0.158480268093
0.854168783652
0.617521726549
0.493414586958
0.611674191754
0.225814457555
0.738164424259
0.108408091925
0.63317603517
0.808900628923
0.81932478659
0.612422286276
0.126262347404
0.443647406261
0.817822083968
0.628738023599
0.595189752244
0.10872389382
0.24769053082
0.146583844969
0.750683069422
0.716934229168
0.963827957924
0.0679479378832
0.883120286944
0.216914676611
0.850973914802
0.867831200699
0.398391891921
0.878675799262
0.743789368376
0.12643371068
0.750673407995
0.765909597512
0.832522658977
0.582286231714
0.956750207139
0.531911300977
0.0339935355734
0.706791308745
0.675796648889
0.794148092565
0.366141259206
0.412399041216
0.807381214958
0.463666153034
0.0378713003722
0.110956900878
0.0805666313555
0.242985320791
0.784615318889
0.750961310821
0.881777598374
0.0910891963038
0.493662317792
0.81888807385
0.943288315038
0.365568905625
0.218951843156
0.451409967198
0.611041260966
0.273646221822
0.290903108446
0.123913020312
0.45213368467
0.656880578791
0.931802573112
0.377635693358
0.936492597153
0.246154452143
0.311402997922
0.697401708157
0.103617403895
0.0240879033139
0.226442105406
0.507336996597
0.138745200701
0.0630645985116
0.214552227968
0.901234088915
0.0385086405704
0.865608151611
0.201862272896
0.608651783044
0.4731725245
0.784617754045
0.701888714351
0.849396352672
0.838179357358
0.867131537676
0.178656364213
0.669867282387
0.113086962503
0.581013332141
0.698152343454
0.147722850509
0.896613773266
0.905324735712
0.552868105578
0.670285345389
0.339877987048
0.316271409094
0.494647551836
0.698278222557
0.676489072582
0.661921524477
0.147478765742
0.267652341635
0.586948109861
0.730890946426
0.861846984752
0.787676031917
0.877424459625
0.46336994395
0.173383233181
0.160481070832
0.942341503303
0.102595318377
0.786388521856
0.400012839915
0.161680266008
0.747069465545
0.624204557179
0.459372700386
0.164623745327
0.50719899747
0.96124991696
0.759168853246
0.901246828805
0.362201938628
0.363564238978
0.71856730932
0.737081112373
0.447969790622
0.429486565583
0.245159024545
0.943883040334
0.867974454044
0.953640080693
0.911434223653
0.104202570277
0.927143202141
0.285085427159
0.254632656924
0.371247301624
0.605576478484
0.307585222338
0.93669592721
0.795791163667
0.0872822569439
0.542421733014
0.356851284966
0.923646289932
0.994173315144
0.389982767012
0.517328516866
0.629561301308
0.934851166821
0.20344177036
0.873231958056
0.127637783545
0.421659827361
0.0598845533137
0.790219342115
0.564017486801
0.0965555291409
0.0999642102887
0.433117619573
0.779289285311
0.881395721631
0.136732891428
0.645444630347
0.421711163165
0.758232680482
0.672973239119
0.488804710172
0.911256343039
0.281859430684
0.812323093747
0.20444064058
0.824905146457
0.900257084465
0.599435456691
0.98699912
0.511815411321
0.989796593328
0.525976040621
0.898480605632
0.427715052283
0.952799370627
0.474455913922
0.755323376292
0.523445439714
0.970396358877
0.888511540504
0.548787991928
0.706022954683
0.88301101372
0.761483293168
0.612670368354
0.0605447262589
0.198680164916
0.829136454112
0.8700836424
0.502605798351
0.603031880042
0.895182161562
0.40395665313
0.976141997217
0.935434023974
0.742516114721
0.0808170578386
0.758299486205
0.287070500785
0.834484795959
0.357030301416
0.725372955282
0.740245903299
0.828409360401
0.856748048244
0.294532807261
0.953826079505
0.852864350015
0.548238613282
0.504783213871
0.942749794886
0.449311338964
0.245164156028
0.0626644336144
0.156281047329
0.93551840788
0.306852337595
0.751840227222
0.356399855469
0.782012614929
0.214500177661
0.974690924665
0.729193641121
0.83628714296
0.079014641252
0.602616794413
0.295542079299
0.444060798011
0.0875376513065
0.89233439043
0.766835086873
0.659356204372
0.630069598666
0.649366823642
0.706799174509
0.0628696111587
0.188615636787
0.0276054210183
0.0851618979179
0.716215811775
0.266218107638
0.122865482537
0.138383094547
0.235706294703
0.936268020482
0.535438759815
0.084902606958
0.124788163926
0.952851104556
0.441335917472
0.472881856905
0.249303329486
0.0267131204278
0.447878684456
0.812659427774
0.280283637573
0.964505964282
0.698815083617
0.891251898755
0.042607311985
0.741108118115
0.640748946979
0.106372575704
0.754208529127
0.177583319766
0.0498703756943
0.566192133569
0.925921999771
0.530961844142
0.553641628965
0.904660298167
0.561864233059
0.307500844862
0.834897934298
0.116952325997
0.475029086529
0.104502427428
0.21633481496
0.57669833444
0.090939539185
0.714957626151
0.537066033684
0.727068026843
0.205980123561
0.626562368143
0.427431807066
0.668781057941
0.0475765132766
0.884254583221
0.623209478867
0.231998775815
0.16981066392
0.313119029622
0.903494455766
0.10757164203
0.189550932502
0.942572929701
0.0900904230051
0.48659952135
0.104582250706
0.743535313588
0.654713490538
0.47234595183
0.857336158692
0.546755466167
0.0173079619109
0.0241116128207
0.340164004938
0.204754734646
0.365282507452
0.338982604853
0.253775104233
0.692640102238
0.0621983648663
0.599024831918
0.52014985394
0.785232484565
0.728224777465
0.387363590222
0.816180205777
0.634579725204
0.180889414113
0.462300687532
0.129512996802
0.578272796952
0.261628359773
0.387112812569
0.801952961532
0.527991077699
0.478969149319
0.411807535084
0.469537162344
0.519395685885
0.907269745539
0.811094601094
0.791445101725
0.742870107509
0.854587296904
0.109337328551
0.389272886054
0.174193760873
0.444224412714
0.908188588218
0.443761390904
0.938835571433
0.585659665106
0.220285469679
0.0553944989205
0.0447386516233
0.270434329614
0.111184879545
0.611314058854
0.340768754329
0.962958470147
0.0143132149671
0.222374351319
0.860098936287
0.573814130257
0.884736373944
0.473463874255
0.260834596778
0.973724695536
0.713149682231
0.870789682307
0.446155719142
0.592287728106
0.159824261291
0.991115447231
0.246818234988
0.876797193086
0.300047907363
0.357254178753
0.271025993707
0.623536297215
0.0313461760558
0.164561800489
0.72102010209
0.263493891058
0.923467618852
0.125823595039
0.95343481694
0.833281128386
0.790796144637
0.175177645024
0.493977876949
0.94326028219
0.543252550444
0.419064650956
0.51608247006
0.442681042076
0.501187065035
0.226535986304
0.646282798375
0.489789067626
0.553746676856
0.785546867999
0.926275604858
0.111934051216
0.624415314883
0.802133534676
0.903190995344
0.808305271045
0.65910207723
0.769913025937
0.25382417655
0.649592760137
0.995160684562
0.496318017723
0.282948765774
0.812986664711
0.825531322109
0.53408260397
0.918648562364
0.0791655224854
0.843594037842
0.316461998051
0.68109554577
0.934459639281
0.777235314311
0.989696738027
0.927129631097
0.927583038411
0.784309327437
0.12683574875
0.697209867196
0.82033832292
0.230512263
0.376719814653
0.162004484981
0.126927528014
0.966376588395
0.563528901194
0.535381718295
0.509681407323
0.570614576103
0.161475991392
0.953736727103
0.958776287507
0.6479090991
0.835533153141
0.424399937276
0.534194237191
0.166030265625
0.0539068848576
0.226843053582
0.150955482961
0.924787678802
0.521274994945
0.0848563577166
0.123582490073
0.569207501588
0.351845961325
0.540495552191
0.683817569744
0.969873962231
0.176869149803
0.935222863838
0.697536129735
0.143096646196
0.810940896203
0.136431195977
0.929285149439
0.154335331219
0.703805749528
0.839663305629
0.755801631694
0.315059047531
0.270491933297
0.209359351453
0.485278474207
0.069006833348
0.741399043606
0.672613854113
0.185696766673
0.105984540802
0.0945741534044
0.531143013011
0.236219177074
0.466764186277
0.552241326736
0.159232801189
0.334147112051
0.175825509732
0.387402702151
0.942186353303
0.747443110994
0.134079998264
0.993393948151
0.933657392369
0.442982078873
0.109458678666
0.931726060677
0.559634044986
0.620566141559
0.443597478932
0.448013979493
0.55310599369
0.114385376592
0.0980425167941
0.825127768718
0.186239308553
0.595523647945
0.918377890967
0.226492223056
0.56383241167
0.771368483066
0.335657104706
0.348390189485
0.538489360653
0.47088823527
0.415269852998
0.600892853817
0.474619608925
0.664846725643
0.803093637479
0.752589371631
0.256495880246
0.652354481919
0.270299891218
0.571173456722
0.736374594455
0.472482814807
0.513557581256
0.920298962606
0.21855954771
0.908983296512
0.68405909293
0.299765232576
0.925464663152
0.772114117089
0.779306478
0.260150272458
0.399412962419
0.351655713409
0.38551353542
0.0569418766692
0.32690156288
0.114814984849
0.178326926574
0.788261362458
0.539748617801
0.723431253256
0.878204514328
0.564053514781
0.650071588747
0.677221681761
0.0454643351922
0.185023608948
0.146017286839
0.945918711621
0.167253848847
0.204118352351
0.304451315486
0.659467426412
0.942139218013
0.65787728131
0.0931623821157
0.15984359971
0.944098732888
0.844354230419
0.375468830155
0.111087832303
0.106175447197
0.876926126387
0.848623532311
0.810433935271
0.692823082764
0.372941928102
0.336361619532
0.383263987544
0.259830880182
0.745063872258
0.579919433066
0.852863347499
0.590698830376
0.916511046803
0.0276752763376
0.980261477321
0.825507484858
0.46042357277
0.441117894149
0.474887487796
0.405191373805
0.823772578164
0.468440855651
0.470339913774
0.631335058744
0.660380489244
0.563750469989
0.112712497363
0.770685310004
0.937440927808
0.969527138236
0.91266401199
0.872591935144
0.577580885334
0.811149099336
0.337196712401
0.389250917316
0.177231759903
0.696578348793
0.741292203748
0.381866182051
0.931732348414
0.944752977096
0.859928536854
0.937499710398
0.963876952175
0.987364023688
0.972255706945
0.505166891223
0.370752817728
0.731450193673
0.93444801524
0.179207689942
0.243337947748
0.161662521732
0.683914742165
0.9101328763
0.0159202749926
0.10324211461
0.28663505999
0.780882089766
0.633195661183
0.46089758366
0.332043670648
0.677902860881
0.142573856398
0.377750942265
0.417898778593
0.496789725724
0.789766752947
0.758863548538
0.266642451772
0.539812256763
0.314239443736
0.152362244416
0.441956488641
0.957333025732
0.918796568314
0.501733036056
0.91940169832
0.460124873265
0.73439179427
0.923834508677
0.507163174839
0.268377031788
0.949303307643
0.0974325748623
0.487321772213
0.529155057298
0.585928682273
0.163953503829
0.148175249922
0.322927667009
0.739281999124
0.80852647338
0.959008472642
0.738517830473
0.697872583763
0.390438832629
0.86729776982
0.460139818119
0.436278245248
0.849808308906
0.958453718649
0.0768180232797
0.580744750263
0.45313573062
0.270932480487
0.792328024237
0.755238805575
0.955838343961
0.591046735596
0.266775422192
0.166706802245
0.0454174076251
0.139030674217
0.426444718789
0.680907034037
0.99614327882
0.881777598374
0.464351935998
0.718583225195
0.938834927863
0.698904350314
0.249690855896
0.905671069708
0.44269572372
0.510346507356
0.516107859636
0.641776801149
0.289204808793
0.611674191754
0.909868423516
0.938933932891
0.289866015752
0.443429993779
0.159617380663
0.177767147677
0.0716434210629
0.773796226397
0.744541760497
0.949652476543
0.817700675042
0.886507963204
0.970303138223
0.804926784325
0.235046455065
0.190942892384
0.863727061018
0.868354701395
0.680425399396
0.0609732109787
0.596931768189
0.647310837753
0.878854772635
0.324651295966
0.757261852507
0.87180389804
0.873424613848
0.103864640364
0.555534340467
0.676364698723
0.927926174584
0.350721203928
0.660369943012
0.950950178398
0.624427709283
0.243313633796
0.489415573871
0.662257287376
0.401947300226
0.952862820326
0.785726083857
0.228390970425
0.328316064091
0.913174584466
0.107949264016
0.328243524842
0.945268549263
0.568904893898
0.248831166584
0.359573479695
0.782264404341
0.574573663134
0.990721498907
0.675541056841
0.584391867234
0.410067070442
0.0988076897928
0.912596004823
0.504783213871
0.54938649616
0.458058860807
0.0523138671951
0.733510431077
0.196113085087
0.706154573497
0.299980773084
0.931989476082
0.825280153981
0.275904860597
0.898651763301
0.622182526839
0.114882026468
0.609533374426
0.87032805166
0.847229098555
0.105388111678
0.68033373697
0.96940605632
0.129604468163
0.655744789461
0.22346156854
0.62266699176
0.613625808981
0.567777393319
0.493366567089
0.549260004726
0.0275828979538
0.619061441454
0.814539823629
0.306550183469
0.434502185168
0.804552056537
0.175826170109
0.887541657432
0.39068302345
0.684805250684
0.163553691068
0.762642740713
0.517035804783
0.913176262636
0.168433615542
0.0856241292442
0.214118963595
0.943417291899
0.925354089344
0.693257576163
0.700968980158
0.353956772426
0.450149985854
0.181436608875
0.117058936239
0.126068344553
0.780811202767
0.949003375934
0.713768553107
0.429343005514
0.309441552844
0.438223356948
0.75606973359
0.804699300347
0.11055146112
0.870266028099
0.747607444797
0.825325620744
0.185561356602
0.178232136054
0.476742732342
0.032285160949
0.524468084242
0.405013458193
0.625651339666
0.422926927141
0.71144100585
0.656435837996
0.978513045401
0.435786540643
0.955731646124
0.665983161866
0.354721589322
0.270410195661
0.582037061934
0.641239324442
0.783388398028
0.579745324234
0.247102045731
0.77463254537
0.312660570844
0.161509248121
0.650015187495
0.633570166061
0.559152747969
0.98816802535
0.0124714794848
0.832103257327
0.727623819669
0.0982070091633
0.612542328165
0.819408125468
0.188421783315
0.0358460050589
0.171351486055
0.449740922683
0.124328102153
0.869075537952
0.523107205503
0.125352693956
0.0610705277975
0.303153048124
0.92228172075
0.262542621269
0.723064254042
0.342965826507
0.226480137165
0.923532095499
0.490973728141
0.134079998264
0.161491663458
0.202692911584
0.865858193043
0.866044576272
0.834652156199
0.278092609651
0.229471796525
0.284451907036
0.320322130601
0.0168158556758
0.785600980507
0.0968468462223
0.78869328157
0.695551728735
0.625777602937
0.0375312926696
0.146907340218
0.270937423383
0.171735491717
0.204156023319
0.452508518172
0.666984337191
0.752036270571
0.866601565999
0.666700736138
0.759171799786
0.471258272978
0.217291579059
0.94578988924
0.439450534931
0.983053757882
0.968260616459
0.266189674339
0.942468073297
0.553471735731
0.442513904864
0.111901758201
0.09740661562
0.802624731406
0.0744271302041
0.153098112785
0.449372892753
0.562017601265
0.340336989276
0.229196877214
0.317712275602
0.384039009821
0.111587416021
0.070679688224
0.702389985978
0.39911212426
0.293260394743
0.207048445817
0.501072907624
0.328243524842
0.880813207574
0.872222017779
0.357737652312
0.102263887654
0.68935994677
0.101693842465
0.538173734512
0.451076991998
0.933345364365
0.926708079848
0.924304552059
0.624427709283
0.796290952339
0.921731988146
0.318609333642
0.744784611979
0.516542196246
0.948768493376
0.0480636773523
0.168914468217
0.475456137439
0.145301930696
0.647221612551
0.813709983669
0.115360330561
0.527183896734
0.091270678929
0.685162569978
0.990571786983
0.0803375746571
0.52675770487
0.985772234818
0.947292572218
0.907206599794
0.379478268305
0.124830861043
0.920285036812
0.142077306995
0.0750900574742
0.951329409388
0.0515094186946
0.75727931815
0.060730840285
0.400125692927
0.441903174567
0.683892488854
0.1936817766
0.909160383852
0.935991051199
0.846720466723
0.0345199339718
0.188087566444
0.0866159989278
0.249911841575
0.882230594693
0.118220090388
0.160436021511
0.168924707241
0.543456839119
0.800123886598
0.316559853131
0.886017267494
0.860270563855
0.406031286747
0.561651419826
0.656598066002
0.422230679479
0.490185490882
0.87032805166
0.991684393989
0.949001746351
0.790770475712
0.265365437105
0.925034995575
0.191650163415
0.180036483684
0.307231363199
0.55998201657
0.468969978681
0.389399111912
0.793295095595
0.165225137404
0.11664295617
0.788836055158
0.892504474624
0.868235236457
0.885656752348
0.465683479165
0.474027118669
0.422580481361
0.56097344279
0.801565604057
0.844863014391
0.73565979887
0.443761390904
0.893223513397
0.0124983968797
0.429104668075
0.137269586274
0.539372486554
0.680709797544
0.926019891923
0.169928081572
0.796449191644
0.0985936997912
0.0472884638812
0.867557895448
0.633074851259
0.365122503134
0.600679141472
0.177533842083
0.800402195689
0.162064888597
0.755067313564
0.929584920723
0.779129170833
0.89095077209
0.338313641829
0.446770834444
0.308779864322
0.489754747722
0.451496095431
0.268507536405
0.514188573081
0.0626064326711
0.745265212546
0.0463387010977
0.350293821262
0.938572831661
0.690205495894
0.565449042258
0.110840238258
0.462896774666
0.868703038324
0.819800266433
0.23211672952
0.959412002723
0.957433686379
0.881645807192
0.811741622152
0.650594988172
0.266883780947
0.46178771673
0.0616563453719
0.449736458499
0.541286426424
0.751628991494
0.315159140354
0.953207581336
0.402564664231
0.901522119099
0.925922419192
0.166846821632
0.977611884714
0.201017006043
0.105794860024
0.850109464005
0.802608220304
0.659586513659
0.892349235763
0.157112098085
0.578634246944
0.397230216801
0.0464060898319
0.575934279291
0.308245010383
0.625253054332
0.921931566775
0.916164500955
0.131656371726
0.300448829402
0.690605710965
0.259671705195
0.461863363424
0.758916272228
0.477895236285
0.169511731424
0.621835636679
0.855772028821
0.401038796894
0.322355504574
0.866331283588
0.715585011211
0.222778178916
0.240965709839
0.632509929384
0.864140585444
0.293995977693
0.399008083125
0.553139987587
0.226492816135
0.869478156838
0.575632760594
0.505197914617
0.285532523838
0.388765758343
0.526809566492
0.202792047676
0.607368648977
0.0884578286513
0.396631513553
0.557887070309
0.296757718682
0.790054419206
0.151181749357
0.879197268589
0.123913020312
0.786713067627
0.743082298716
0.21639914026
0.777691849938
0.0800950351053
0.817284701569
0.518396354496
0.25382417655
0.109614774733
0.503663824513
0.539993971177
0.903557266037
0.178164009912
0.835533689385
0.0277286524091
0.584428758058
0.555163901581
0.543958403163
0.616090146763
0.922545819095
0.163130559144
0.81662740827
0.701814806557
0.568014829845
0.137670583516
0.455173389339
0.96774775886
0.805162348604
0.21878505214
0.734181979196
0.0418435129748
0.755313045512
0.990571786983
0.648979382572
0.286236853483
0.128294756202
0.908076237866
0.491919831742
0.912698685346
0.242989489317
0.744524846433
0.422926927141
0.460603664949
0.895819185683
0.671332621291
0.93475784879
0.334490723395
0.516005694707
0.192482150178
0.0912738580053
0.497563613384
0.421134393888
0.571900785265
0.639422932514
0.719666897075
0.742581927585
0.699130347973
0.420420971529
0.69876838973
0.280460426068
0.350091928032
0.267652341635
0.0842641825925
0.0959014064286
0.278623215663
0.816432054689
0.685125101985
0.329788782391
0.14926216189
0.319983418279
0.444927509124
0.734771908942
0.533484546914
0.411287516104
0.913215188395
0.0176112695322
0.936612157191
0.948017942823
0.567150170287
0.303381791922
0.653112420286
0.147395817697
0.732985760342
0.834652156199
0.944836875609
0.345669089843
0.749759066146
0.675599640503
0.206266652438
0.799680324825
0.842968566697
0.794628551008
0.290645186148
0.733116191496
0.307470481002
0.990129315057
0.556613841274
0.931056793731
0.140028649643
0.417967863459
0.674091866252
0.0995406036397
0.950926664903
0.618219526109
0.711173697559
0.598841752236
0.81853104263
0.940061785116
0.337350837327
0.928596393368
0.771416928637
0.155550766194
0.700057510004
0.202165335322
0.0920207759275
0.90829945276
0.960338819991
0.967450850577
0.238722586483
0.60379636805
0.52068091594
0.271156801975
0.740457238132
0.816342629358
0.310880520139
0.414610825735
0.263230915796
0.0886963267445
0.810235239644
0.950152645718
0.099614887825
0.188539290076
0.499546247952
0.93344716496
0.467533140258
0.963518019367
0.0458160520309
0.780369752101
0.934493050946
0.265337135733
0.337366007353
0.84730399103
0.305479384652
0.645713564397
0.9457046274
0.273758816624
0.592044378776
0.984387761936
0.861814602042
0.910573087375
0.189360109844
0.212189168426
0.754734460602
0.795128176417
0.754628397314
0.296351027938
0.729992484395
0.691853621107
0.0160190041521
0.128882256324
0.353576366113
0.846412047123
0.704368767241
0.703683822604
0.0237503757886
0.305712889017
0.839490363232
0.129817485955
0.778217965895
0.122865482537
0.756346994448
0.781229939416
0.299489459984
0.66360271976
0.179358217169
0.910110989081
0.545813140944
0.795816450389
0.675452213525
0.517117263253
0.521720389912
0.793672928114
0.872260073589
0.810620867519
0.300310406737
0.937841610513
0.839402243171
0.169437835885
0.17558078146
0.415785648319
0.0285317985952
0.0737068589844
0.883323886747
0.251284667703
0.850757843104
0.956870050854
0.520069724924
0.623485171041
0.0916993293902
0.779908260553
0.400709440911
0.182784455938
0.175091224479
0.478917956895
0.135497666482
0.526716642885
0.697332036685
0.858376550272
0.475155725586
0.478715960139
0.190557119306
0.413296830498
0.485406194574
0.367572927983
0.518199314274
0.342389979205
0.619662139549
0.131273633719
0.947237876617
0.0480547266275
0.45502562766
0.761888828308
0.264311545885
0.797674388582
0.0665228455328
0.503133994278
0.572942678016
0.808698938434
0.98533525523
0.267308670663
0.404296985851
0.984656367577
0.699074042593
0.948864195609
0.576813569707
0.941893060277
0.716041657295
0.243766511517
0.154515420471
0.91151317695
0.247972402238
0.201232516685
0.448621810855
0.270080777355
0.823995904222
0.0510340188457
0.959899556716
0.838178826767
0.336507771069
0.286798120035
0.296351027938
0.493561239833
0.198539634401
0.127797104208
0.679838059144
0.553457598683
0.895579269322
0.173840558703
0.701225313538
0.548685747461
0.574448036483
0.228811802302
0.876767753797
0.112696481894
0.795719632489
0.0623870022431
0.531679104628
0.0762954124587
0.442340355463
0.987266835679
0.972747992924
0.438850767036
0.175738091315
0.515636894416
0.901591934038
0.163751284189
0.928201079398
0.906545788524
0.314599613568
0.754239021184
0.730268546764
0.270195658268
0.222206063677
0.140671091085
0.408063147693
0.783322188437
0.81875598625
0.435585034624
0.965326235014
0.834615283196
0.8683327329
0.720176515151
0.406430061194
0.959740735545
0.935976046687
0.614831649672
0.972346431269
0.593615195518
0.428965076462
0.0790956192626
0.984063581295
0.14918982364
0.0790956192626
0.222295975233
0.496485223423
0.253432991852
0.279337750942
0.790150204071
0.706370841877
0.176138657371
0.849484321709
0.50639655606
0.640347810486
0.945924262145
0.92149391131
0.13047864738
0.10189356379
0.340289114113
0.829174347843
0.456841915675
0.0811512925209
0.554221685896
0.540911644788
0.179769524933
0.0405984362081
0.365110076323
0.896444281536
0.885296978679
0.943282762528
0.372345565274
0.905004955831
0.418443933036
0.916168533363
0.222014371963
0.874603370101
0.205553553535
0.427165693332
0.296875360385
0.751622565861
0.370327793103
0.510095073741
0.481341607677
0.897851806464
0.57688726132
0.660369943012
0.183907849589
0.930372844747
0.959028740027
0.224335095934
0.266626485627
0.960954204964
0.589636016401
0.542932636805
0.594121909112
0.0396185748829
0.675802051051
0.480368057623
0.24100487177
0.467686483245
0.690671774095
0.960173360004
0.361812500783
0.946220896057
0.812803324582
0.48134089446
0.701262335064
0.909243598004
0.125636943121
0.780981064573
0.445345897238
0.609277946645
0.338599371826
0.624880691708
0.496853730685
0.148072378246
0.427546577077
0.0506080601989
0.60930247125
0.169980117535
0.35020557834
0.576175962951
0.300286527431
0.0409264836223
0.895607947689
0.186575489161
0.368485846251
0.42711906145
0.268492798322
0.840026754743
0.954596798153
0.700669279216
0.947254384555
0.284253974494
0.0622961309987
0.109319937285
0.267345971699
0.649945876747
0.430292732498
0.72057245218
0.75774791557
0.408793172346
0.966814457093
0.705869007678
0.65771046956
0.943388369635
0.0136662228433
0.777132770101
0.388046629278
0.779129170833
0.576786212037
0.607105729806
0.958736638196
0.368211410326
0.260785787502
0.443887610481
0.915777262921
0.154977388599
0.462352591498
0.511076687528
0.944931761018
0.541255439241
0.948008010912
0.110819433707
0.77105107351
0.328032147578
0.390028969513
0.357795423311
0.541253112778
0.783927081797
0.274930820827
0.6138470479
0.57250841327
0.23321403792
0.101344806697
0.976897998825
0.2961677017
0.582856300161
0.0253760845311
0.874499439263
0.755311727231
0.697702192381
0.933151516166
0.801890533331
0.381186153198
0.911930709692
0.446979287793
0.514426818221
0.298407144154
0.777311320299
0.370526729635
0.961506353174
0.337365175875
0.266748031594
0.969004626795
0.14296152181
0.209204507409
0.924926411734
0.898229465679
0.293104788294
0.769210281013
0.785739226266
0.805652296526
0.246078963552
0.518887124018
0.438792139738
0.849658251488
0.667511831364
0.476660393928
0.710051306222
0.0541491820941
0.913623722047
0.720575246048
0.871117503513
0.433643418839
0.190745455042
0.890138757425
0.436465752941
0.907769382148
0.931570526248
0.317928434524
0.77125865531
0.711607858275
0.782758495117
0.202861802683
0.96105915602
0.653577869884
0.881645807192
0.931268027309
0.810824354643
0.443647406261
0.24081448946
0.0702054490402
0.240136703688
0.982185983055
0.400968844302
0.716295615032
0.261346837324
0.225568076439
0.351473849847
0.43692847938
0.174275049496
0.348192004056
0.901156031866
0.0770407541309
0.398887191797
0.497511298714
0.643449585831
0.426029603944
0.71378557151
0.0682230256034
0.0836653569658
0.0400114603388
0.966734686766
0.104882941976
0.102981685247
0.529990075552
0.615583879711
0.177434277394
0.0520100748411
0.870284928725
0.436038558323
0.361981409089
0.444332484508
0.909061323258
0.0722895563282
0.445838994343
0.241035420472
0.59582513473
0.194250683881
0.64673986515
0.213478838493
0.405946717129
0.825725465726
0.10233997321
0.208543976426
0.725391167413
0.0334510675624
0.196682405969
0.153930117458
0.880926998617
0.523055371461
0.508547283382
0.621369863941
0.209631258567
0.868767499225
0.79710833664
0.19004711985
0.335517097779
0.704209845439
0.860195136759
0.268146834008
0.0849333423266
0.12476403273
0.720281498501
0.0933689394828
0.198267222
0.823629158358
0.531394292278
0.270440781721
0.0716327620591
0.703156016095
0.925920066324
0.689943037146
0.458865318159
0.0752515689083
0.180086174261
0.168318198578
0.561510080371
0.234028286402
0.563799981228
0.713483014572
0.497930271316
0.306567041781
0.149380240721
0.378221378054
0.52144937562
0.555386841268
0.112855831336
0.570965679526
0.955701968847
0.0774959788346
0.551893570841
0.22941172336
0.792968463346
0.705569629061
0.219891171076
0.469530648912
0.642549016899
0.336353788416
0.0988141502171
0.249007089419
0.413941547756
0.842195712932
0.710632178754
0.0553042204449
0.91878072966
0.346303793588
0.556078573611
0.560692350805
0.598022298844
0.669010364659
0.882426540753
0.82745450315
0.811560853609
0.98366195278
0.83170103657
0.263154886182
0.500977978247
0.0925827554083
0.622162710258
0.109944397977
0.182352380175
0.336479185979
0.714164968287
0.101370213733
0.903797906126
0.679616381601
0.948768493376
0.791708899045
0.945063185623
0.0605823963999
0.14365583359
0.669867282387
0.395960578141
0.421695934937
0.129813576003
0.385560472691
0.550625493328
0.3231432517
0.893216729572
0.0406475334428
0.0949120536185
0.044374930995
0.643441088572
0.281474200959
0.306657705447
0.0720648529263
0.17438914562
0.172543682986
0.654263765175
0.112801571693
0.104803596941
0.961789697829
0.888433380795
0.14709492522
0.423563655186
0.910505907783
0.341880755593
0.302918228356
0.0672204398309
0.356273440514
0.128060682425
0.19834578936
0.110221783487
0.792595138393
0.686944030631
0.758719755935
0.768322996388
0.616945749441
0.358161118866
0.857508363112
0.705153397159
0.613974754831
0.760789716589
0.443931381944
0.252590774608
0.253538890107
0.529931346768
0.394666797679
0.87331113601
0.911977498963
0.878103738844
0.209316525553
0.473796175918
0.462910921605
0.114775369065
0.334766335058
0.725391167413
0.892815107295
0.330774684366
0.90463156139
0.478398283914
0.330908925006
0.0178871498361
0.304664648291
0.52706034914
0.553799487805
0.784617754045
0.640720871326
0.839957004501
0.00497067664389
0.76308456732
0.525706899752
0.289212897582
0.131253422505
0.412659764122
0.73600187167
0.696404173912
0.448929951605
0.0791655224854
0.207495744726
0.128116019639
0.978954889596
0.478769066519
0.0795287428009
0.732149391702
0.0640680296098
0.874939558526
0.0971507385536
0.798203262195
0.923500145109
0.490752579278
0.793192606021
0.926113476628
0.952358259355
0.391390517383
0.870906437206
0.815400232517
0.596283957596
0.514123554345
0.291608674647
0.373606592056
0.232569730724
0.678946872052
0.285181736253
0.709748933345
0.961688317042
0.0855513143307
0.596991744304
0.854848702814
0.0842993743587
0.21846836003
0.673897927241
0.0471729704873
0.684262314796
0.304000645031
0.726875283715
0.957433686379
0.720786761507
0.853180855238
0.611290899203
0.662949329214
0.911893258449
0.449358016046
0.716784711566
0.626458768587
0.877170331504
0.486420130062
0.798691965952
0.590698830376
0.27588859702
0.903000532333
0.116531421541
0.775664783824
0.538295899149
0.950385734416
0.626193762653
0.589092631564
0.0878494473436
0.949111527583
0.832779130713
0.619040000884
0.214262614602
0.0868590270757
0.487826806711
0.0994169280162
0.60796115978
0.0900904230051
0.857914519954
0.416483989516
0.529474760362
0.0974322642364
0.703321500634
0.575119714117
0.0386196730374
0.521720389912
0.0988076897928
0.418569807066
0.742622917006
0.935853396978
0.510187735114
0.958347948238
0.663861207706
0.243048426316
0.246910331601
0.212103216588
0.55321922124
0.676948263043
0.288923472427
0.705113094822
0.301265145222
0.744702429002
0.695512338794
0.739913460917
0.257052133922
0.297362736779
0.97775063434
0.922074237793
0.23476576976
0.375125644348
0.45314362292
0.61367366038
0.86749926916
0.437156646995
0.79754972015
0.794642426858
0.607377402729
0.269676529614
0.946986345756
0.184553788825
0.65872226966
0.416120986521
0.853485023802
0.355082088912
0.210313694625
0.664223504169
0.702706142439
0.340817498821
0.103313765237
0.663559144473
0.28324328749
0.950702633626
0.376421588141
0.833439126569
0.479532010131
0.708522097662
0.804108934574
0.144270487692
0.137634686124
0.103140773562
0.933466861085
0.435585034624
0.809863683825
0.774211971753
0.685698830363
0.262185256406
0.476542357236
0.183558312611
0.314629265932
0.85272578585
0.925438680853
0.897813369146
0.88065288015
0.93551840788
0.824844234386
0.902885657594
0.629856714943
0.225588875297
0.836855687054
0.888642750689
0.317043054644
0.591558157436
0.895813356361
0.933519335036
0.339872705585
0.544722726774
0.0778935068548
0.329311530855
0.305278350625
0.821313513796
0.679404932986
0.613958804469
0.713625068979
0.0127048973316
0.455132816157
0.523221073692
0.225103304449
0.579923591893
0.850109464005
0.569888009155
0.938672253486
0.55314155406
0.335910280498
0.547225985032
0.098400445049
0.786032168818
0.776062175119
0.531679104628
0.645605099179
0.857920228231
0.300286527431
0.088640370761
0.306847149289
0.788253312049
0.801682540259
0.385445991932
0.355986516643
0.986006587923
0.698183969116
0.277201531608
0.943607152557
0.845731796483
0.97685215528
0.598112988017
0.830694648475
0.872058201656
0.422984007095
0.261616206689
0.916483861881
0.795359791485
0.243060207666
0.785673176001
0.731115477512
0.867730709441
0.995913137075
0.0679479378832
0.884536662421
0.68594531615
0.885181707956
0.831229630827
0.246907688502
0.99131686392
0.351998910133
0.0768867367091
0.42922688234
0.775139474036
0.953735676605
0.663842523813
0.857414771607
0.107744124946
0.974460251432
0.329219247571
0.119799947732
0.55119342767
0.77033746317
0.296038687347
0.516565551463
0.521644356206
0.940137190751
0.126522568367
0.920105353817
0.191293747856
0.565278748203
0.687118115982
0.942601664733
0.345602389575
0.956516854645
0.048872221409
0.216817667653
0.364460810852
0.102089193522
0.266606190558
0.555807101516
0.125528926303
0.0833750024614
0.892085621366
0.844824030806
0.454694464851
0.401583623926
0.562081921801
0.939040985269
0.418856138713
0.957831818174
0.355536247529
0.712208890767
0.943996336564
0.241919348529
0.666414966084
0.325211116498
0.833925415217
0.715980383329
0.662889511601
0.697886222542
0.648824393611
0.159374332774
0.640083529527
0.52936262435
0.764923211326
0.696106912047
0.0882592938754
0.66615101031
0.314851953146
0.0971507385536
0.597597060998
0.00636125378829
0.0636063470029
0.942860615878
0.875742002548
0.491080135988
0.0921320608832
0.0145003961041
0.0915052127104
0.39136671175
0.641776801149
0.434156819627
0.542777106387
0.318066406498
0.576724851671
0.854728409868
0.696634052287
0.294110883974
0.196090060467
0.768483517465
0.625424540147
0.00971725703186
0.186237987191
0.809033082896
0.988575057073
0.190784809719
0.219789663416
0.077235458405
0.282435974055
0.0844574099174
0.264310424505
0.840391872198
0.701416617585
0.00668222149505
0.85249448401
0.450309314457
0.244843621384
0.435194044259
0.142386872901
0.660573051508
0.226343034879
0.256927738331
0.640083529527
0.127531488718
0.265946724021
0.0671483093545
0.749783782443
0.536314345206
0.814379411667
0.358583752632
0.0218024699396
0.995931119367
0.154488091707
0.889917257958
0.557552642656
0.683691298296
0.56097344279
0.747368694416
0.711596336451
0.781437276287
0.611580243963
0.950385734416
0.943417291899
0.232417284649
0.762323638565
0.943780342096
0.922661041971
0.333515089844
0.581866833056
0.995263850538
0.634854925026
0.894953344101
0.16699800406
0.807051613615
0.289481336843
0.787446553805
0.147390366996
0.968925853229
0.0864404053325
0.170036895305
0.661726209162
0.683914742165
0.883475714346
0.242206595784
0.0793422276281
0.9332608755
0.0596086240447
0.409254197185
0.258706774045
0.639421336679
0.157861179604
0.582564681253
0.33072107409
0.0693354245954
0.602583395352
0.666931317267
0.202957376051
0.0303203943185
0.962147975199
0.750683069422
0.597597060998
0.465604305312
0.330530748481
0.265303538061
0.0436031800931
0.802746843896
0.598548908826
0.0499278270256
0.640801266143
0.29444844543
0.480467872542
0.667222610316
0.645909189307
0.87789217281
0.299980773084
0.563603207783
0.756373642016
0.564759252107
0.13655222915
0.940022703476
0.0326926489495
0.553471735731
0.754610966801
0.52808031471
0.644806108457
0.105115972465
0.769370372096
0.206889906786
0.677022192962
0.938812975881
0.227496028822
0.722163856976
0.0508719478815
0.821298056461
0.652832413417
0.467805718043
0.724965812582
0.253473152444
0.0688541896808
0.0541440902904
0.701974320446
0.0692134532822
0.839177329621
0.278431808903
0.0435788731379
0.313177815072
0.706791308745
0.314843998557
0.611137373122
0.287876214265
0.818603148066
0.513369332367
0.711258943183
0.472500831039