0.0981536542684
0.706494902053
0.131412242059
0.136005730862
0.601384503978
0.217891494182
0.517003246919
0.93242817305
0.0645573025755
0.932624905901
0.199008240553
0.874297571367
0.708141077024
0.283068010763
0.80962920002
0.687672194936
0.907481433951
0.451767063864
0.755248536093
0.292551153533
0.768113618147
0.1822462592
0.620705212512
0.593543532242
0.139630407941
0.050720716601
0.125493434047
0.363951542651
0.0769127656625
0.673228188686
0.0562752076198
0.948154663063
0.737997217293
0.732251181832
0.803901749701
0.600976394026
0.613419864845
0.321663587042
0.715855503288
0.647365214525
0.499173808361
0.286419250258
0.473083638414
0.918455078654
0.128816011237
0.558320645958
0.637685397394
0.218445094367
0.196009661884
0.579972874458
0.174740579208
0.265739088729
0.125954963681
0.612105558831
0.846877734389
0.125895695952
0.0942320050439
0.591503321476
0.137122551594
0.982623515324
0.390361025446
0.60023564451
0.161057100639
0.403613878326
0.348466057284
0.233276365873
0.385106801538
0.202953356722
0.286295697348
0.480283425054
0.934257290191
0.325158527165
0.148291573894
0.438665829744
0.669068000787
0.831403254564
0.240966488767
0.628503499554
0.51714670193
0.0212016482926
0.317793045814
0.0611892212456
0.237762246908
0.590865054623
0.661485577092
0.409000808066
0.622179692338
0.311380285675
0.891838627125
0.783856917182
0.178793804875
0.57111359921
0.954119678935
0.844041064653
0.311204900737
0.258969602844
0.893542950308
0.626270525083
0.805951503414
0.445658459562
0.317488444031
0.933540103819
0.904985728395
0.50533528035
0.523241866549
0.357661520453
0.486586189344
0.564097524938
0.242355668176
0.840162691873
0.585745810388
0.143217159077
0.856094809968
0.469364352183
0.908284251274
0.813083206691
0.627600727212
0.940810958993
0.814356736107
0.779678701465
0.779772140276
0.58850300207
0.039711618201
0.85973735866
0.855330449019
0.962390542788
0.516360787946
0.0407096818669
0.718432873892
0.935231861371
0.612856994563
0.146676649887
0.0973494239851
0.826339106849
0.0999179508543
0.681202299352
0.925525364628
0.32324686505
0.878036916699
0.234530051054
0.889558636522
0.902869334978
0.649242145507
0.82310601646
0.30361613604
0.0199938482639
0.0446731728671
0.0628593903257
0.48780152201
0.875741328186
0.38558998369
0.121348033018
0.924616898933
0.897994785213
0.423422115502
0.207642614914
0.614677141966
0.96572679918
0.747795096994
0.277413740623
0.824182348617
0.293124835232
0.823808116652
0.424521961284
0.694040716849
0.398768777083
0.674194140851
0.93684913723
0.334872429884
0.148451563597
0.524060774132
0.36853333569
0.0631981345262
0.810225951463
0.170726153654
0.273905432365
0.425420109621
0.921240735321
0.533994881568
0.870191047914
0.831185853655
0.280272018099
0.777661410015
0.348746503592
0.280289949817
0.815709304173
0.182499781719
0.108714480719
0.417956787529
0.922913971953
0.897765125478
0.511284311617
0.0283686901997
0.634111068314
0.834179440094
0.84417571537
0.317193815554
0.933045679945
0.941276397876
0.336792941309
0.73663930373
0.875726095634
0.326940984065
0.134828241808
0.905832531092
0.0726207041964
0.16281818065
0.910678398647
0.0116120462009
0.113571959969
0.968661224284
0.74185723772
0.747622081967
0.652642834968
0.873981455943
0.51714670193
0.865176634564
0.911805627858
0.817701684772
0.153047875264
0.74587859353
0.932709138853
0.63643421823
0.210507619175
0.28634501018
0.671189588818
0.945797208434
0.0364305785825
0.757449147515
0.457166072449
0.0246463762485
0.18949378065
0.150537455214
0.910495132498
0.575555431617
0.594009533291
0.0801817155067
0.326097643994
0.35852843663
0.60990891917
0.927900429575
0.233572578081
0.365703275285
0.791371908944
0.0221233501207
0.682803006302
0.0724846310797
0.970907322639
0.952140942848
0.524116759781
0.925437862771
0.948894401705
0.225297091833
0.279038925296
0.238796327543
0.0643148298193
0.265419999638
0.104250723939
0.500774377863
0.876730920785
0.161727125009
0.953648282849
0.664932166656
0.927202554331
0.732139740827
0.14173997513
0.866344693964
0.167191706799
0.790294984544
0.844539345889
0.899585011381
0.911599682787
0.385667139997
0.181001726853
0.809112603292
0.231987827302
0.940965284433
0.812650905774
0.64196300803
0.274292442066
0.159401240818
0.761788177354
0.943091621855
0.794770256346
0.486190020558
0.674380714386
0.633431699555
0.924268318886
0.663011478632
0.307789568916
0.876907310077
0.796235311355
0.914597653594
0.122663362705
0.976629725138
0.389816485489
0.933575630613
0.940414782918
0.892020817286
0.711374721134
0.0281863813867
0.661485577092
0.712741062602
0.175561455803
0.954448696562
0.0919311606829
0.0182208759781
0.40321976339
0.667991830599
0.131194029507
0.400867995907
0.160365077615
0.27877437637
0.705341969799
0.700991589578
0.860708488727
0.795519008558
0.187914240691
0.101144941352
0.750791770254
0.312149593227
0.725608168038
0.113765357163
0.864252561408
0.964038812304
0.0812353195029
0.268714407484
0.586908855658
0.790188620125
0.385106801538
0.0729851493075
0.128816011237
0.770011294476
0.112527900895
0.922220951806
0.89599224032
0.665452694796
0.814471373102
0.577392797324
0.647014967634
0.964473922071
0.748178078094
0.875305060996
0.0632896359217
0.156629663696
0.238653445222
0.890390941039
0.486458515184
0.327164296721
0.0433687325318
0.775704942296
0.459454798505
0.770968952401
0.0297052006358
0.420059147415
0.62995848968
0.801665964728
0.755673222189
0.0812712662234
0.970374782976
0.597046917358
0.65187002559
0.759000048707
0.0490994938844
0.927071841674
0.0279412805265
0.0887334691474
0.435888949353
0.801764104789
0.77409919602
0.265343886102
0.0895805281083
0.884424282422
0.313349255186
0.637986117343
0.918230925302
0.816972000506
0.605003827949
0.181562099147
0.867413893197
0.28491267879
0.450335161671
0.966015314099
0.404007680721
0.0547588852212
0.62798841422
0.267217470857
0.456514293317
0.770707271049
0.93050904912
0.75686898569
0.148288391067
0.154425813753
0.240987241653
0.408516274215
0.385893986523
0.443815722538
0.201540502176
0.588643147742
0.0144209319743
0.851600754935
0.568993245038
0.46928190889
0.161064396791
0.716588064566
0.958030700376
0.460965573264
0.932340373302
0.768378746864
0.054443835097
0.117244218817
0.393450771737
0.734237958156
0.844923344372
0.701596243105
0.0331770807425
0.594384938669
0.0955638624547
0.796190422299
0.93798568929
0.101429078636
0.0592444232235
0.885112730413
0.071351879412
0.0193523405925
0.144721098026
0.258660192363
0.670051224128
0.75792196894
0.839453855145
0.127312231276
0.247849503269
0.814283114127
0.329590307012
0.433598780692
0.900703285643
0.516711195995
0.597947519361
0.106499276134
0.698151466981
0.554639975258
0.577568971454
0.0493956314529
0.446489698533
0.675170463167
0.946081225691
0.208910627378
0.533264009888
0.318999791092
0.274229288389
0.16760899589
0.715017420337
0.959107442758
0.693334910151
0.484679047119
0.0855323846941
0.261906528747
0.424860705464
0.0726835662785
0.294686148109
0.540302693715
0.855755918582
0.33151994517
0.312211320577
0.0278200161916
0.0221248397925
0.212304331813
0.494815475525
0.840805464727
0.856766055702
0.770696120822
0.88177819861
0.679696940138
0.178239296393
0.331445556422
0.0218047245441
0.790242640201
0.830518666885
0.660324811111
0.933575630613
0.791686338741
0.988253597207
0.205462547322
0.900095031164
0.596336245229
0.0852708868792
0.0585604669579
0.244963450571
0.891720431833
0.616906920813
0.103170149009
0.165386091873
0.91668330314
0.267535697335
0.707768303251
0.904763417042
0.705894695825
0.852772149901
0.728947824461
0.683445718852
0.605793746194
0.263737789643
0.351993339233
0.877513201847
0.908011456408
0.492814948532
0.126700983953
0.879865135851
0.0813465014699
0.0527246788916
0.248906736843
0.151692856576
0.0673931289154
0.396628703048
0.0845869332651
0.028230986298
0.0241393249603
0.894410755348
0.937971608282
0.541177307398
0.729319209163
0.428588117007
0.830423168005
0.937412726392
0.636434401038
0.396693360743
0.474298316117
0.599108333593
0.832067592218
0.169839388036
0.909779505166
0.782787820512
0.715237312455
0.762676836875
0.143097188298
0.835563549213
0.724079257788
0.237015349205
0.139550549365
0.0261277067759
0.109737702807
0.80016391759
0.405785035243
0.808924621444
0.704684366047
0.193759727105
0.53342845187
0.176426843903
0.811847303655
0.0182428554977
0.257955842629
0.0886651278747
0.657859108116
0.473555903998
0.969159939868
0.0221233501207
0.930886873337
0.859942452482
0.877815967512
0.255576520868
0.943085657856
0.543546214358
0.415022227536
0.464667912507
0.914597653594
0.113947648884
0.912286223622
0.370556805666
0.0182419148347
0.847526324766
0.936919967264
0.354121741481
0.969705003545
0.0772836399021
0.961395466529
0.0771403998368
0.0198155485174
0.71017073513
0.0180488440544
0.959168870261
0.864139978494
0.929567081081
0.136594089454
0.262013331576
0.350708774088
0.843863984677
0.653587643907
0.0733097149692
0.078727037466
0.372058009745
0.540030961375
0.463229267397
0.0953195176189
0.461777188504
0.654798862136
0.173161674941
0.490464431306
0.722598096071
0.0823957459475
0.595152235508
0.513982276934
0.886829085722
0.361661477611
0.87888799586
0.0422271152266
0.276487910853
0.574742846763
0.0815960875074
0.105102168802
0.768646234251
0.743704053156
0.0657234726963
0.411281724372
0.264692209397
0.369542646037
0.676486785543
0.129789845475
0.0562917205512
0.410870758185
0.766842634657
0.910678398647
0.123429260718
0.822927116871
0.840944290568
0.0531539525627
0.239298249995
0.973772767044
0.0945416741721
0.250436252931
0.813272269591
0.841091774036
0.923400039651
0.084266510148
0.226944946813
0.522204756836
0.660388222032
0.421103395869
0.433236134217
0.940800233523
0.131608230041
0.765894191555
0.831487604755
0.0729681133315
0.119707814614
0.968082634386
0.681705037746
0.716391747799
0.355934529169
0.669044273347
0.853272248284
0.948109065415
0.439783809223
0.482249231242
0.117205439228
0.167919667994
0.950614590263
0.349823485027
0.365324540757
0.0183709262507
0.853416602836
0.130178112303
0.708884122587
0.727680987943
0.59262766996
0.168393333597
0.0813517906157
0.243470508538
0.476677397274
0.375275637923
0.965593847358
0.80164577985
0.0166152296187
0.0953991971831
0.691390793217
0.468287869843
0.038056969216
0.152921426327
0.0328472599485
0.239099050632
0.844400777578
0.483947068052
0.188759229919
0.553828216275
0.705495989255
0.943689354177
0.290431998926
0.479799442563
0.125503428159
0.471280556913
0.388671303547
0.969772257364
0.104239908536
0.803467673892
0.693529020179
0.513801588749
0.78870895866
0.817728855255
0.924966818031
0.120777499169
0.952910828017
0.673946128877
0.14597497433
0.430434525214
0.217012072155
0.691563298767
0.153156223499
0.139667582753
0.376287023187
0.934308020208
0.905840081416
0.421116712962
0.0275472882456
0.617591705251
0.624088223577
0.143332641298
0.244434697164
0.865283507876
0.906357459952
0.0482875017463
0.621301594812
0.641029759898
0.406997400173
0.409843286133
0.0498676537242
0.330269698567
0.862640949167
0.390728010316
0.222466831012
0.126799407309
0.508578147967
0.314893955788
0.721831978511
0.85240586394
0.84059295367
0.213514061639
0.439942631313
0.375868059561
0.0476146183694
0.10106622713
0.176382001484
0.558403666591
0.896060009711
0.338572141365
0.832563455829
0.648535153139
0.943622216974
0.390812298167
0.229984034175
0.799406809577
0.570918336913
0.0670534632294
0.549998966772
0.035008320677
0.340244305694
0.338578816364
0.89731904847
0.704478293686
0.31445284565
0.796941355597
0.925892674989
0.6985935577
0.625855206823
0.583564761393
0.355037315011
0.334618681864
0.486266817147
0.207769778425
0.259257755095
0.86409737477
0.877163261103
0.688202054507
0.244232079105
0.129812586573
0.424504696475
0.0525010652541
0.494348616326
0.105992602469
0.941852236696
0.0747504845907
0.0646178592659
0.904951079791
0.776770483325
0.361457349388
0.490788722788
0.622072020128
0.741316783426
0.81537080339
0.0978793951538
0.467081617765
0.886570085226
0.608938743421
0.815878451538
0.0421947962507
0.286932019879
0.55364582598
0.969184610682
0.376996570813
0.0758425596413
0.116629429694
0.075409061839
0.798033163509
0.616441839258
0.116709011514
0.429445006924
0.258948808496
0.302038733915
0.212849456285
0.593777911578
0.621526916853
0.44507447837
0.427988730954
0.865393346638
0.53939665687
0.58697100693
0.833846323058
0.154878956205
0.85138784373
0.892495097604
0.16918502046
0.2304938117
0.293910364567
0.484726819769
0.77622039357
0.0422122333151
0.31206836094
0.0300471255425
0.576238048073
0.805428071546
0.365324540757
0.781107338187
0.094996345182
0.867041628914
0.959012247864
0.972194747819
0.118469323975
0.727922760374
0.781336903515
0.832081740833
0.0626427941706
0.332301684581
0.527663257133
0.275773185129
0.262014901922
0.592164658352
0.932328865339
0.92262987029
0.532227989437
0.122378546861
0.626622964775
0.592368315317
0.56639535368
0.871596303202
0.9755600915
0.887079885101
0.272341924764
0.71682106504
0.903532414191
0.758332156226
0.853886621829
0.613498717383
0.887773872467
0.637741198885
0.348641986056
0.049614956198
0.672968504596
0.0392866016917
0.727435217783
0.881050293232
0.861083435893
0.274158193061
0.909046773308
0.0137945435313
0.523833837497
0.947128006974
0.0698076813719
0.943279538068
0.988165997212
0.16040299506
0.93928512307
0.720084117052
0.771263957108
0.789389880852
0.921262481808
0.322776067156
0.963533479614
0.287014543069
0.288615808428
0.149047071969
0.917504510693
0.160741033858
0.820262849818
0.474768608213
0.788902954692
0.36475213903
0.874396784481
0.161424634604
0.168672452256
0.199985636114
0.0779638047686
0.0775130720422
0.345594895905
0.894938091794
0.888720842115
0.586477506299
0.497145131531
0.710327551629
0.382382605936
0.123144326263
0.278245056375
0.914668105897
0.68795441209
0.755185532955
0.760641444911
0.115121339859
0.196935186808
0.202932605653
0.518250020361
0.503871496359
0.757458471732
0.871212404984
0.897989844347
0.0305602183994
0.110653855219
0.207873026991
0.120194354353
0.17260791132
0.457755516449
0.935486287101
0.10088317321
0.641987436676
0.222673974227
0.0665579988957
0.195044313671
0.753013937382
0.720399010202
0.3358704983
0.451246393963
0.0812712662234
0.878402985494
0.203632620341
0.0823248698333
0.821694711116
0.311508858694
0.00986747998126
0.451233794357
0.348941320121
0.265289979406
0.286985617479
0.0953202795274
0.462873711224
0.158653621632
0.610787665291
0.40623325519
0.382382605936
0.059146180632
0.699841205394
0.676744707793
0.0223807886363
0.888914518449
0.145630605938
0.958609197217
0.602044923495
0.947910874106
0.0789135691417
0.917074449954
0.840327233973
0.885437846038
0.779474970631
0.311485213229
0.938317849238
0.606876283559
0.581892772352
0.576427842423
0.846784834157
0.50290517141
0.271722509605
0.131869668331
0.0692870372529
0.916789186094
0.945005494187
0.816778492604
0.508328452794
0.346074585745
0.903586039216
0.953544327037
0.102518807137
0.776839505327
0.288615808428
0.903937703407
0.325916409677
0.440547466474
0.309784662634
0.808902188161
0.146492121766
0.26977726174
0.681995883868
0.828279523477
0.600184501387
0.481533312258
0.818459293288
0.950113424778
0.0670138362832
0.949786401212
0.313759239365
0.886484267198
0.457756639232
0.463445093323
0.900574476748
0.811609217665
0.844229927243
0.94731077927
0.414285429474
0.125479184586
0.551258162008
0.293604898202
0.894746858406
0.0288478444277
0.331983020705
0.861893330407
0.229222777829
0.379445139864
0.241663299737
0.640728544426
0.339349451415
0.818248298703
0.462908908096
0.116403936294
0.0623598650414
0.0218796729551
0.899585011381
0.220273441503
0.869080130283
0.950382131658
0.523277398558
0.826286235016
0.231941153553
0.883286315191
0.398026301756
0.403260617508
0.241250472386
0.211405263141
0.881486714488
0.693982467513
0.315076596721
0.623019191755
0.705879157385
0.0982772356352
0.0741857679504
0.950498119888
0.602868066523
0.882515787381
0.213663916245
0.200453825562
0.371381532074
0.0827598739798
0.543456636755
0.20145437405
0.784648704296
0.0266876382983
0.913637415843
0.730081061129
0.0657909945428
0.81188550129
0.753819220797
0.26825555417
0.84533507333
0.822190709202
0.37789739661
0.496775670181
0.612251832069
0.896531142664
0.84225588366
0.125485360154
0.358178746488
0.389490535317
0.436128266377
0.773042883285
0.526870804589
0.0386434835216
0.0421140416282
0.964410860704
0.163075336711
0.432927456743
0.0410526863204
0.317770853211
0.361082487279
0.0296279459562
0.320459647286
0.0979559458002
0.915883034839
0.473954006265
0.617403617045
0.653337252556
0.827861082448
0.262014901922
0.714254758145
0.906726413534
0.829501983085
0.921860151588
0.987308913448
0.843185878898
0.426376809396
0.559413619414
0.976027277753
0.826576287159
0.165325506529
0.840218807633
0.0877784699577
0.210989459802
0.435326026589
0.201907545508
0.724115393293
0.227115400538
0.557679432166
0.124316895294
0.769882735064
0.0389703610196
0.267535697335
0.106338252914
0.259614286787
0.835936818334
0.648146499878
0.0399618173137
0.689472055307
0.372364016156
0.469208260657
0.670685280371
0.311999595009
0.142721030487
0.285056278455
0.241663299737
0.903532414191
0.243399424767
0.951425765913
0.490043099878
0.146576552415
0.301098239156
0.685048292901
0.772986745819
0.311204900737
0.670717187597
0.503208330585
0.207247523573
0.083371038029
0.966369481642
0.780270251779
0.903673126543
0.350901033984
0.773756754266
0.300888383837
0.108334916087
0.529732163777
0.853531486338
0.387790569303
0.87976764173
0.764627714496
0.338021637452
0.38581986018
0.504580144623
0.792649233309
0.127985067402
0.724028036674
0.182593651748
0.706652454373
0.890616189739
0.0332497573269
0.0899260904592
0.351694381675
0.289122959237
0.144142625943
0.326698370029
0.0534802924102
0.105808509415
0.244918623927
0.834642260654
0.186900775939
0.222458923374
0.00596732759817
0.121694530789
0.752795426441
0.821056396167
0.177056088247
0.961588275378
0.479704706841
0.556462376099
0.27456784895
0.14349622521
0.116044255634
0.830826775679
0.151870127853
0.351399312847
0.676198962408
0.844074135468
0.977224299327
0.322108546312
0.916346005989
0.380627441434
0.403581024512
0.896553722487
0.614677141966
0.181409613286
0.0796434423115
0.858980729936
0.646947820115
0.94949834009
0.341397272828
0.266869304828
0.0515399902844
0.648186543314
0.635590973169
0.102652593873
0.302952823729
0.510185144572
0.452872103634
0.601057127892
0.258569405268
0.924226315546
0.20265898021
0.941703807444
0.92728528238
0.697623510182
0.817111190457
0.893520636583
0.187920636528
0.235258521983
0.93707241989
0.691486374938
0.171401228259
0.887128780425
0.856160734153
0.246816112909
0.580508384662
0.87126162002
0.308024639076
0.477146151912
0.223875148505
0.111055483629
0.362865114307
0.0219619756282
0.297319755551
0.12387249342
0.0694539359623
0.103485572362
0.830874654609
0.546939360628
0.224384488761
0.699745491416
0.659294953237
0.961676023036
0.864728778811
0.2551520118
0.405785035243
0.331126637747
0.789832157415
0.244208932683
0.846136747759
0.927885779707
0.9522487816
0.888863296585
0.482105535782
0.911710874967
0.0974890799814
0.682474526144
0.151454717785
0.29806129528
0.0916056283338
0.915169547243
0.236602484165
0.932879710156
0.843663762473
0.193354777926
0.868229484417
0.825274259598
0.688554464614
0.125008540863
0.125511804223
0.763582871502
0.26931565882
0.916239594707
0.484498286
0.104186706733
0.256777815459
0.950386487966
0.322814663004
0.259412692069
0.84386663862
0.644827004241
0.968351149595
0.187864386952
0.228787397843
0.825952013863
0.195777859416
0.134423143198
0.211019731525
0.962177570626
0.965831758385
0.141166314457
0.0648733362787
0.385693200989
0.904298360185
0.121722218619
0.032559359879
0.785159104082
0.409282709842
0.447491395825
0.690991843312
0.501099335159
0.291942491599
0.718954464
0.314731435997
0.647514606222
0.148291281276
0.223221848992
0.600686183277
0.0644777326878
0.578310440399
0.957410196785
0.794661677656
0.809840047148
0.810321220454
0.895837075108
0.783582331603
0.281491373518
0.127008452382
0.31699772441
0.91111789153
0.109564576943
0.194557414201
0.119602944573
0.795754510846
0.0375733254142
0.933045679945
0.664185437437
0.87222727057
0.954214281332
0.0382175834497
0.803621042087
0.077843105653
0.255863299507
0.771237658205
0.0847272977238
0.402454722915
0.224694518317
0.0903315890402
0.986524403112
0.787094396229
0.0677267287147
0.464547038585
0.523108956634
0.966676279121
0.29058678578
0.250506184984
0.225229398632
0.586628991885
0.205619533162
0.492447861011
0.221970183143
0.78902746484
0.227847279962
0.716692157981
0.825140515617
0.740630110942
0.867566431125
0.454786200519
0.925795857929
0.266905355801
0.836355994923
0.0435975343575
0.163075336711
0.895609687531
0.48590399475
0.139630407941
0.730089825053
0.757336291391
0.796007339915
0.883046706299
0.133652515762
0.735666398948
0.619670891372
0.324341175758
0.401856735242
0.121146823178
0.736921098423
0.210420413029
0.0705931054702
0.771947763809
0.322233628491
0.651790981879
0.923706603628
0.551162950114
0.0110766075703
0.694893015441
0.908699234198
0.289456493659
0.466636990162
0.817011343986
0.168776041015
0.289733088852
0.927296630851
0.534789601656
0.361381106423
0.49960152945
0.698841381478
0.194174887832
0.662016576014
0.759214065503
0.857886278203
0.212908559536
0.553585838999
0.957623707281
0.845432227871
0.0246902769495
0.131194029507
0.0578120287379
0.47637255573
0.954711911487
0.90307891125
0.527149073487
0.494040620609
0.65912760809
0.44332542099
0.129988243295
0.0296101916725
0.317484901203
0.97791601358
0.468428284455
0.826449590382
0.0164485343917
0.730246916338
0.842479236026
0.868207147077
0.802827647028
0.172953667363
0.451560516315
0.929851615185
0.715723136494
0.34537013945
0.814450605566
0.905319450289
0.563780339326
0.762535213878
0.4168939761
0.882967587379
0.293006390313
0.941040966987
0.887517620781
0.888245575836
0.507024348845
0.287018649316
0.396130663017
0.147620969008
0.616396582853
0.752998800634
0.1241903819
0.0794626558425
0.696392300621
0.694571927159
0.69918148718
0.102990006711
0.287474507783
0.387444993918
0.682170526327
0.7098797052
0.276946965598
0.178769255645
0.807199224323
0.379463964214
0.40135073538
0.980200787823
0.753697591033
0.10964988257
0.0630588499607
0.544401889739
0.673253133877
0.963336021812
0.610862139884
0.118080911788
0.92746037449
0.753298104484
0.906957262147
0.833714281356
0.967886854206
0.060675146802
0.84205385893
0.334556108394
0.13920014447
0.860418262581
0.766787315374
0.696977737353
0.689184494018
0.637763566766
0.665895776915
0.638695256594
0.890636935254
0.0414040503428
0.674252411303
0.810260145807
0.31364667316
0.779480825839
0.269660279331
0.309179058745
0.285040845466
0.662912482429
0.937893721117
0.729662331717
0.511585128925
0.911342748328
0.931114325437
0.404693945751
0.796902910727
0.138228234535
0.785651585574
0.799362410898
0.297268396916
0.874638401305
0.432307603316
0.521967948656
0.580638493351
0.697470042838
0.808159074084
0.289174976069
0.758653004347
0.913915159787
0.412118872756
0.576162654606
0.810906229204
0.0983197148347
0.479149182748
0.855810636476
0.41855663928
0.407801933571
0.756448860464
0.398776968825
0.180579077132
0.905181965506
0.378214386689
0.0282803895813
0.420406658169
0.880100845093
0.277018938916
0.72079169705
0.120535703403
0.163344262368
0.91228536162
0.867092994552
0.659776613935
0.508901372652
0.186963307895
0.545852082249
0.173313575885
0.747778206121
0.0991877515377
0.971197341792
0.642666305522
0.388006717224
0.153165161723
0.107616749506
0.97050519446
0.464593694923
0.324659256972
0.587917544451
0.16169019934
0.583807276275
0.49778462553
0.160847571639
0.310347593418
0.863735945363
0.883241338391
0.0970424364783
0.698652538225
0.594886721543
0.0618543520059
0.78337996969
0.435254231103
0.674655644445
0.604223213475
0.11230975209
0.199534051486
0.158788848018
0.288005658245
0.329296764637
0.9324618753
0.753143293935
0.0682322616845
0.0928001662036
0.0285091111708
0.846784834157
0.398851521095
0.674425871171
0.729196229246
0.225394978754
0.815110750942
0.720271058654
0.772633450282
0.241154515576
0.556187074836
0.652586893442
0.673737496721
0.201249461707
0.454045459732
0.370279730091
0.956457659718
0.274326327735
0.86921057601
0.396385563046
0.0705508377973
0.718232484701
0.403230328979
0.0373144832544
0.930484309921
0.52581409426
0.871074335493
0.0126176575295
0.886095406792
0.0987198843704
0.411146763231
0.890718954297
0.466701786613
0.780310623345
0.29782843488
0.82967664841
0.111006341044
0.19886532811
0.209076221474
0.236649200102
0.924510016489
0.568040384856
0.921906838617
0.359252971055
0.661595343091
0.821541196808
0.416459292889
0.172586957308
0.229005912767
0.917250685606
0.669599706857
0.041600262114
0.738688974127
0.504998997004
0.596094004748
0.931971803525
0.96598053882
0.42857944163
0.564650703562
0.631142930552
0.75996922281
0.823296845676
0.942072371283
0.551563052837
0.30919459409
0.0811729380599
0.972207189245
0.43276174135
0.181113388593
0.852060477506
0.657933810938
0.63720185464
0.893205183058
0.13783574545
0.138842628048
0.555115486587
0.583586756613
0.093645801564
0.878804782622
0.852936756345
0.568294665284
0.212792184537
0.0526231066847
0.308264762908
0.514531292808
0.819114730445
0.939156023952
0.60537002428
0.273527077061
0.726495540321
0.541708828107
0.511806741901
0.817015521682
0.509319563004
0.0982731573225
0.549484207862
0.946551316786
0.663424054364
0.460392740051
0.314447169532
0.787857151836
0.817207062231
0.0652713608398
0.739716991046
0.178433949419
0.887657902283
0.383829915935
0.74646867406
0.191523076316
0.651593764624
0.543854972915
0.0846151716521
0.387278593478
0.729737987726
0.639363046783
0.830663541718
0.348750746353
0.72541532262
0.918946429329
0.219112269326
0.077239080329
0.044403149994
0.521279189228
0.456922445965
0.103308761846
0.70398188641
0.259209454837
0.530791924344
0.903937703407
0.510856823795
0.866273642019
0.80681788533
0.712250859694
0.567429567409
0.937957487695
0.374511733935
0.0270603261862
0.0395089052321
0.0747837943065
0.292829338252
0.67323828557
0.357844288666
0.674252411303
0.634111068314
0.611332164874
0.0341925946608
0.102953571468
0.126852602591
0.331378333416
0.660251739071
0.883319709357
0.62602224934
0.413085046857
0.191491996741
0.572687449557
0.730374195898
0.914633424202
0.842952112235
0.584916517466
0.648405045962
0.857248588149
0.710360701546
0.648321172687
0.383607415433
0.265963458656
0.776075763159
0.527258413824
0.888254060888
0.562142179201
0.244471576951
0.882715058342
0.837094507627
0.240885601687
0.239110012
0.425250450527
0.578993450498
0.807707880593
0.136280093587
0.0285091111708
0.102475740635
0.974590912884
0.293706089247
0.938391696651
0.655583105799
0.0497611033067
0.758253791893
0.172438436782
0.290243300519
0.502201917367
0.949584922117
0.617591705251
0.38029817412
0.452192741652
0.888292535403
0.0176712167134
0.674212187719
0.4732664227
0.965935483012
0.0509631126358
0.0566766489083
0.399881207909
0.516447282801
0.948805013424
0.398102887894
0.738431196957
0.326177187888
0.487102079128
0.905257067383
0.0829290358563
0.910729128908
0.898239600722
0.833958293173
0.357429114681
0.0552205964451
0.0873845104016
0.138908192873
0.884830229373
0.926380621456
0.975340652811
0.253408861302
0.902836061455
0.922919085518
0.738776188722
0.781001026399
0.13594858111
0.473046166903
0.949012632081
0.129320827375
0.761229897806
0.0848682557203
0.188387636095
0.270728885431
0.784272775783
0.497469968104
0.88177819861
0.940032996098
0.428836413837
0.198907934603
0.634201094954
0.599573736112
0.807438133199
0.943622216974
0.531029170375
0.445610898856
0.588182091171
0.143981532831
0.279369505943
0.897536533581
0.343916224239
0.208518317284
0.694889598752
0.794113731964
0.323846801849
0.0923221015781
0.887442197082
0.949929730821
0.0189102712113
0.904457186379
0.110488058087
0.829602059203
0.026792094457
0.537365565066
0.154905165513
0.107980930473
0.815395060771
0.402586513026
0.715114976124
0.206742939537
0.214236844022
0.0743107817043
0.362256031568
0.0838482289942
0.588039173876
0.210053374313
0.89539118835
0.961485842905
0.485179878756
0.760590347331
0.331703836336
0.940074183727
0.181972669704
0.164009606622
0.0506059179573
0.91630054043
0.152582161897
0.800289827559
0.237642186246
0.431584526269
0.070196252836
0.805674396443
0.0798799289217
0.635286026837
0.0612731621677
0.0876948825032
0.310319947272
0.829079118551
0.135533124175
0.618216947371
0.118489852832
0.0582134746601
0.95923752822
0.584596582173
0.349449386649
0.277048978976
0.576733307936
0.589429378313
0.554736225757
0.252668884494
0.441712731026
0.542430627487
0.358893051548
0.195341500936
0.952009631423
0.657595897155
0.351356845088
0.566240025066
0.660269261237
0.0420925137099
0.0737382291123
0.179225954959
0.809889960439
0.909410868434
0.167040945731
0.61280269766
0.0727213924196
0.189430076984
0.224296176212
0.207496820979
0.62201281669
0.371077261487
0.188658234632
0.519193782026
0.916697417614
0.0483468842693
0.112431120916
0.477292270407
0.319803471913
0.251180617263
0.489440414048
0.152050290572
0.168816915638
0.366602462014
0.434136429913
0.86560793031
0.964571388084
0.7407515224
0.822226995831
0.814227368573
0.454687817461
0.536849203551
0.75996922281
0.845707111036
0.453589046022
0.360980885826
0.668940010072
0.979999382605
0.0811045959026
0.784184439191
0.114794064907
0.69773262118
0.761511214091
0.920263676639
0.148398720222
0.0572232981308
0.510791891097
0.671919756229
0.194174887832
0.0584400669979
0.710496009865
0.648547814095
0.418791043376
0.783368594487
0.246684931402
0.686072752132
0.88917490495
0.10234385759
0.203804388472
0.600462628572
0.649759187238
0.0291353447118
0.180960851611
0.842302771097
0.363253164577
0.222761396347
0.493590006791
0.364327885941
0.827588749476
0.444694677833
0.436481496843
0.065443825142
0.108326999959
0.882995586073
0.701691060262
0.917131049709
0.982623515324
0.221518488207
0.0699434860602
0.619340567927
0.661108706055
0.883795758713
0.280438540468
0.917224534342
0.826526274063
0.0550250085559
0.688059180508
0.153737655639
0.666257473504
0.0705519864684
0.595623130239
0.680059870151
0.725187265886
0.377060747702
0.918081782371
0.145820967526
0.20831608684
0.0617094720644
0.624003447848
0.885958747678
0.0625840253604
0.893431544688
0.590342538671
0.385196605536
0.315252275255
0.185340638346
0.911395267647
0.843489429454
0.198733240543
0.306626485269
0.810571571891
0.910445527092
0.0572370497586
0.851160734469
0.606971529423
0.564193856362
0.0222193432629
0.823149560256
0.904304353757
0.0821736171558
0.0399874299081
0.027603234442
0.942696616115
0.725940187288
0.424262580983
0.144103388059
0.946141560904
0.0418324549333
0.93439593694
0.867112405767
0.453434619266
0.906944574892
0.027866843369
0.424781358764
0.589644583481
0.339947280889
0.251722960773
0.251786161246
0.95020899778
0.827086050772
0.414467003232
0.524093033626
0.542807339827
0.797290007574
0.758289965865
0.929101852851
0.287763421739
0.709342964899
0.897911454939
0.0634252879367
0.589843651031
0.826271497898
0.864285044631
0.0394346028833
0.196400455195
0.16874633878
0.733489945555
0.0536779039767
0.54332066479
0.669133735434
0.970058495794
0.714057827764
0.594886721543
0.90121983821
0.535626930284
0.479719642493
0.483449327716
0.29251658349
0.181402238718
0.552047305219
0.937669507198
0.0214564235166
0.534510783837
0.81021310282
0.0987806929245
0.905079147506
0.958697357227
0.940472731201
0.363020224812
0.909334206631
0.0970773489538
0.0915134880205
0.220665215611
0.91263787051
0.468287869843
0.347171095398
0.647135500358
0.72295786273
0.139513909646
0.151940814416
0.665608384168
0.196849878665
0.490994672621
0.580408040428
0.914641798745
0.387444993918
0.650687402358
0.282149708177
0.85311838831
0.497454065359
0.699058579426
0.615728040364
0.803729699428
0.566028494211
0.259066946257
0.844995586734
0.208257322306
0.35613806945
0.184916400421
0.104607335457
0.203128309526
0.443420717141
0.213094180423
0.278981676377
0.165296869443
0.818126650906
0.0851900471732
0.284877165197
0.523051320103
0.34084016973
0.683429423908
0.45416686416
0.0603265734817
0.371086225932
0.958167695015
0.889323064949
0.099672544751
0.0646954063043
0.107346108411
0.34417652075
0.584541924933
0.942136291758
0.107988410299
0.0366939424052
0.815909860282
0.781142160715
0.264240101264
0.913940114886
0.437013668549
0.386623118557
0.111070918595
0.751616623447
0.271784816601
0.688174198529
0.904712758955
0.0228695204555
0.76857412886
0.702283668616
0.0244162870468
0.198835831636
0.251255309095
0.741946116436
0.179557801443
0.0651615957158
0.296604874432
0.916301685757
0.258849840921
0.749683780263
0.258041752208
0.126656758556
0.629703899036
0.550855657012
0.959732848852
0.871496793209
0.277460585325
0.176749587927
0.914571157605
0.36190578318
0.0785606271893
0.31939740826
0.190520766306
0.796811882129
0.157326165597
0.0475988597692
0.588043706165
0.724837159578
0.332264349155
0.308473190154
0.13079434709
0.106447910519
0.475598815694
0.0446654801603
0.581994886745
0.135550235287
0.102393345038
0.689391051899
0.0242758921493
0.251941407527
0.435140044307
0.961598792152
0.920490404648
0.459436483963
0.174295995896
0.819260667595
0.26062865552
0.0641306348359
0.956457659718
0.807959719115
0.878696794722
0.640165765624
0.957703272994
0.0329213933121
0.3502462498
0.707552977178
0.724269734224
0.436988513954
0.812762864098
0.292504739716
0.59667455845
0.216390394845
0.529892049565
0.884901050084
0.55093272622
0.878080897016
0.137653442357
0.95806270248
0.97888458543
0.245644660962
0.923410150447
0.317606671096
0.513665212919
0.212942753376
0.512578300319
0.0527631718299
0.166265199175
0.476744131526
0.733698158803
0.607880278388
0.291044068068
0.854110901399
0.380448046974
0.599450476029
0.467330261495
0.886172886934
0.0857374881263
0.737807995709
0.952466909587
0.840775757105
0.691271772081
0.893770468836
0.0994469454589
0.205294736396
0.855706799519
0.958432916617
0.746759358402
0.226321303601
0.778960610108
0.800930659965
0.382429047186
0.212138817191
0.349220071846
0.901464647015
0.305176609096
0.259791371472
0.889084396683
0.309179058745
0.799358935293
0.165449580945
0.322227913049
0.818053707157
0.685557656566
0.0110766075703
0.311394603765
0.0740975428715
0.721888439805
0.977380315439
0.230131023028
0.221938426251
0.27202977122
0.97274525139
0.938929550133
0.914482215664
0.486783715722
0.130960458751
0.158200268408
0.600303219112
0.96886476567
0.0305709920109
0.483225145987
0.742954791256
0.169008593947
0.93051506805
0.171369167893
0.245374306529
0.243329464551
0.167965729794
0.104125019392
0.337124705498
0.912837186075
0.332095082912
0.22456713499
0.697649553274
0.293939057663
0.540150118216
0.46495770403
0.427247482555
0.387752746597
0.537703846883
0.899255586045
0.938114173919
0.124161686418
0.776347512212
0.0736252720485
0.583008982189
0.233477807183
0.274201250039
0.308827075827
0.0402915111006
0.0288359039771
0.423372422645
0.589538122273
0.0783489265988
0.908339386301
0.602377061969
0.838932057683
0.149215179245
0.0646178592659
0.896234520405
0.512309949346
0.369224671386
0.879422162793
0.53342845187
0.565032436551
0.716080043046
0.559646178665
0.224960187689
0.684321409125
0.038109067842
0.126852602591
0.289762784624
0.828653407952
0.830200958819
0.74936186537
0.936529599131
0.889780210768
0.080458254568
0.299670485807
0.754453915483
0.287454705392
0.595809165559
0.776681821297
0.278949683595
0.218142379108
0.258319543825
0.106528605797
0.733144258837
0.89735314325
0.388893281452
0.252888615686
0.0125605559865
0.772931947653
0.918138934576
0.790736079855
0.561161647473
0.795289467683
0.365840792549
0.627440619424
0.842824166971
0.847575430897
0.772384423945
0.48466217673
0.694269177036
0.205115262723
0.575854710181
0.862971064126
0.817663336903
0.397922900297
0.953616896094
0.758618269175
0.309017507723
0.372941444792
0.553864300675
0.816161614223
0.746358767686
0.297768828451
0.684980143095
0.17198499547
0.968045644819
0.45103240061
0.108687606661
0.117791941649
0.0743107817043
0.894171965872
0.983979551152
0.588098944098
0.354453033506
0.405290705932
0.120685687753
0.277885690023
0.73434686247
0.798462279089
0.141314393724
0.256787319072
0.531666323037
0.0480219337752
0.127094392566
0.815202471446
0.62201281669
0.717762041926
0.258137727238
0.899687011962
0.519763022802
0.499703320223
0.753366377468
0.0429663480527
0.0356267523093
0.0357775119044
0.361719443915
0.0331091175514
0.658788638755
0.462043389264
0.705722151362
0.135156384839
0.678792135383
0.758124504134
0.300495149386
0.30007788533
0.597686714674
0.425047286376
0.0521189938032
0.44706065395
0.375307330448
0.445681355391
0.943206243634
0.865463867853
0.287407975327
0.207884211505
0.559019581742
0.131979305413
0.173286710985
0.92651561041
0.7665019483
0.668857628141
0.92493466766
0.148799597348
0.514661302784
0.279421997064
0.82922525054
0.887547161938
0.139735012442
0.954793573004
0.73766222209
0.0727307967735
0.18926039568
0.529823258699
0.564772813708
0.518479243631
0.105313874063
0.529003139569
0.581518855248
0.946086076587
0.229021699596
0.416465769455
0.6116680022
0.136770995377
0.918213036323
0.975085262177
0.797743981406
0.369542646037
0.808497812243
0.267881367879
0.577392797324
0.558574925972
0.124630234922
0.773088399301
0.548609589903
0.216384330274
0.835270943112
0.535671679566
0.811878355136
0.685015022968
0.395847064134
0.878361071426
0.91263752776
0.79945233387
0.0644317450656
0.921488935949
0.357832598626
0.170150106079
0.552928373987
0.464045825489
0.861904894585
0.119628926251
0.92699697205
0.120614284656
0.0797583819232
0.857550428667
0.801527593851
0.77013796943
0.686925737762
0.843147403438
0.0156182681745
0.6380484991
0.0264171356431
0.314384500867
0.447367885493
0.308827075827
0.189026942047
0.655487675327
0.126870212299
0.952542201573
0.151620493735
0.214478353271
0.15680424238
0.518736067193
0.664214344932
0.63504086889
0.210989459802
0.640763031182
0.69802231855
0.0785380662873
0.774911052419
0.0119441533364
0.710788107593
0.297263922642
0.0383622252423
0.880008440072
0.786544391107
0.182524084051
0.397397125035
0.0891336529084
0.915523036596
0.117220958296
0.0444824801149
0.802405326043
0.216164981183
0.493606581302
0.437649480069
0.450965880083
0.20650930293
0.906944574892
0.846133862199
0.487700666401
0.724490425453
0.828473920094
0.7307147545
0.649335503181
0.485587603455
0.524384774975
0.879824547012
0.378830186393
0.104272966852
0.0209232437923
0.312792178274
0.683203290541
0.950382131658
0.311599723773
0.54293019392
0.970064997088
0.583420679266
0.772252035929
0.690697012914
0.76415524635
0.324024002896
0.333734201512
0.33738937984
0.754006944462
0.251180617263
0.14553245377
0.0348882160888
0.0297253641194
0.633809831268
0.504668267946
0.203272281292
0.106037641715
0.576302371743
0.78430803139
0.477718979338
0.938277630432
0.182806972095
0.382660860583
0.253072491707
0.178112685796
0.791730047297
0.131337708327
0.851054950597
0.724028036674
0.722603331365
0.217943474097
0.44406637116
0.866536702583
0.37437570722
0.308897660735
0.534789601656
0.811101206538
0.592164658352
0.761780610028
0.782600813156
0.978088749595
0.0835510163213
0.205152988975
0.591367026048
0.691747471348
0.413730308741
0.181783984608
0.119505832714
0.787755863305
0.927289410626
0.0821066665386
0.265527038135
0.954214281332
0.447523491745
0.356568158615
0.10350796507
0.139865693325
0.667452516456
0.572931159523
0.568055242634
0.933806022518
0.207306229612
0.831940825333
0.16258919089
0.146127195009
0.431584526269
0.357661520453
0.801538111815
0.326163515166
0.0923209115559
0.975092571733
0.552761282594
0.137309947883
0.365018501838
0.573957430968
0.817211709681
0.0567089118937
0.495145452689
0.810501535608
0.935577165432
0.378002386337
0.299504376732
0.0875692040856
0.555266453959
0.934182352562
0.0698215903913
0.590898305027
0.0391281027683
0.626505229333
0.811617334088
0.135060401871
0.0647327616962
0.525514124301
0.404259051149
0.830626483903
0.808627223215
0.297234984518
0.7009329391
0.40320990389
0.960891397309
0.428102951916
0.802014362245
0.102442822711
0.537910946729
0.739634953385
0.917122971462
0.499441935555
0.482323732107
0.500774377863
0.971433271499
0.704598194759
0.0693232906357
0.587726008675
0.691908871665
0.176100776749
0.72787688266
0.629706654435
0.5181541996
0.343488025315
0.698514805736
0.264789563573
0.346498213007
0.0871158132653
0.47825494248
0.0424516381505
0.335936592362
0.131270755215
0.50807792289
0.175321213989
0.593124297949
0.215320011799
0.343936532777
0.87126162002
0.320836889199
0.265484116812
0.13818113122
0.89279961111
0.108004755802
0.437234967661
0.892098701542
0.955599100124
0.187737424885
0.0762490644464
0.278240999026
0.536863674493
0.188100068009
0.920798813655
0.905985428826
0.561448853365
0.509501362735
0.171795748889
0.628468802577
0.898604927582
0.617466542953
0.150585321596
0.356260727377
0.913319730413
0.113184934717
0.774373816065
0.230402001903
0.594093027716
0.915585583989
0.733491740849
0.485236477341
0.0214985568455
0.216864578164
0.695210595374
0.406474367206
0.260741081097
0.743582281929
0.843777945207
0.433887166625
0.0526620603948
0.0814167306544
0.802556543268
0.924336961244
0.972704839829
0.0966963381016
0.820074536319
0.269916180539
0.674886231213
0.790270045641
0.0379115468079
0.176113153101
0.263524933881
0.916881790073
0.427778740451
0.0226366273687
0.782957884324
0.858591857267
0.935190029456
0.419662111561
0.905571516604
0.594735191441
0.20583283688
0.946430675425
0.925574419368
0.104134584278
0.695236444835
0.966710099782
0.150834710915
0.439378188832
0.35521582014
0.0945200336408
0.869368626068
0.796950411163
0.0595634215499
0.947845354997
0.332149141742
0.14194156904
0.433139269964
0.682371959511
0.325798874348
0.0933846148523
0.864189941614
0.583233487665
0.875626310255
0.938129838954
0.504998997004
0.776013713502
0.0226366273687
0.927365297943
0.331000046906
0.710677787902
0.41624367297
0.886342137722
0.242355668176
0.102091975973
0.90121983821
0.544990406471
0.238987567094
0.615885956777
0.225322365393
0.640728544426
0.721240149402
0.109998510485
0.420028836289
0.782973825412
0.90674718628
0.02601596696
0.0346850959268
0.497537941667
0.0781308799351
0.702397377608
0.510411766277
0.443447040902
0.514531292808
0.831593777677
0.557648687397
0.239162980774
0.630933052222
0.0458550580629
0.797939537852
0.897864417534
0.800348254367
0.25682056729
0.0289275228451
0.703189581131
0.535080806178
0.00297052513692
0.521302213864
0.90721582915
0.921002677316
0.779281676237
0.738490051404
0.477471079036
0.90981646021
0.63899312072
0.211323800856
0.247406626378
0.131168479224
0.726104851202
0.736051895088
0.764867837791
0.427691721097
0.255187323282
0.104996138672
0.0304062287207
0.573277451239
0.154105661379
0.974834520705
0.204583586525
0.162571995139
0.298556158716
0.702072943733
0.940017681061
0.0847505406246
0.361289346221
0.805150346295
0.607245896812
0.342321295742
0.641520011607
0.0871477800649
0.615932125655
0.814216696054
0.477170006854
0.154228543853
0.892495097604
0.861016518317
0.908475628125
0.92177572881
0.110629319207
0.909079279179
0.0613498344077
0.973760983059
0.332289536606
0.919426622118
0.00949815832108
0.633047296517
0.587381790623
0.212468575876
0.582034922122
0.281478751556
0.54912708876
0.706949303039
0.912837186075
0.85182142642
0.211629178844
0.528565905227
0.978340747409
0.178103330253
0.485431835714
0.662770757124
0.734527455984
0.181448060938
0.465451200483
0.583338195519
0.792661427986
0.599204703007
0.574061833669
0.395198338923
0.0551183109735
0.13755411516
0.0589254417236
0.778479089784
0.190851334518
0.0245662055612
0.524996662376
0.967917119865
0.411051597742
0.614291646903
0.69779595583
0.453404074433
0.569000433864
0.0375600935056
0.723929615971
0.611401685267
0.380964128791
0.533580449814
0.0474963392452
0.101787710563
0.873429890333
0.679611085699
0.452459458368
0.709541340276
0.879654888293
0.63504697492
0.901871274656
0.706634360364
0.461534805076
0.685199830342
0.11620544401
0.821734840298
0.167800203646
0.122536687691
0.870676125161
0.441559110504
0.719776477295
0.741723709368
0.542700326603
0.753423164791
0.567626635724
0.472154172294
0.664027245558
0.286196049441
0.426418169642
0.936810084767
0.391697539131
0.0569622891068
0.709968726215
0.508064564888
0.950630065948
0.425688950439
0.457280264749
0.686524157211
0.454518533941
0.122528276813
0.139072374039
0.88649132369
0.560967189808
0.22325499646
0.530157402292
0.0711248096808
0.783472542977
0.0999944298726
0.649242145507
0.637894333124
0.700171436407
0.0928001662036
0.778116843491
0.86861605895
0.302208087432
0.678784450983
0.276773926301
0.67778946997
0.686234186955
0.194101874659
0.677550035966
0.658029400317
0.435625923288
0.162894090625
0.296127502227
0.910874912308
0.521473303366
0.36573636006
0.0801507943293
0.223546804725
0.252329288686
0.795459684562
0.195598751026
0.89986346467
0.191823964259
0.80723195197
0.0285978987959
0.645348347938
0.857081713059
0.693344658611
0.770895161241
0.212718112984
0.645691818472
0.0739742559609
0.100530710765
0.915551727612
0.831726924452
0.473250066337
0.228923899956
0.0510406297735
0.685329541475
0.560473539575
0.357516613828
0.0698410616151
0.120630950831
0.495116462674
0.582475473836
0.635217753904
0.838859860314
0.486266817147
0.35882021586
0.0837855773893
0.0837855773893
0.481794390574
0.707139971154
0.044403149994
0.737951772562
0.70110345168
0.151419202994
0.965217433982
0.800289827559
0.678601702893
0.705609711761
0.888245842114
0.178103330253
0.90880445114
0.232625559412
0.338524758627
0.482918942242
0.907935227678
0.314893955788
0.624497493383
0.814639391321
0.494197826672
0.884256877757
0.774952852259
0.406226348859
0.93788016855
0.362950957632
0.960178069836
0.889027477429
0.407670838467
0.818976740482
0.867729739816
0.810565705514
0.080551193916
0.918874448064
0.66038460808
0.360489931575
0.142475813121
0.53132304108
0.897137274226
0.242355668176
0.405990035912
0.809126368831
0.203408499753
0.582839037915
0.970396879226
0.632391979616
0.899677065091
0.891200393236
0.32074617985
0.130960458751
0.852936756345
0.793262776804
0.91485007449
0.100011017071
0.179367983414
0.612992241094
0.283339518867
0.855230808544
0.941660395771
0.929099422434
0.132955849817
0.0850696133655
0.180579077132
0.648441827578
0.935689378415
0.812746146673
0.89010379517
0.221970183143
0.434467678995
0.29969574548
0.941062316117
0.417717780144
0.401586547113
0.286605812393
0.958903787544
0.262014901922
0.980728980245
0.935145040496
0.859982864015
0.617975141651
0.723929615971
0.376790601043
0.581612825854
0.865029753607
0.229306238559
0.968753439677
0.132370606601
0.372245708512
0.723669299351
0.168619754202
0.974567606285
0.387444993918
0.64892067548
0.0380149117106
0.416344978353
0.419655882438
0.962436755271
0.695688198044
0.661233567158
0.778533478227
0.0755178311845
0.164829791979
0.473067928767
0.935898684397
0.0155229381266
0.0702071247473
0.0745774479377
0.138708445839
0.656733549175
0.939491472252
0.462698532337
0.694600115187
0.625345506653
0.339269337362
0.733124111998
0.466897461485
0.0734678497293
0.732596119498
0.708702263975
0.240854373966
0.330781477353
0.443327953115
0.288061185499
0.0327347502096
0.418332001032
0.633976489197
0.471108390022
0.932284508308
0.871726015405
0.281985928813
0.965791493587
0.777242407059
0.802014362245
0.592657377659
0.899704163424
0.702471172866
0.740245285555
0.22456713499
0.0558385072561
0.662595838748
0.200453825562
0.907395363373
0.61909219816
0.0661506768887
0.312370115716
0.984656849161
0.351837931208
0.265343886102
0.791747628074
0.129803880774
0.914055493341
0.550874049116
0.729073823704
0.593131791534
0.463507408021
0.910595921573
0.564868279597
0.0555596528425
0.774432578893
0.589034567594
0.933602926621
0.452033386188
0.355592234305
0.664138528472
0.341526394864
0.685243314355
0.667071161668
0.317709404281
0.479432207108
0.929098696296
0.534186575865
0.168444185393
0.854085283362
0.454797962587
0.125008540863
0.906494536981
0.189510672073
0.705981590381
0.252052262507
0.300565457605
0.522698815934
0.0392374410947
0.321663587042
0.0443270632138
0.111804660801
0.749465466628
0.216863996528
0.393714514218
0.918337376126
0.0143516791879
0.607647684999
0.945718990286
0.0841033550032
0.485126921955
0.784904683729
0.635851461586
0.260010307119
0.524525640709
0.050557920002
0.736542214222
0.431222663327
0.0974759681934
0.325481544071
0.231753690773
0.309969611497
0.715447388807
0.822046171666
0.96300529998
0.552928373987
0.953511886064
0.723490522618
0.666003038885
0.684947186526
0.191214842535
0.441449529498
0.223082565854
0.612105558831
0.133442197026
0.411038890656
0.0911458978189
0.891340979404
0.564765421284
0.829772172395
0.431661619136
0.330798291175
0.741123992307
0.132730639776
0.681316911309
0.401415923552
0.0379546814694
0.228572138284
0.185384790583
0.217215488034
0.871634003292
0.0543007607695
0.577121121832
0.267505929972
0.0201238500738
0.146868029929
0.256471630734
0.813490668302
0.213151189382
0.722293390644
0.897536533581
0.163655586056
0.781289211383
0.713134639039
0.507354653533
0.943207365187
0.899043082586
0.0164382460893
0.542362757408
0.940283625268
0.298886337237
0.931576896743
0.020360362
0.337335144459
0.361239616002
0.762600980087
0.742826267809
0.580194390384
0.44946462601
0.0806136909772
0.574790627828
0.0271109020996
0.517137571255
0.972903540094
0.263749595754
0.0829290358563
0.130347343234
0.321733434013
0.536484197032
0.43021993338
0.842703980584
0.11340829567
0.476709230922
0.758540637743
0.59933853845
0.8648711987
0.926341802052
0.893466681515
0.768287756109
0.675574284526
0.912736555784
0.158816137342
0.090523519956
0.488705102744
0.521135356064
0.226592094303
0.958286680405
0.25217844423
0.848197067219
0.504441212418
0.615769854188
0.194513488436
0.891025792136
0.636074027625
0.283148999837
0.18093207915
0.404144334798
0.251850356564
0.31939740826
0.350593879447
0.0713799057278
0.0242758921493
0.441640080976
0.653853025405
0.974637879407
0.215188016898
0.197632810782
0.581954012603
0.977098454848
0.36117982628
0.661559866132
0.700950917924
0.332044720948
0.9173002913
0.801700610334
0.411182308471
0.355031635977
0.363309562478
0.486458515184
0.0979023928966
0.920182314227
0.905939146832
0.489440414048
0.424586075016
0.194832978632
0.238574471789
0.530639119657
0.216383936981
0.690566497326
0.390780349426
0.257934309254
0.603534311603
0.101778566165
0.234091166699
0.709119454269
0.209947829631
0.199952984408
0.559462540162
0.172810991473
0.830627500874
0.223326928291
0.335997648112
0.135278056507
0.228578786077
0.359148812756
0.862198117537
0.49464461961
0.923087960108
0.944166774436
0.567845859986
0.174938457771
0.909214717717
0.812472523077
0.527960871221
0.659208902388
0.87457962534
0.0956870384908
0.422080559789
0.95743785833
0.0672539696021
0.245374306529
0.291044068068
0.590640182493
0.271203046201
0.653116738413
0.460186750938
0.915576875433
0.358480308203
0.899750834857
0.0910362976491
0.689284391215
0.331965889388
0.261717151588
0.709464162367
0.711209256255
0.334732017159
0.790083121653
0.0252823021942
0.10497078668
0.662016576014
0.692672081992
0.293701361901
0.75911011036
0.609094896267
0.805431879703
0.743744244512
0.437649480069
0.0666693955092
0.883896095823
0.664274771934
0.126799407309
0.949084267084
0.432222182383
0.222697676428
0.762653315525
0.588860949619
0.604368326772
0.271618280252
0.0930103802985
0.447367885493
0.949199303116
0.197053494596
0.395180040915
0.515953185052
0.850491611276
0.786989340785
0.780621252868
0.637894333124
0.80153969747
0.898885066437
0.783368594487
0.915406316571
0.710067567937
0.638971838003
0.428279926483
0.217682621371
0.82034704049
0.336080029175
0.259607139154
0.932683840003
0.10058911108
0.884677170141
0.722295664418
0.914574579098
0.49943140403
0.176510330268
0.960524241267
0.73766222209
0.81142953362
0.0650867659877
0.293952776617
0.145620309944
0.472653237941
0.23050613298
0.925000569655
0.0508785713518
0.917975168734
0.00715240125342
0.198817093988
0.14204199365
0.855495901975
0.734847247022
0.450969363192
0.0949393850818
0.195763133661
0.713841085842
0.874899676744
0.928293493399
0.423511086799
0.0556782246408
0.166520085389
0.21820461707
0.929209466478
0.967843514835
0.92366728544
0.602005315348
0.917189638452
0.313026776356
0.0983665391916
0.63857066002
0.127488850932
0.773398069499
0.886285944829
0.128826971309
0.615888444604
0.0831655788454
0.159557435591
0.897462254758
0.305281939995
0.583158648991
0.855355849626
0.797938869054
0.477977938659
0.12522221883
0.611080429751
0.0489330767809
0.101146418321
0.184575216296
0.861555464083
0.73603580649
0.354159416157
0.710531702623
0.0650965028841
0.554242660823
0.0783988745907
0.812762864098
0.604753816118
0.943129924425
0.779368211584
0.468236229586
0.126938211994
0.253513116622
0.325598495228
0.896234520405
0.127312231276
0.717113323474
0.052345062031
0.252497343665
0.187380427773
0.540020168962
0.665919541463
0.843201297691
0.417717780144
0.354091147043
0.878649791104
0.644148657118
0.410660762571
0.867765018889
0.0937246839011
0.0251415404609
0.508993690834
0.591508627794
0.747569612788
0.173465582766
0.133584165247
0.390410003812
0.100342808933
0.639502447279
0.35749697381
0.686392395461
0.130219593503
0.163112762572
0.280679637066
0.570519108411
0.796057904505
0.637114195441
0.464208395787
0.926853961988
0.021185900097
0.457512630492
0.756805470048
0.714858695113
0.856119051601
0.402272501941
0.918438728152
0.191405100892
0.944313588046
0.233638327156
0.256465500903
0.252958757952
0.951900760741
0.150847672394
0.357458146667
0.590790950904
0.717774730675
0.211019731525
0.103180323615
0.462295329005
0.279292092946
0.575854710181
0.474124543997
0.677019949388
0.758700654728
0.70552853094
0.649341695569
0.643888185536
0.29582303992
0.0573610850493
0.459770872061
0.305542904857
0.0384186450135
0.228626201697
0.588215319711
0.841943608629
0.94257454444
0.0489661040969
0.727680987943
0.855223775143
0.396130450929
0.816504515292
0.32002459616
0.295899049615
0.312932293296
0.195402812899
0.498018183524
0.321418251641
0.27559711416
0.855393692764
0.927462628303
0.897423018597
0.846381866735
0.09645617752
0.63454785777
0.666538206307
0.12122491197
0.644290704366
0.444593373109
0.0304525206447
0.189534489367
0.378930448162
0.623196470103
0.7027795869
0.407918398542
0.890137505321
0.120601598881
0.181816870033
0.244767981695
0.426019138694
0.8633538751
0.232024082206
0.660997194479
0.244168560143
0.645146575667
0.26434847705
0.0458550580629
0.700007355253
0.600146184328
0.065849579531
0.123650495098
0.877376145584
0.70552853094
0.602919524194
0.734848049541
0.723581413644
0.674024491546
0.0218108514676
0.625319584814
0.0618543520059
0.633714278592
0.975689987911
0.749619864075
0.606501204554
0.180017029615
0.0286912096158
0.781159355747
0.0795514065683
0.911342748328
0.0665579988957
0.0883167113143
0.964159267681
0.948530222881
0.568372705989
0.62565969333
0.650427401328
0.190274787447
0.809419915439
0.567218277048
0.961588275378
0.243813735675
0.786544391107
0.129902189717
0.405966381571
0.377029610342
0.875439625805
0.83540338596
0.817249124395
0.301445763546
0.919798827116
0.483060476705
0.315895121398
0.420028836289
0.327680438518
0.854794134671
0.740182297719
0.207228001433
0.768809676665
0.809007923415
0.0879461151991
0.507084816713
0.740799990418
0.923732380861
0.52601007552
0.391214099553
0.198885690572
0.0714198594793
0.239931956784
0.184283083552
0.556673209591
0.196738538121
0.0959406522748
0.636537464598
0.937098268997
0.102415406989
0.970857328586
0.169246904001
0.705380169743
0.600942722693
0.52893306442
0.750984890993
0.330955055814
0.505644467987
0.342278333255
0.705235628218
0.748524047364
0.662077839916
0.220279513481
0.0240433399862
0.520359036963
0.726501235026
0.620208837305
0.668137342973
0.543546214358
0.192398233467
0.532815126283
0.891914020575
0.63664693469
0.904749534098
0.581232427162
0.704987084876
0.169669704202
0.930905562649
0.90763561855
0.280207379152
0.982091162163
0.754125937442
0.109028364263
0.464593694923
0.8684290017
0.801484000596
0.369001787923
0.890737125142
0.775930771203
0.0151878523542
0.885645513199
0.781039620978
0.921246392171
0.297319755551
0.629675738866
0.933511188898
0.295270397787
0.185102573067
0.119602944573
0.0434366294131
0.150551773723
0.906462489424
0.925437862771
0.79893075602
0.0971770149356
0.413641154198
0.901336522769
0.921106686553
0.351510552877
0.223221848992
0.165694426352
0.751289834256
0.310265005866
0.390962397124
0.062204914053
0.299693971105
0.894413559496
0.821723226924
0.330246495907
0.934594513143
0.133465503687
0.746644686466
0.502421995595
0.0251538878172
0.0381983604666
0.445292565373
0.626030727435
0.0491960226752
0.207882913096
0.0665839726734
0.96588203176
0.0151325997842
0.667994967468
0.106579812402
0.503871496359
0.269009684258
0.861904894585
0.542395038688
0.499754309453
0.639547716386
0.745075895362
0.0845724744816
0.806547758609
0.0898693869842
0.166348209583
0.531666323037
0.106695874359
0.585877921359
0.899000039753
0.36652904847
0.816925327993
0.313667239895
0.325283972413
0.86873188576
0.657623120204
0.377386634048
0.637068548605
0.113447878214
0.452937528687
0.81183619151
0.727598604512
0.823525025488
0.509732206037
0.869649334833
0.327420751961
0.160736794601
0.132234226655
0.912824600508
0.0618974443589
0.834583738826
0.34096850639
0.387622067244
0.860443903172
0.911622815653
0.239483848068
0.167919667994
0.461073788786
0.932964607013
0.887138023673
0.967879257307
0.148603080113
0.199672165936
0.8148110112
0.513399705334
0.521277473867
0.506031956552
0.16080290419
0.934023342778
0.800815093734
0.97722254929
0.768915866706
0.113530669782
0.877766031058
0.148467052572
0.25735484262
0.414929394649
0.828740461918
0.395330073717
0.644785430295
0.899232717419
0.211342838938
0.646477244488
0.101105366245
0.968822600888
0.96572679918
0.164670552035
0.265102235449
0.384541781903
0.798026545266
0.135139474669
0.752254590853
0.0914219989186
0.217079866867
0.0331808097635
0.844922059329
0.744739429666
0.0380035584062
0.0611636100131
0.478364544099
0.725985561789
0.644404583882
0.224631720658
0.869196002344
0.407796931091
0.911649770782
0.715706629457
0.540471783129
0.740356977529
0.313559721572
0.70613975598
0.0851900471732
0.743992313574
0.84173792748
0.619455133432
0.952542201573
0.318374827895
0.921838222009
0.497469968104
0.82567789197
0.443671589235
0.868525307944
0.27587282719
0.931409781043
0.154279163731
0.950346984132
0.839229111026
0.558803370946
0.55364582598
0.863456466071
0.889504486792
0.630569243229
0.154615024395
0.271509603131
0.959682480462
0.949990950356
0.271289085644
0.68981580237
0.867843875614
0.595433747915
0.944519635074
0.847341202621
0.301943553568
0.0584541333518
0.668488628051
0.238384057985
0.825495982582
0.325970398041
0.622165599251
0.445694024023
0.948109065415
0.609092267371
0.409806546433
0.739311057139
0.774185631587
0.48780152201
0.407062789753
0.958630665709
0.352219833643
0.358906870449
0.0918242311225
0.146380733302
0.928411952185
0.287626414395
0.950597120283
0.310162553095
0.636084765302
0.104602067068
0.971862013486
0.615106153252
0.944711894559
0.068886607774
0.231155977579
0.105250552686
0.186160365851
0.223432111944
0.654398023147
0.780723356222
0.423372422645
0.905939146832
0.739805028643
0.631661739922
0.0371969233974
0.155464723476
0.142268542307
0.0492549400645
0.803915522587
0.137357613372
0.0330449632044
0.0774739189756
0.467013259645
0.939526529081
0.244663550247
0.240215029572
0.0852797304552
0.975058074063
0.15703329912
0.190520766306
0.216128321452
0.180695456979
0.171198449512
0.608591748522
0.359956193427
0.905660344781
0.382949470053
0.772036399099
0.188438374164
0.466045750526
0.732468049974
0.343650781876
0.932681978768
0.112793263588
0.0396628297901
0.460298109542
0.608697341689
0.49960152945
0.334597183028
0.845184165462
0.751731880288
0.114507413202
0.861480575492
0.25043018123
0.427906214048
0.0700522679951
0.133966383227
0.5515640028
0.151590593401
0.841216712636
0.825044253404
0.792143698985
0.102180035317
0.902132813171
0.649318151867
0.55230257636
0.0626484367354
0.751477149622
0.675484747335
0.182603287395
0.163358559041
0.361095357775
0.952142475355
0.124056625081
0.119124077208
0.870897590646
0.0322734400135
0.428507971
0.139590577266
0.813422043628
0.871634003292
0.763155836683
0.740379866309
0.967770784255
0.0608481089022
0.027092458298
0.322046044589
0.224512619514
0.557816038464
0.30623866293
0.191903581455
0.36344746224
0.420554015326
0.462077685326
0.275542737693
0.775969887638
0.336293697728
0.151543879209
0.664027245558
0.564012990369
0.148244368364
0.260534620735
0.097911548851
0.521945284072
0.131608230041
0.261788426048
0.59874684713
0.722443893698
0.242835561831
0.530759040931
0.388080512566
0.486366281286
0.881559623601
0.465717124001
0.506250241618
0.612070070356
0.966038118882
0.044403149994
0.852932643791
0.134509813981
0.377749925003
0.774279590978
0.544964431925
0.857804095962
0.637577849005
0.446558241876
0.0200269114063
0.0166143613919
0.309086549863
0.273559897722
0.813083206691
0.809784309222
0.949512855895
0.025821555069
0.716249196093
0.784696398943
0.790447252315
0.728907178889
0.389823766721
0.285414738314
0.796942041336
0.883650143732
0.975523919318
0.37571345679
0.538066883388
0.206859812922
0.956978461854
0.107493403663
0.822324500531
0.49121889715
0.355942580156
0.453676461743
0.502312407873
0.179062006136
0.401182063012
0.773224401155
0.242332927042
0.867797921514
0.182835348969
0.876072445242
0.758540637743
0.561468955566
0.190690913536
0.429114215805
0.968680989281
0.388526156017
0.1076077093
0.359762245479
0.437877992205
0.462698532337
0.122067366831
0.637840344271
0.797971568675
0.385501142144
0.83389412648
0.951938155505
0.354006983409
0.678256767257
0.670670007938
0.454451690684
0.641422631745
0.337884201009
0.754504855241
0.447885821437
0.80075036508
0.964330609248
0.451878587804
0.374914499431
0.71333199975
0.904711152594
0.255247536248
0.802565955841
0.110162007172
0.495998570341
0.698221896536
0.818154945111
0.914435556738
0.823670829328
0.920119590418
0.878911303809
0.870274905679
0.438420701547
0.0875555603424
0.690594013844
0.868845491407
0.0575204488301
0.191991380108
0.0855867428132
0.62393936011
0.940865807738
0.466611473813
0.671945738647
0.359965796016
0.814087496261
0.103373123468
0.797268262648
0.914675303051
0.752332937542
0.843986310796
0.384253488977
0.447624245846
0.124338760808
0.0169561123254
0.10198828018
0.0663951519
0.915318516237
0.587114243483
0.059405711159
0.0490994938844
0.756448860464
0.294347295856
0.41323930042
0.884447747348
0.880718780356
0.0812666071404
0.858610934676
0.426827630711
0.0584469779625
0.879277584396
0.146445533018
0.774138228919
0.0827387632153
0.82427958858
0.852640629184
0.702433645558
0.34289953278
0.106198458233
0.223703536556
0.683703366708
0.175914365522
0.672106319412
0.767186844779
0.536216549736
0.0363335911589
0.0595821983105
0.416637444298
0.116870134048
0.655541573664
0.452024028921
0.122105481848
0.0459732334276
0.078680440696
0.34836244783
0.946664198912
0.585935257799
0.0846151716521
0.973410875173
0.942283141375
0.377646268213
0.111805498906
0.946014897639
0.893383562415
0.346019145261
0.470435400759
0.0534773856648
0.25692736818
0.0923643591054
0.0414574779633
0.777097682423
0.104302909017
0.442707736399
0.842111065483
0.335727228295
0.275027141714
0.646095216028
0.430243184035
0.193629774319
0.493342875909
0.436338229263
0.194102135276
0.208099026384
0.292375773091
0.557114143731
0.379728093522
0.781553266158
0.220732132538
0.63421242546
0.465019188777
0.581454326672
0.923117884576
0.327317985984
0.330443533773
0.813723680182
0.0804973201336
0.905531877102
0.809569341636
0.203914273934
0.90693793324
0.736623834434
0.761792141063
0.178997330748
0.077278235062
0.406622298149
0.232127988881
0.0395126476277
0.3668262966
0.40835813375
0.0624699953046
0.66645114509
0.55844141673
0.758216774567
0.899344696649
0.800008406025
0.266926618035
0.617896932266
0.0834252795607
0.103135639624
0.162340429855
0.970909607265
0.10244141274
0.0684416180853
0.982749520729
0.593844917603
0.938114173919
0.631742800637
0.219288179436
0.339427964194
0.902896630431
0.693765181753
0.805238461722
0.0278645360517
0.0575651024551
0.847586556377
0.854661854157
0.732794881037
0.511284311617
0.263930215282
0.717598413038
0.530507407588
0.375314992134
0.763803105228
0.375749915797
0.947951686555
0.49943140403
0.72540584154
0.0685581429804
0.920854462597
0.78665278522
0.685545343555
0.24876407498
0.407550116334
0.280952625499
0.801820770394
0.21578933893
0.236524147903
0.537716256023
0.513987917503
0.496770489423
0.104851238316
0.902159535974
0.984247632231
0.830607176868
0.948160659317
0.815372881782
0.465840802445
0.927353761695
0.171211982639
0.353096108102
0.0579842429443
0.829873427195
0.461127392565
0.302375839278
0.748245262481
0.954784594506
0.892051909797
0.963149961875
0.914583930406
0.936423453921
0.984899973413
0.365368739991
0.444243686427
0.761064605248
0.913222299714
0.0255612644978
0.108583652133
0.0811411052054
0.565490827891
0.817957934587
0.063226951055
0.0506865156377
0.427808779165
0.776109571817
0.423065422601
0.761714712401
0.253271599793
0.379685236799
0.223174866101
0.309280636013
0.445826146934
0.346192396493
0.501417019574
0.689907945845
0.40870735419
0.352354754295
0.233976990655
0.198870649785
0.522665383731
0.967904630578
0.896638863462
0.538640539988
0.92699697205
0.465988073859
0.166147390737
0.929013921947
0.688836029338
0.325009995985
0.902788890086
0.463206010461
0.254152029685
0.791246938399
0.424277203281
0.250897770183
0.167662051132
0.10614235693
0.485247279479
0.88790626671
0.789267150916
0.588317374318
0.655451423817
0.501955963848
0.700715353028
0.47465594556
0.215322828341
0.611221727081
0.98580188978
0.0479946806844
0.385833918532
0.597795359628
0.200943552162
0.731404463768
0.823949160899
0.874415198306
0.661485577092
0.111172589043
0.193625264312
0.0514980321351
0.543014945741
0.320921100304
0.554576572341
0.966533596343
0.79893075602
0.258248745448
0.849307296924
0.798060559882
0.840459380118
0.453395139182
0.793885116063
0.64028539201
0.493958978222
0.554772775688
0.590766627701
0.267903074417
0.750984890993
0.84026445105
0.782036700659
0.198219640581
0.226650403185
0.117296028557
0.344425294663
0.176857181287
0.971601237566
0.762164052399
0.868254287982
0.774432578893
0.728115663798
0.960364123857
0.957843957785
0.249791084405
0.112775492369
0.629838474757
0.821922791052
0.489826166381
0.0387289593658
0.615508718536
0.440302878719
0.651691244859
0.34106924854
0.893224571475
0.767684715052
0.783348238366
0.0959754447593
0.666510934685
0.356833100786
0.968012495473
0.545498765518
0.787220088032
0.984124887352
0.27500231806
0.0989742345899
0.0709400416993
0.596992205855
0.539631200856
0.773996821535
0.900198542445
0.11617041549
0.0556941960211
0.783716593939
0.282717004747
0.123530901455
0.86852888513
0.670043210554
0.170676021275
0.673142963439
0.812320379226
0.555040183527
0.947904530329
0.882070440722
0.501197786172
0.628178735292
0.109232942749
0.955082272107
0.407062789753
0.718432873892
0.657349603208
0.0402944574792
0.668622228164
0.110084124564
0.889086877014
0.335043173421
0.795696255341
0.870277053829
0.0976909617515
0.784994664454
0.710196549856
0.0452290342667
0.261473419466
0.742381980481
0.745742434893
0.0250979719219
0.791369031164
0.942281962218
0.057351342308
0.452911986338
0.151409580333
0.558286650798
0.944159820591
0.498567209918
0.35745055568
0.619518719355
0.129629479016
0.675282099586
0.677311488154
0.308339342768
0.625518589554
0.767907171901
0.134661517367
0.709483699402
0.323461348453
0.798585182373
0.404388043097
0.907412777894
0.450141841616
0.811181836739
0.32960857155
0.0548037826958
0.1642462976
0.899709668997
0.772115132429
0.674539764519
0.700662577068
0.65686538141
0.520342162995
0.11280882266
0.0888065986151
0.420152311864
0.896238907199
0.856126970944
0.86985196598
0.17976811859
0.250171701443
0.31514647553
0.929131686493
0.504324574558
0.292418897455
0.709541340276
0.612495694429
0.962396048292
0.0974393002049
0.224929406536
0.78062180509
0.0630991772322
0.473845035743
0.300495149386
0.640147382631
0.157265508396
0.390078068801
0.578588541678
0.955385017868
0.421617797954
0.785840992779
0.487431897807
0.146182280881
0.42169784603
0.442854675985
0.57752233781
0.870910773163
0.713371017304
0.239125910551
0.846456333455
0.349223967894
0.0845707900939
0.789181149143
0.576397575348
0.535639794117
0.756955986199
0.00695573285121
0.635964322358
0.698176108761
0.158803194758
0.677158985668
0.781409231574
0.193301916885
0.0515219630649
0.2474480267
0.328704000625
0.14699228768
0.853059775017
0.351005479547
0.0806950500868
0.0958293094254
0.384805976033
0.944192046836
0.132097563174
0.800431139521
0.317463017198
0.131432062445
0.949012632081
0.50971718165
0.0846151716521
0.109395516062
0.28836314101
0.938374257595
0.693334910151
0.700233558801
0.316552693653
0.529003139569
0.335266092616
0.563231704973
0.113515962771
0.846560349047
0.0653175290846
0.93315715154
0.629703899036
0.572292631342
0.257288774161
0.0817191648077
0.090523519956
0.318471524456
0.23639483621
0.315076405772
0.912775125286
0.583814919747
0.816836819475
0.642024278234
0.71702426692
0.449900404767
0.0687681439878
0.968716945575
0.421348081763
0.968319017678
0.88648420086
0.198897156471
0.925150705385
0.519850170505
0.640607519859
0.0955639113796
0.105793660957
0.881184237054
0.0967814621411
0.0942213633393
0.574067750613
0.461490671322
0.0778433030066
0.338583489672
0.237379251926
0.359265459118
0.148909462831
0.210288277204
0.779133341135
0.457094438442
0.514831204784
0.0701088392524
0.481100526718
0.123530901455
0.766506758707
0.776671763518
0.184846247159
0.198483671139
0.914879413985
0.10813214346
0.346551044683
0.368631530816
0.876143731568
0.84807774274
0.835485456645
0.27500231806
0.408477476899
0.811212241973
0.0457860404705
0.42421214304
0.389885602353
0.873051065075
0.090109837693
0.146052937464
0.476640890291
0.151704691667
0.798451122843
0.79472676099
0.0651615957158
0.256451243082
0.376570784184
0.360935301666
0.946319781616
0.0638647386865
0.394243931162
0.933356793725
0.987041355356
0.903789630345
0.179315356668
0.0642944847887
0.841649967983
0.376113269024
0.0992706935017
0.833966923039
0.145224480133
0.958457136675
0.0588354328207
0.607130788744
0.207389705372
0.602871243669
0.105807735285
0.911896391486
0.925821494689
0.825197382216
0.184884883627
0.122125477495
0.262363227396
0.432906656398
0.913456434858
0.229763083278
0.238149012731
0.0844964569346
0.872160671076
0.747693917321
0.198855087511
0.674655644445
0.878484153073
0.556146827036
0.328724331267
0.23953510123
0.743641032761
0.39012449978
0.746671823858
0.954836440423
0.93321688253
0.722024415716
0.114463859074
0.924950914181
0.559151892038
0.398568950933
0.177697881801
0.64196300803
0.218077281587
0.270071196164
0.505267722713
0.160438696175
0.113184934717
0.96741974126
0.855961911998
0.443994496684
0.666074592611
0.213709199235
0.48965577037
0.272930085199
0.821032589697
0.810643586215
0.833258948506
0.593995914444
0.544964431925
0.828720838983
0.0360066077493
0.321030530721
0.118604192759
0.607298657524
0.153909480215
0.87918173611
0.0778877964708
0.75707425265
0.125293676827
0.0378365231779
0.814579223294
0.633836782117
0.210714449802
0.77750521114
0.278654995305
0.82732988309
0.632947624819
0.79836363708
0.952192067164
0.808640600277
0.869335026853
0.405350486579
0.28899482557
0.191779083295
0.601695994458
0.347855275164
0.155504617779
0.707967654675
0.0470703667471
0.957800000697
0.0241227407494
0.259178381777
0.865581208288
0.77738513483
0.701417895142
0.0897413037209
0.410799148703
0.747947058452
0.561228446766
0.0466135552398
0.89815715744
0.784034932495
0.876802984397
0.7307147545
0.45912724245
0.70447110546
0.392596131133
0.199406601829
0.147469422613
0.421175119263
0.64952332719
0.0834483436473
0.954194896004
0.433972370829
0.924181275087
0.843621947058
0.112743235848
0.975923138348
0.109655235104
0.0519607518462
0.613129749073
0.950947006047
0.583779878285
0.597896558649
0.106401594955
0.302966656482
0.187406643331
0.186562622681
0.178899426767
0.6004550893
0.319866674778
0.821834411226
0.81135881514
0.0833249716267
0.187425790515
0.756501988731
0.113225631637
0.905433522158
0.286807501193
0.508388130375
0.106646922545
0.635194513191
0.682753828016
0.562321761696
0.166894298234
0.809090105825
0.863549212253
0.109118761206
0.296641688764
0.451663938809
0.681450287206
0.0798161258701
0.383543807839
0.620207409281
0.147679818424
0.722196746162
0.47565649171
0.519644284594
0.142246206441
0.674128991456
0.0724713505135
0.0394346028833
0.320732192082
0.0866151023517
0.2338089822
0.723309536377
0.361543005187
0.979520189021
0.23943277382
0.618911482572
0.062204914053
0.461541382391
0.631289007646
0.0887109731902
0.786615382058
0.0353570837607
0.838581527913
0.577314883492
0.447885821437
0.275235986045
0.21113636635
0.762735221408
0.780206159377
0.302728318941
0.867530405843
0.0697761121868
0.612010304585
0.457756639232
0.53207151929
0.262136755015
0.780639049554
0.104862533842
0.524327374348
0.701691060262
0.577525335495
0.073555447286
0.311842915762
0.874946374339
0.777503575506
0.0658602815776
0.767766959667
0.190784932175
0.861824753667
0.946319781616
0.259032689081
0.537290940052
0.370261294458
0.680299730284
0.618286745833
0.779261744171
0.466569409788
0.507024348845
0.157265508396
0.770857717706
0.940515863916
0.557615067041
0.917080751292
0.333814044061
0.51257532406
0.168046258963
0.261906528747
0.333316667447
0.105085358879
0.532700328258
0.869066999171
0.802371982103
0.908182283032
0.652025915227
0.540431705321
0.701594576518
0.150072171314
0.115592884647
0.452937528687
0.156103358714
0.172346187022
0.226153842526
0.387338592008
0.563816320293
0.155145566548
0.341025015928
0.209362099276
0.40633163583
0.640742379035
0.950354996647
0.184537616143
0.917136730331
0.0463643834526
0.910453425643
0.833811291369
0.722934435571
0.16703360662
0.576274276371
0.182132730013
0.84502417907
0.700233558801
0.925754119586
0.452540026408
0.931135295346
0.820901533443
0.118036416502
0.615545631738
0.850690758364
0.892195068822
0.29442989834
0.845366953297
0.413136418326
0.929524139694
0.42677427025
0.939644614085
0.231353236577
0.467300885939
0.600288290505
0.125155099343
0.939493163983
0.426808288514
0.531997212753
0.240314428278
0.87844645753
0.905333495891
0.496821648076
0.82004126512
0.697918760686
0.20324476907
0.403064629552
0.212040564521
0.0822333913165
0.892674524527
0.907946012683
0.857999976572
0.191825478943
0.517928649425
0.210036479638
0.362414549479
0.604452095407
0.897906480115
0.187605560407
0.207669216542
0.0764263256386
0.0559093756308
0.919925328355
0.918138934576
0.25739150639
0.134613138668
0.240001982004
0.939388550107
0.368140269844
0.959794977731
0.0282824863148
0.872467170859
0.845635139824
0.222337312347
0.126583975764
0.784176918493
0.183649988575
0.705894695825
0.871721830368
0.509926684788
0.816244091116
0.94687475984
0.774106145675
0.820919974597
0.307463016276
0.128927536613
0.868247775289
0.524613923154
0.629518095506
0.413400706657
0.316041854879
0.357784289029
0.0320262908539
0.214362677489
0.181585679334
0.774889487501
0.913980956683
0.615576405572
0.107057846336
0.317709404281
0.760795018651
0.345479624212
0.652308473113
0.0330449632044
0.919354711723
0.599539861938
0.317602171359
0.576302371743
0.479727307359
0.649721687353
0.23712754803
0.819067593229
0.66182458861
0.700007355253
0.437339903772
0.827494198964
0.816587930966
0.723489611003
0.258855688687
0.92721714844
0.56212629226
0.138240490176
0.17082321511
0.0918055955965
0.237583813814
0.490858244733
0.908423417203
0.336909165278
0.761135089434
0.894353793214
0.361418212472
0.508007199493
0.139229185005
0.683226702301
0.677168245209
0.0799570834842
0.199720564358
0.674443950954
0.0343985577511
0.70983287967
0.783171280776
0.740348740763
0.626679486209
0.203160825818
0.1054575247
0.558734977712
0.169439993454
0.373775334072
0.745537615822
0.143438026594
0.589094103969
0.129025048588
0.926497763133
0.124576483231
0.535906336836
0.754094684281
0.276258949389
0.750423751652
0.341531847432
0.823090294701
0.67797098846
0.835726988139
0.931225366419
0.205258405645
0.770193667869
0.91689254753
0.782848486486
0.935257866814
0.441702403411
0.886653717585
0.467269662992
0.158741857751
0.23523565954
0.784063926752
0.122794569904
0.119478117498
0.254140724539
0.556091033505
0.964383350731
0.0580042413459
0.917517891206
0.893851751661
0.379875346444
0.124001331771
0.413400706657
0.736055785908
0.298527691358
0.0613970252393
0.498845435974
0.291746362359
0.897864417534
0.113475011593
0.957158615604
0.561586070654
0.70656462961
0.119202580572
0.943457398404
0.141353683407
0.800226242079
0.449136440412
0.481416429682
0.117835129581
0.712578811263
0.939179604472
0.91134905473
0.323973869609
0.160061881517
0.437638814449
0.974164807586
0.313907190249
0.945434779368
0.886960869952
0.635217753904
0.579746052151
0.959851169172
0.417563176835
0.486820833111
0.0350868951133
0.209072569103
0.572612532067
0.657076542007
0.625417302383
0.923571217497
0.693462441224
0.961804353813
0.480884022656
0.499173808361
0.944467611262
0.907884420977
0.621028326129
0.913915159787
0.520969724838
0.335708874522
0.433355497823
0.97792843652
0.208413924651
0.433355497823
0.11620544401
0.695616630667
0.431584526269
0.250890081563
0.792220819433
0.622928368737
0.278662164493
0.604427557763
0.842658447442
0.748794855201
0.907935227678
0.805244527001
0.143317573091
0.121022430402
0.348287324098
0.836166684521
0.260846393016
0.0454341863769
0.369545670835
0.847547302022
0.0603669458883
0.0389108697706
0.314731435997
0.840594185057
0.910061903284
0.892495097604
0.279663777623
0.937629429256
0.353491805986
0.899242808519
0.377514934184
0.82165453162
0.347266635767
0.250290587148
0.0592444232235
0.75625899214
0.646938054004
0.556200931876
0.178349745117
0.915385457229
0.814081363834
0.787220088032
0.217800951289
0.937412726392
0.943651087954
0.270998883224
0.165642557009
0.914949571488
0.394234817318
0.60302822909
0.791215787174
0.0464904749331
0.678618775988
0.358589615282
0.245161883436
0.757075821588
0.392591285699
0.893811852703
0.53505515806
0.896175784447
0.814113910749
0.529589223864
0.738130512517
0.886746002
0.205007990309
0.947202993935
0.309759245938
0.621738080963
0.179519031259
0.62555393894
0.591561565181
0.106326891701
0.336898482616
0.0693351192834
0.568248747102
0.417510062637
0.135700601894
0.577970511287
0.560591347673
0.0893143352098
0.964067248383
0.39467086965
0.100018387295
0.700868301087
0.211874279501
0.748208527122
0.488401251639
0.772294894434
0.935504339597
0.265724700843
0.0281933635462
0.110361751174
0.139068341753
0.890811468491
0.685284817667
0.632776883343
0.348342584964
0.0649621873061
0.809160850864
0.786413855227
0.321928599942
0.897693908561
0.0463800333716
0.835004713338
0.347408562672
0.808640600277
0.408823086738
0.734069357792
0.955688713899
0.191153386698
0.169078813115
0.37930970026
0.795671322454
0.485152736592
0.409655387761
0.162463172581
0.855374087875
0.606481357503
0.935987997229
0.0702137103095
0.750070807791
0.185347917339
0.0938113269789
0.279630133288
0.641036319352
0.613345748809
0.0381500270463
0.332724417455
0.574211351561
0.113302409362
0.0810265075419
0.87129682025
0.658793470821
0.575234763815
0.0153065824245
0.699258347836
0.49916057809
0.867310628835
0.852169719231
0.795188631977
0.309973720825
0.914978949143
0.0936194605376
0.44220071797
0.0808076732022
0.541079059655
0.167634742643
0.94257454444
0.186568879881
0.29259713572
0.970970097518
0.111070653147
0.0896726572155
0.885979473433
0.965801460064
0.418199561021
0.660112801244
0.907455456988
0.667132347652
0.220254283954
0.458547740806
0.355951027517
0.870181982851
0.556220700451
0.868006758545
0.332871655348
0.278724930523
0.731001801736
0.427507123158
0.79611808237
0.394238967298
0.110057592458
0.937876033821
0.513565195847
0.843207752445
0.804861755262
0.175901506499
0.608753744379
0.67974019538
0.915976502788
0.11845345129
0.928728868685
0.94643302395
0.876802984397
0.780026967625
0.945498035526
0.520359036963
0.168267988228
0.36709397496
0.18951549471
0.965358531572
0.470992057645
0.511203857782
0.367661747559
0.105252541359
0.211739277431
0.110419290503
0.0367765657809
0.290154050744
0.839126409201
0.0483940538911
0.273194456848
0.392422349882
0.244570780876
0.121166661768
0.696962580793
0.34090036329
0.171029518288
0.0715156824409
0.907481433951
0.0783828977755
0.0900560365388
0.519763022802
0.30872692036
0.215302468401
0.0357325181277
0.821408429561
0.392668625323
0.514533218216
0.832530271837
0.715064976689
0.00527571348951
0.559999994574
0.387278593478
0.847353266444
0.102091975973
0.603515845061
0.289995872909
0.767131931497
0.960837564408
0.141315557434
0.519766855549
0.579662073356
0.154993622609
0.14376420519
0.061128096291
0.905760837001
0.434642304087
0.203852852464
0.633047296517
0.159195379182
0.949974948486
0.792315163427
0.160486660104
0.425745062507
0.848415535803
0.725412485572
0.175177660336
0.0300420797145
0.594863771138
0.859399265946
0.0450436854496
0.20319161203
0.95881606341
0.531807183701
0.33020732841
0.097467549115
0.850544531735
0.938881808368
0.631717182634
0.86621000483
0.150838722179
0.422412035249
0.280304181179
0.470209658465
0.521221269028
0.420128642635
0.872117707451
0.640575117523
0.402138166923
0.436996089832
0.695573632661
0.813329811679
0.812427480875
0.0995385999121
0.361026465739
0.9755600915
0.258660192363
0.35746032201
0.276029655973
0.787249135697
0.39886158835
0.166524121956
0.57108379954
0.805150346295
0.330522466115
0.0527509414596
0.208776585796
0.522133338686
0.831197861086
0.814917377374
0.0292373171646
0.852752640855
0.200819253214
0.614329623834
0.594817678755
0.646227855227
0.647042723184
0.88217566411
0.684847977296
0.74780121663
0.977325036095
0.716601365899
0.341648167371
0.585716124295
0.0863907073561
0.852712315913
0.421268980726
0.139865693325
0.203147906202
0.85409674419
0.307735644761
0.956685247776
0.745398148966
0.873051065075
0.543103906247
0.949473884403
0.0441029820844
0.137863142559
0.806547758609
0.57961836735
0.324882761409
0.417416585077
0.230382580431
0.653618753123
0.879859050746
0.670464791823
0.410414616921
0.0645065797645
0.177190295243
0.423091489594
0.111344736305
0.186298627737
0.205891264949
0.0854957427639
0.122605108744
0.293765037323
0.0407397473202
0.0336924634663
0.913557072766
0.85857546154
0.392893337034
0.509312467618
0.932447257698
0.129364677817
0.123455276855
0.0384557927079
0.311508858694
0.0512116574452
0.307920117887
0.602637807643
0.821937917454
0.418358656776
0.245046953542
0.462732668351
0.898769869805
0.303292362178
0.734902300378
0.885801266235
0.512714052812
0.765796711515
0.589524871174
0.164852430542
0.107616749506
0.441451414251
0.200138797716
0.878405572827
0.91393878309
0.868223338405
0.225630213152
0.747597809851
0.375307330448
0.393831399265
0.361969033178
0.579662073356
0.711137149984
0.438575644849
0.898206605478
0.537862958586
0.26977726174
0.0589096238312
0.188505573432
0.178546258335
0.68474773418
0.861904894585
0.743367460626
0.622884291831
0.025437332754
0.495145452689
0.354731811138
0.372942784721
0.0782236864786
0.164920050751
0.50752600115
0.578847061481
0.162127034801
0.110162007172
0.146460254278
0.146157880863
0.932344558847
0.259066946257
0.052546356872
0.586204855277
0.0335163862727
0.907079695543
0.0359667610782
0.52243801401
0.648179614345
0.12513465687
0.795221998926
0.887356394877
0.85849983212
0.674802092392
0.843554342447
0.632041466118
0.699549742486
0.188314469457
0.388563966291
0.314311187261
0.0838208819671
0.389288033553
0.249156558588
0.522653615324
0.873861178448
0.214460115114
0.859322820049
0.855881804232
0.0636111828049
0.13936773695
0.779938685613
0.0501012290153
0.581050473994
0.270625319572
0.402391654704
0.784034932495
0.930671297926
0.917403998618
0.510303503985
0.637190346582
0.954021642174
0.629971189353
0.537605816794
0.404007680721
0.59983789082
0.782612713567
0.66485311283
0.49943140403
0.500456437345
0.741207132728
0.0482921504425
0.783368594487
0.345866722859
0.945630620897
0.596069806212
0.373910015424
0.0185418828647
0.981027129598
0.896060424633
0.660388222032
0.185940094106
0.168444185393
0.44557780166
0.0634740362938
0.691763838643
0.0322734400135
0.871958158727
0.229306072182
0.449264455208
0.205919929785
0.4664471051
0.710859708216
0.0408852596656
0.437339903772
0.109232942749
0.272815719676
0.662996287339
0.937110806146
0.61351142524
0.908011456408
0.609642103372
0.2746456714
0.146467157764
0.101424772104
0.366951624432
0.557558599715
0.165411233916
0.783392257261
0.146862174583
0.885557472926
0.848782628298
0.385974652008
0.532583153895
0.384480588665
0.944076134273
0.950050678473
0.441640080976
0.332792956719
0.721942477017
0.463014506259
0.730950123303
0.244718348106
0.843330940583
0.789007475901
0.315973578441
0.633771886021
0.855945176797
0.491486820794
0.411281724372
0.277979635621
0.618870121976
0.395986052942
0.159302761209
0.698059470669
0.814774459556
0.411146763231
0.0640159779404
0.600328947846
0.189148066186
0.865250304832
0.263343864103
0.752890307289
0.328459884011
0.618244586713
0.795994451276
0.0591527097207
0.25746201558
0.0543007607695
0.885388001257
0.625417302383
0.85973735866
0.79786494474
0.753034528465
0.0949090629478
0.752406134748
0.207696333712
0.261816679478
0.890420194794
0.886000410008
0.733618073906
0.577221444454
0.928411952185
0.63801425033
0.64711781884
0.530251353157
0.0824428910688
0.789665663904
0.744148119212
0.377695862346
0.321723190331
0.812086339847
0.836072055807
0.276980054464
0.917787189453
0.446376239585
0.405879557001
0.735665307667
0.897327113233
0.419870611992
0.404641253659
0.668634719707
0.0390349687824
0.171714207268
0.577661346693
0.255995727084
0.469671679784
0.613129749073
0.618480651578
0.785732338766
0.74824094582
0.15603291279
0.619113405588
0.338021637452
0.300099086973
0.860547287213
0.481416429682
0.601907324586
0.855706799519
0.560591347673
0.211386535437
0.283158040238
0.883397875593
0.790554836273
0.144977325925
0.531090167198
0.905440081608
0.866676050449
0.225004206021
0.925242178809
0.892333901624
0.897569890347
0.553930450594
0.643874086902
0.828628526304
0.6002001391
0.104562741574
0.899063937802
0.286246306647
0.308783376212
0.942204351133
0.47007100863
0.862198117537
0.919332305381
0.581232427162
0.911653042521
0.459642939997
0.698431715477
0.760378992899
0.139919151139
0.934004682925
0.25040435815
0.375821800751
0.727589498434
0.87373025831
0.925740076209
0.50623785066
0.808352744304
0.0574114755537
0.890288857369
0.312099921789
0.0887378314559
0.803934535098
0.927825160574
0.0840532201091
0.418011503552
0.522989477022
0.719957329421
0.0775130720422
0.902569838086
0.111890087005
0.425229213256
0.832706712165
0.880961283583
0.745988934997
0.915629197314
0.0392248518886
0.532796682809
0.188516869203
0.161030086835
0.203978236479
0.378023207098
0.142868958984
0.16994030922
0.863345566272
0.676677649874
0.652108656135
0.176808115554
0.556948915992
0.887022199394
0.654673311945
0.92024059494
0.305296810892
0.772043113785
0.876804089302
0.442972338541
0.714679159638
0.254345262386
0.54641008899
0.511068233147
0.608432211614
0.959158442552
0.756208335471
0.297855581592
0.913315086098
0.321755709734
0.821220419175
0.694974241737
0.0411430700311
0.930654680344
0.548449994072
0.0359667610782
0.522397941769
0.0269906530253
0.0329208128765
0.841943608629
0.904130087716
0.419253590267
0.0521766736952
0.0537112253399
0.0525291717848
0.726224258477
0.590766627701
0.513610570878
0.790767180267
0.339202806699
0.824806125634
0.964556657854
0.63720185464
0.433020243595
0.126249913821
0.827118649552
0.670684006808
0.033026111271
0.0674555455324
0.798709405988
0.938414525935
0.351854816702
0.152594970697
0.121185956159
0.670161007542
0.0357470650665
0.182562581933
0.887845484808
0.788247490823
0.0331996220528
0.689553241134
0.513385823052
0.341679819201
0.539103646192
0.0655498491224
0.637745587226
0.179958329805
0.141959040468
0.913315086098
0.153805212952
0.236360503424
0.0540742370374
0.948805013424
0.41536089059
0.650687402358
0.224262255724
0.0229439600443
0.974567606285
0.0106105214155
0.892816297622
0.568064176399
0.541271943652
0.821032589697
0.420174270234
0.817467656537
0.757184435707
0.688506454365
0.945630620897
0.899709668997
0.253072491707
0.867932427099
0.882929693828
0.959553123117
0.174445464886
0.639434238494
0.930436762329
0.691866329874
0.856229447852
0.375700604939
0.738160101686
0.318631439345
0.792156082685
0.113589326616
0.957068632837
0.0933578362504
0.0751810679034
0.740119512716
0.565490827891
0.903197974507
0.22420456575
0.0387583496788
0.933819507814
0.331759882894
0.338194416077
0.421792704983
0.815178904517
0.235988764143
0.528166056595
0.337819237501
0.0598068279971
0.9277095484
0.751263582133
0.219391607666
0.0398380819923
0.919531472525
0.889720440722
0.522397941769
0.428863868366
0.31364667316
0.154083502616
0.0471315165332
0.70810203842
0.663250298932
0.249233646927
0.493205687514
0.600074236244
0.269217629979
0.692172700386
0.508230860269
0.935966099916
0.335043173421
0.514882800697
0.9242148916
0.549560129106
0.0824679910458
0.957830413944
0.100960843235
0.519850170505
0.77921424826
0.42767755497
0.741339396032
0.116480841513
0.796053459671
0.143160860494
0.809548873614
0.827142973349
0.210871088079
0.703902440209
0.113758741331
0.946700552386
0.584215768503
0.460764760399
0.70603318133
0.0931816366725
0.0429663480527
0.0594570094798
0.630173303858
0.0662691194672
0.771839150589
0.604257770175
0.0242467825438
0.224365300792
0.885645513199
0.374944449774
0.508578147967
0.141164284191
0.676558423338
0.350591562699
0.439219784351
0.278672757457