0.158315949198
0.826858744527
0.0401509566016
0.169386862699
0.548547667465
0.185902821298
0.673396260327
0.981113150323
0.0118889289674
0.925379485524
0.117303059187
0.91595913384
0.633176181522
0.349490289865
0.94980517549
0.686643292779
0.987279227547
0.415939483551
0.877918171256
0.520355652181
0.821147642675
0.0469971683508
0.847661056455
0.74270666538
0.07885159776
0.0210376315043
0.097873217545
0.404604228516
0.0437187982183
0.592982987861
0.056206398784
0.96265022143
0.822695533482
0.628964983331
0.760852219098
0.503591119023
0.541029351958
0.644705936582
0.694769866467
0.769301996554
0.679158430437
0.079543030348
0.161828243544
0.989429500936
0.0962359976126
0.672850106277
0.700205176
0.0367795021609
0.0981690047579
0.541423513204
0.116835070411
0.071887790214
0.0380315856407
0.330971760525
0.950287789758
0.160711634697
0.0945968502309
0.572555238325
0.0331763806156
0.989840062809
0.182174070818
0.441442422978
0.0880217598747
0.538716187573
0.808856406713
0.0636688347275
0.428335672937
0.268601708639
0.462438557521
0.341304591153
0.905484739896
0.231153181849
0.22165103799
0.863664332728
0.777761850484
0.927042782649
0.414203936178
0.550284724651
0.330828407078
0.00435014309445
0.359274204736
0.0228247599797
0.169428692727
0.700639901682
0.396902164557
0.330854272382
0.550078815068
0.236836438757
0.856217244275
0.708735010585
0.261313625984
0.0180022579599
0.971719890371
0.935020413914
0.176732923933
0.143390295932
0.947123317971
0.644512593372
0.692490836946
0.710038407385
0.310564880773
0.948529496346
0.94622513425
0.598270928571
0.447360967646
0.360360387072
0.217076039146
0.74551251321
0.184127268817
0.864370456212
0.351688091084
0.25870568471
0.925603241479
0.25247059918
0.980161426892
0.858143407507
0.688614856509
0.971821980324
0.955426225666
0.906395817553
0.906468474644
0.913239480064
0.018056668827
0.896874378854
0.797370834577
0.928010249357
0.788711486636
0.0284691762515
0.681318243215
0.919481068718
0.652191899837
0.19044272486
0.054671040465
0.925865626656
0.0596496968296
0.623618638541
0.975991459873
0.291988236286
0.817441983789
0.145059013294
0.975921819484
0.948100547499
0.696552983136
0.952509052348
0.217685478494
0.0053211281109
0.135810164739
0.017902343931
0.271442871529
0.887045040377
0.23834930881
0.0700002760463
0.990029986808
0.948708015217
0.379759450254
0.0532780246339
0.832948603503
0.992852950301
0.654601571314
0.417663616097
0.883667220312
0.411718746884
0.783759898427
0.271411005275
0.763523269266
0.592543161336
0.944039784182
0.960245502071
0.149334464024
0.0666083013959
0.555981050202
0.498589999451
0.0888022660862
0.814783760788
0.317937299382
0.0791593683931
0.478384122893
0.989659494277
0.475620052373
0.969706743831
0.701181638822
0.26557369785
0.869557495519
0.370971248662
0.331014056582
0.832991315801
0.397504124881
0.0550431645005
0.407765219591
0.973032312477
0.853673561826
0.740005445587
0.0105598390652
0.704615796052
0.889513741247
0.966083214012
0.39284052057
0.985458041372
0.940001909735
0.687730812822
0.654169734838
0.977558001109
0.232335838889
0.242490432504
0.984846630726
0.083506440606
0.0468922359178
0.950663325656
0.00361005870367
0.0290885914067
0.983573762406
0.734862880186
0.696397956856
0.859683905579
0.981148045092
0.330828407078
0.852509336596
0.965343570637
0.95941727249
0.0282142664679
0.810459349239
0.908235198901
0.587999807351
0.160245743663
0.388935497148
0.367380250479
0.984404887376
0.00501896902553
0.868675970172
0.438792634172
0.00691795095494
0.100958085827
0.0979900750007
0.890698919513
0.815835467182
0.588144142456
0.0305732311012
0.486388645831
0.368310116107
0.674030299024
0.987170560115
0.340194828352
0.520692912366
0.908116259782
0.00895904885854
0.707924518503
0.00479679739742
0.97406466387
0.964399438657
0.505023420587
0.981527940899
0.983722482233
0.481092929288
0.528501509304
0.0213918040295
0.0285100734802
0.215699176863
0.21751146621
0.544541150131
0.881041101191
0.0506403071214
0.990547902395
0.755051830662
0.949833517434
0.877695990338
0.200728215191
0.856796066022
0.234926766234
0.731304106847
0.81498035475
0.738247186058
0.97543946906
0.667079726042
0.0416792207785
0.899768734497
0.226477464777
0.962686759352
0.946485657636
0.565564943213
0.40641208026
0.162720641481
0.864647576478
0.939615207956
0.858969640116
0.549964146217
0.549549115003
0.739716703652
0.958201972392
0.787511886201
0.0934475695335
0.944923073594
0.864015496965
0.830602545447
0.0471484491162
0.975846425069
0.375726376496
0.929077285708
0.972677299092
0.952218238508
0.858544293621
0.00666007347796
0.396902164557
0.591409710093
0.19405269873
0.939018797382
0.0607780546173
0.00539572726376
0.567155831394
0.831612385122
0.0543783262939
0.364944427401
0.120670584472
0.313815910784
0.746916738578
0.797760849988
0.857467305796
0.97857762918
0.0833966227544
0.469190097955
0.587877214053
0.28631434628
0.695391555494
0.0115767270907
0.937098994389
0.975135247128
0.0365885104306
0.179461267129
0.557983237208
0.957130986207
0.428335672937
0.239738291034
0.0962359976126
0.932976678085
0.024326182026
0.642788519059
0.929851338821
0.602009655532
0.704893325912
0.704103896221
0.786228928354
0.979557964081
0.934678521569
0.765515901339
0.0284483852904
0.269839409341
0.165736620112
0.924151795653
0.381020394471
0.511731515547
0.027487274036
0.747547239752
0.42751362596
0.747979059283
0.00946269970664
0.363687633909
0.875620806786
0.885985093112
0.685727767821
0.0609976525464
0.992423970604
0.363281538045
0.883846826642
0.81766085861
0.0439391414577
0.863102812886
0.0189766642773
0.0183413588693
0.500242341155
0.87633208499
0.932107034732
0.138544027326
0.111918941478
0.634165051389
0.323502875761
0.599513507414
0.947599148872
0.851803564323
0.557456650229
0.106331219872
0.571195671711
0.0110338768146
0.606592651852
0.963601990107
0.373603213932
0.0423054653566
0.513716460585
0.243648870794
0.354531557518
0.656874374397
0.957538182176
0.817615525128
0.103082809485
0.0433459550876
0.0328974260354
0.304933400122
0.361322169669
0.322427603848
0.421557175655
0.678020353836
0.00520004482321
0.873832451002
0.551364198203
0.0893485029896
0.0887705932925
0.786348903254
0.984800731366
0.648373432732
0.975324847353
0.655398600735
0.0111701785996
0.0145006843592
0.589310097512
0.834921204282
0.729236562767
0.578693332111
0.0225698816424
0.557335532809
0.0177140262148
0.960149019757
0.933320013459
0.174601798396
0.20751260808
0.908238347888
0.0831846021255
0.00307520264572
0.0465139359202
0.181286275067
0.574078601255
0.872292435078
0.772396953073
0.034014818026
0.143423665527
0.883819352593
0.0695064939614
0.451014827638
0.910005822992
0.525292927214
0.625716169507
0.0826153154484
0.824426695218
0.583831978791
0.627626642151
0.102054385945
0.388544466462
0.713123287321
0.902509522876
0.0639976771414
0.379037940672
0.221084309389
0.481693222805
0.443038376288
0.665119091165
0.938469729247
0.745318488871
0.821328291078
0.061605835028
0.0923723825837
0.194505420026
0.0750085069899
0.265844995123
0.664966725981
0.897699122281
0.0941844047169
0.184933215316
0.00438438025369
0.0197602972082
0.148253546139
0.555374890599
0.898937747649
0.942002355987
0.728816954773
0.95879563682
0.828950141791
0.106631055483
0.357973687645
0.0125199106247
0.841101053557
0.931097995047
0.825788237873
0.929077285708
0.81038254979
0.989753862038
0.0691366221433
0.846314272052
0.642352668874
0.0510442522561
0.0339892674147
0.231045058231
0.927981073031
0.648017307975
0.0688703357056
0.0205128517794
0.977449652627
0.332069472243
0.910372311781
0.874693866246
0.67264232101
0.798795428685
0.819454958244
0.687228367785
0.69188688789
0.268967900617
0.330865156305
0.924617368793
0.979371085055
0.673125883601
0.100376293649
0.96850165878
0.0148088924933
0.0162788392938
0.305624416255
0.107187782862
0.0557359947248
0.352092846361
0.0246777414824
0.0165173952626
0.00628232725987
0.918024145553
0.985206283741
0.420518341847
0.678563694506
0.450486437125
0.84097269034
0.933573320527
0.456068219674
0.548007692402
0.355222851846
0.85142987218
0.874254137547
0.063610921786
0.978197397179
0.855154920089
0.730629093863
0.672664114001
0.0180258158082
0.969370235158
0.853453163394
0.210131485083
0.15903790839
0.0238555528132
0.0934711272286
0.938863761689
0.328558497164
0.930648456501
0.745272345395
0.164143100148
0.529148003196
0.118870802778
0.905689985389
0.00333042969659
0.156096416568
0.0182694270131
0.507265926717
0.754706214076
0.951923946953
0.00895904885854
0.924326363089
0.941338386447
0.972920270315
0.351289778704
0.949799136263
0.215440388017
0.771830811646
0.46051393314
0.830602545447
0.0917716734753
0.917117515058
0.302395405274
0.00551068235989
0.602090727953
0.955988053028
0.432665436685
0.947356160343
0.0828937288913
0.987395913188
0.0516326974081
0.00354635742648
0.679440654964
0.00352709383687
0.946501953816
0.980661508883
0.940553172141
0.0508413510403
0.279384562743
0.319604484615
0.855019359637
0.6306939013
0.0336591211233
0.0343918829308
0.36336678507
0.612293161082
0.56100299036
0.220920767913
0.631360610673
0.874071568778
0.194829322679
0.672685391582
0.914428441959
0.0481059701242
0.522321432145
0.650026083571
0.920611531507
0.35377622098
0.925577978451
0.0153533459461
0.271331168606
0.406853112301
0.0673027118218
0.0291238278531
0.740909596387
0.731813221847
0.0159631168875
0.359378265204
0.164102710477
0.518875683923
0.743390998468
0.0349379386093
0.0186477713701
0.491561834951
0.926579605138
0.950663325656
0.0436785467819
0.933176760132
0.831855841005
0.00374263339736
0.615210319542
0.992125975034
0.184622828046
0.220517020326
0.934324637222
0.762062076166
0.989145374485
0.090031891507
0.128490768314
0.552861733948
0.635228963727
0.0813716972573
0.637569216402
0.990594196325
0.0224359966853
0.869478713144
0.869076505902
0.0823974238249
0.233335229831
0.971844179954
0.868732386558
0.649963995154
0.365689412933
0.903005867229
0.7628108005
0.93722614488
0.323955676768
0.537426175314
0.100883292816
0.0500311659251
0.910611237075
0.507680787951
0.305376209052
0.00204028854674
0.868040686053
0.204793746692
0.425241821729
0.93611350121
0.56422174493
0.357249712219
0.00633467610322
0.151630151223
0.59353302816
0.680080104757
0.99053142362
0.884637829237
0.00457887711645
0.117666821983
0.581688133012
0.474007721551
0.0131966991778
0.412696494551
0.0138394191404
0.245067559175
0.971476446739
0.523728210361
0.407514463455
0.725419064133
0.675892883491
0.9735803921
0.0579096213036
0.56533088999
0.147324578917
0.545404191622
0.56741686856
0.993714684537
0.021547231312
0.826453774528
0.765751824229
0.611428649851
0.792179771355
0.875651542951
0.937291624597
0.0507112598252
0.990413504572
0.488133775187
0.0788082715833
0.442676815555
0.31094072341
0.759702277711
0.144248041373
0.0618068152887
0.175601390137
0.974685536754
0.840303843132
0.383264398578
0.00972132280881
0.386097012055
0.798300717891
0.0487186199599
0.361190821544
0.98154764202
0.97837605452
0.0417063932459
0.638447938484
0.799685068276
0.225251347752
0.325781279603
0.0262210338713
0.506223161825
0.975295791407
0.0927936420337
0.242030610385
0.372859985837
0.379698404446
0.617392355912
0.65805766524
0.831759422733
0.97012552993
0.59360796451
0.88452440003
0.466445557491
0.0529534075882
0.0540688790497
0.0718601969006
0.861782121363
0.968998426171
0.106117840314
0.971051507934
0.594445430063
0.964307835866
0.312237452902
0.0762737577823
0.918535902024
0.650327368516
0.182971729795
0.582434151221
0.0610839330514
0.29449211325
0.252603383803
0.877755168642
0.532728627543
0.183725620343
0.701289608892
0.960650344095
0.748187237816
0.657698352419
0.562266401152
0.202152625926
0.0897650152168
0.483754612171
0.185228236672
0.196962087753
0.91528029876
0.941220084952
0.456140187361
0.117238028396
0.0720098527855
0.340694665834
0.0504683726477
0.644451915537
0.0953432658629
0.977620900078
0.0328072532697
0.0588013333124
0.962996447313
0.979033213425
0.511246164064
0.404481478449
0.538586027161
0.875570966644
0.476840530919
0.084267790475
0.269021623364
0.910400097078
0.789041890963
0.749667894557
0.113056710694
0.334442465417
0.877456057608
0.983390341726
0.303553017797
0.0374991841451
0.0285626718958
0.0672618316477
0.932378427742
0.77365044655
0.0463929323238
0.508053162525
0.49181081951
0.325089647038
0.314202833918
0.908627072616
0.553387730159
0.449471863395
0.516422670499
0.801837084018
0.644121148107
0.920764482049
0.954806565323
0.304284521338
0.9021256641
0.972456882191
0.0676514257768
0.226092460312
0.229246054801
0.345596982503
0.956523895285
0.0209417309725
0.354799475282
0.00680922453075
0.709857629533
0.778338691129
0.305376209052
0.868394205829
0.0360841099282
0.895488840011
0.988248431027
0.971174713313
0.234347730315
0.793076735914
0.939335133707
0.888982351158
0.0230624785052
0.379080891276
0.296345179715
0.217139183463
0.020670505146
0.255302711418
0.967867814408
0.978830275841
0.497287730072
0.00386333348552
0.642023998252
0.597317043746
0.606635354698
0.967943396497
0.975556654718
0.967795473964
0.300868454877
0.712641940857
0.895802849774
0.919074825992
0.885029074104
0.720535999717
0.901489233955
0.449620339987
0.123338103977
0.0124812201262
0.595492180828
0.0174101060471
0.656291019598
0.951454338289
0.913629479115
0.488926101296
0.952328724712
0.0106257183371
0.477518960191
0.967099158104
0.0427904768392
0.98973836713
0.989948349537
0.0709772665276
0.931327509627
0.766973571251
0.803280317728
0.833612974859
0.980690585008
0.111188323717
0.99083883838
0.14374082818
0.213967694436
0.182180758289
0.919649634409
0.117596085886
0.835464926856
0.371400136419
0.851962748521
0.0221342814865
0.813400545773
0.288426741989
0.0958481769688
0.0123270793162
0.0437906502493
0.0302937477801
0.253735692222
0.914069705138
0.931736010363
0.574561255228
0.334750390023
0.639650481837
0.642818906121
0.167939993599
0.435719779179
0.986912446072
0.656213250424
0.75967401551
0.795540962279
0.0184996548965
0.059915872599
0.218610638336
0.223884073917
0.305495481222
0.721008146423
0.759379026997
0.913435800263
0.0284923043551
0.0879953276651
0.103879841802
0.0600121459587
0.109431132417
0.496153075493
0.95467661894
0.0198612682725
0.689980343807
0.0946082669723
0.0740047160785
0.183854951522
0.700856881703
0.767873142625
0.228630141046
0.523509127924
0.0609976525464
0.939859018177
0.112998083819
0.0117669335229
0.939052245826
0.318381780836
0.00278677585636
0.632937063982
0.353057227362
0.255967118703
0.130460764927
0.042135520245
0.407795754658
0.118097705269
0.7717113584
0.443420926256
0.642818906121
0.0471944922065
0.884941792692
0.846060301777
0.0150504632982
0.873660729024
0.300939282429
0.988471499852
0.634326817947
0.959482895424
0.0344810164832
0.863429497937
0.874565915151
0.913624867184
0.598745192443
0.182019632038
0.901690337597
0.737360218271
0.785537556266
0.628237954941
0.877535634415
0.325811810247
0.160659186509
0.339284710659
0.135833546487
0.965259535519
0.969563444185
0.720919334215
0.205029330264
0.141760147632
0.666184803352
0.975818990961
0.0212550162779
0.715647170264
0.213967694436
0.891823536486
0.450369483457
0.765787152811
0.595415646219
0.931925090081
0.0618042952553
0.131326113253
0.621636273835
0.944149334733
0.727925491263
0.764259134549
0.59537184343
0.974864484907
0.012546118551
0.99280473723
0.401043891818
0.937751571916
0.626944667927
0.482123756876
0.96543834511
0.957118620964
0.903329072752
0.981194668465
0.682878893653
0.275644316542
0.497604579983
0.134404447412
0.9782846947
0.0366556947156
0.625444034373
0.840407276908
0.175132157245
0.373456177801
0.21941519067
0.681214666502
0.140484005048
0.843075877862
0.166541723477
0.057865199549
0.0241438804857
0.0210912097269
0.738247186058
0.0631385556406
0.744367726463
0.978097125874
0.701538657406
0.977421054656
0.0752133662172
0.756556612642
0.748183360236
0.34736306309
0.397996671219
0.234072726213
0.959535038179
0.829498658799
0.232599427959
0.641719982933
0.67589459706
0.163660618675
0.0900132872114
0.950226998963
0.821591909279
0.959358057165
0.468001406464
0.175972658039
0.448915152267
0.0512391165434
0.427348604061
0.307057360027
0.938970563734
0.00240653582907
0.947015994628
0.841880614758
0.0835124374521
0.843631516062
0.844970234919
0.207266414348
0.841382412577
0.79661042568
0.586362328255
0.720405735838
0.461867458174
0.959405414579
0.940502890043
0.0961405758841
0.153292681631
0.584028647114
0.605926462412
0.795734766035
0.406913908564
0.0105173061896
0.0111000830802
0.985941206497
0.096107509008
0.299080396656
0.0063429027172
0.161782610469
0.58616471728
0.0167319594304
0.425360441843
0.0574918476231
0.980537819335
0.488337376987
0.372495223682
0.610190664535
0.732066094901
0.020670505146
0.957305741973
0.713933465828
0.967778157825
0.969493373431
0.993438868639
0.793757613286
0.487328653075
0.757255152062
0.991216667318
0.817763416666
0.0554336939724
0.894308748761
0.0464503478507
0.0991886910681
0.37152502819
0.0974125578759
0.746790029704
0.0739907993468
0.480618606718
0.171451632754
0.676009029892
0.0130386337151
0.332069472243
0.102736703266
0.19398599966
0.915514029269
0.601425448991
0.0183575753032
0.784811893763
0.436849946466
0.389630589664
0.670460195018
0.375680310518
0.0305906583645
0.325645046921
0.21941519067
0.895802849774
0.111308541554
0.935403308953
0.439343294983
0.09490479243
0.270285475451
0.902987112671
0.900299518626
0.176732923933
0.736629940064
0.659525138276
0.184783816133
0.071413379805
0.99423922898
0.890540296667
0.960080462113
0.360300589177
0.645349376362
0.444454564587
0.158486027013
0.502672536536
0.833829321821
0.322374047751
0.835200039691
0.898334107825
0.132522362723
0.366132196099
0.631305152808
0.922322238458
0.0717130412931
0.639037603766
0.213647071296
0.522999798469
0.930388840997
0.00501990741982
0.0287038952812
0.616164009228
0.290015086171
0.0483526177057
0.211976584984
0.100626750459
0.101049037338
0.108284085202
0.93777337001
0.242681190496
0.552193349319
0.00359302692497
0.176536540907
0.801234597007
0.891022680569
0.185849048039
0.988408088699
0.721206375527
0.450850580037
0.0577137679621
0.119166479321
0.0378682129436
0.967202008043
0.0575407248295
0.343965964959
0.532554735718
0.941771836005
0.987001334284
0.834235082111
0.911185871887
0.414333008291
0.694946831011
0.893723340852
0.832948603503
0.25597377805
0.0676550761
0.960767097405
0.953014460325
0.9903380071
0.347577223717
0.409972093246
0.0122511213608
0.69707312181
0.568310519669
0.094695058373
0.298768267203
0.471732018078
0.134339533326
0.683646307579
0.212656787942
0.947911548959
0.204297345483
0.936469753348
0.96580544743
0.839739926611
0.908360639349
0.895251398329
0.0681083955096
0.277991068581
0.899915602594
0.777861090281
0.0880681606391
0.281323094017
0.981931153163
0.605446090822
0.641722732473
0.854989764348
0.586597242612
0.577383482162
0.735339785639
0.0360442686781
0.335198890187
0.00282494284743
0.379920438157
0.0336418896258
0.061108791941
0.0611221812893
0.727270593209
0.582095148325
0.474287254817
0.628420607241
0.704592578608
0.974012475103
0.878052223066
0.447580087478
0.328558497164
0.283606499579
0.923577308668
0.270971908644
0.943189737041
0.984482452511
0.9934218727
0.901979296927
0.391324322916
0.955869640434
0.0799472693837
0.623404119718
0.281187773287
0.408416859038
0.147509304455
0.992008188299
0.564380842185
0.964737426568
0.953283810824
0.32983931136
0.882473020907
0.766665770518
0.485533594998
0.0518813488731
0.218263224242
0.79740893991
0.427353372291
0.857781859295
0.653132796567
0.0618380177346
0.140688609045
0.975355146241
0.226609578233
0.363386702693
0.877349825121
0.340383660471
0.995202375576
0.164702200262
0.249053964222
0.89367288165
0.108144744698
0.0533826424361
0.23374814173
0.954076745167
0.96037808535
0.0512728910566
0.104918355492
0.195584909179
0.96823484088
0.0355869504334
0.00623071942859
0.871019077895
0.471323000099
0.762244265333
0.625281343512
0.621928452124
0.0620831779217
0.744701220135
0.0896189915293
0.709076792603
0.0544627782538
0.0462263475641
0.560326164293
0.0538517862754
0.88469707453
0.95036252358
0.737329013657
0.929858847781
0.938334454805
0.907894840983
0.726422081014
0.130849027788
0.258288988337
0.118979021589
0.929869208799
0.033388161388
0.106506618578
0.0602169296968
0.734976033511
0.010331994333
0.985458041372
0.838116785863
0.968328754041
0.984468542226
0.0441006269943
0.810466611939
0.0234983451554
0.254224886605
0.810617000623
0.0248929318745
0.302071555918
0.103935898291
0.0439803728871
0.983948975568
0.626000846583
0.0471328353857
0.300287048251
0.591585969474
0.995353909069
0.3712315893
0.29622368638
0.438845753495
0.481843723972
0.193665782215
0.458039403355
0.0580804615095
0.893432790872
0.294378456579
0.690755612331
0.965063203098
0.65277964616
0.946156573745
0.467657175629
0.92242361102
0.497457300597
0.898927322208
0.0374591886552
0.096107509008
0.960924523355
0.307189951047
0.07885159776
0.640932517289
0.683807242558
0.877587044295
0.885644089571
0.0554481918294
0.925454262414
0.865923352586
0.341951402118
0.295315948214
0.297088361562
0.513405450854
0.0763121851304
0.0398577779035
0.662000226436
0.284978353707
0.743532091353
0.963132977802
0.303544279814
0.00413076142941
0.676055880007
0.968739194503
0.254955224792
0.468525472956
0.928672177796
0.261552751327
0.207679710345
0.986754542615
0.404035587286
0.142499211401
0.617194298398
0.64302567575
0.210932301424
0.768514102379
0.886952264047
0.962510549662
0.178746886227
0.311308981997
0.948057603975
0.916258178854
0.00907857793707
0.0543783262939
0.0185182730886
0.340080651542
0.994410077377
0.952430521998
0.370801749614
0.672444236774
0.526784163118
0.514225774759
0.0353388682829
0.0126395441759
0.357031422969
0.980868777883
0.532665523671
0.739655861133
0.00319282656004
0.853320225512
0.88036916492
0.926364656791
0.919353095618
0.0476910254926
0.359965227322
0.875889399064
0.84184828011
0.470107616307
0.74387730563
0.896985459785
0.648284854966
0.66895608706
0.362633691903
0.94810991086
0.229655793046
0.976064267719
0.8694851713
0.792419608018
0.532352651439
0.110702291278
0.374382431543
0.046466995849
0.57998638024
0.841281074934
0.131776818873
0.113569843469
0.826029250418
0.531859093715
0.821706894439
0.0921751080977
0.154842839309
0.504346933476
0.572063151484
0.608234411239
0.336066995948
0.00989293646309
0.670557906393
0.145295315429
0.286127704159
0.969308296059
0.908552353334
0.218738835215
0.0590891926237
0.584876666921
0.789636760207
0.990685031184
0.756998102541
0.0530258653533
0.892492760422
0.777867325951
0.905089216614
0.823315914949
0.988271777659
0.0891695165372
0.956719211528
0.134514032635
0.0525493965069
0.977014006927
0.838232639163
0.876492341914
0.553883126513
0.676893898736
0.49017105418
0.738631550775
0.86840815412
0.0810374086036
0.850725113629
0.966360311168
0.0856053135999
0.920248650227
0.449077068285
0.313918929168
0.201235708203
0.789991792684
0.97344433024
0.751529480152
0.408091202818
0.929631234055
0.994393825221
0.165901407165
0.864764026688
0.0518711422767
0.933531969694
0.960335299024
0.279920274839
0.938108944119
0.470252204833
0.548510243704
0.580992864811
0.638432340339
0.916577927065
0.147397311277
0.764279372424
0.972391982045
0.477763988019
0.706302363519
0.785521154467
0.0188604470805
0.583220904438
0.945159652911
0.690268651927
0.596666906802
0.705455029252
0.543705693175
0.104533900342
0.910015243427
0.310019999135
0.00432308467642
0.333957118149
0.975208178135
0.120045558253
0.652054215112
0.118444423921
0.0413534768339
0.915160905802
0.969321196465
0.569466279236
0.579282258329
0.213715209743
0.624378285481
0.052445340244
0.783975714729
0.10772109497
0.989670791413
0.747464604331
0.432550975369
0.025868632444
0.0549687752935
0.986832619005
0.507373195899
0.402826505485
0.645137988016
0.0362554493359
0.354665203126
0.652094524383
0.145627647027
0.0600176881699
0.972329442285
0.935074592196
0.0322960840725
0.883361139498
0.870994707943
0.00958549946279
0.836943594884
0.52206027934
0.905559769898
0.661165981991
0.0233894305855
0.167103151827
0.253615858201
0.202328848732
0.186442833623
0.904663064999
0.874038267801
0.010521100605
0.218102442349
0.00778522640867
0.877535634415
0.389575339612
0.688461903814
0.82355357464
0.540368014043
0.885260872266
0.856304471874
0.81917286044
0.0984350805018
0.704679964931
0.800305760096
0.605699123455
0.161580521204
0.528366129647
0.0755523914362
0.937387748203
0.425953396376
0.952257305549
0.108430875864
0.0202785563698
0.787612854396
0.679412404243
0.00296663399266
0.858370938495
0.757513919042
0.827031013652
0.00631065281306
0.897074834412
0.0187718139071
0.472328487191
0.903309277768
0.579743585345
0.908328320437
0.274059346293
0.886374388176
0.0501849155213
0.202790145805
0.437488664056
0.408985502094
0.968378058283
0.220672618157
0.974239366004
0.0649396239942
0.700558099777
0.944351148095
0.452082055383
0.34174925422
0.186231957906
0.990028478981
0.649273468866
0.02978667477
0.760470482315
0.167935348428
0.591228230725
0.987331564647
0.986605548415
0.446277088415
0.748440722947
0.729679646137
0.961354224829
0.866930669001
0.991682801765
0.476587868423
0.144263298578
0.0995337045457
0.994362090666
0.444641149514
0.542105206717
0.864656733687
0.881459811097
0.573638972303
0.855428500474
0.0769418359648
0.106479092489
0.696096176935
0.982699863942
0.0153169929839
0.965955593379
0.947302390787
0.471353576248
0.0820316744603
0.119470775786
0.129226427099
0.404109458632
0.843344347494
0.975417204099
0.451541312229
0.311928752102
0.79940032387
0.237687020529
0.502270293295
0.795423941386
0.924680324546
0.0436001886436
0.587420713474
0.89988395074
0.793331475032
0.580805491007
0.183785595648
0.825439070282
0.787990595956
0.0717852270584
0.532391364356
0.0229014812724
0.953145156671
0.261919011063
0.945988787028
0.285048148782
0.642563044224
0.494311867445
0.0291902984162
0.359957369846
0.842659250979
0.721558084001
0.670011944447
0.214185574203
0.595444241308
0.952446157957
0.173260156175
0.180879446209
0.0445858271319
0.457970246291
0.696269469744
0.124317624575
0.905742326283
0.118944374546
0.539931425617
0.891823536486
0.713416858758
0.954449367008
0.94233794621
0.642408959375
0.659027706787
0.970072049186
0.236203865602
0.00615186962967
0.0312321123438
0.0179773894285
0.116745541304
0.810297389291
0.35263033202
0.850725113629
0.704615796052
0.778110691462
0.0299888006208
0.0181560000409
0.0177597638001
0.229727784616
0.58825669173
0.912665771051
0.800628971461
0.505399317587
0.224504558454
0.328608476669
0.782116087667
0.891678217584
0.855422108606
0.334402566563
0.686906559523
0.960104168414
0.886455546839
0.681245741623
0.429838229398
0.262473885598
0.861899335802
0.321870480983
0.85690297139
0.531772825661
0.332524288711
0.912962587351
0.893433034379
0.218663740655
0.183921031449
0.527116924403
0.472333788229
0.896733577059
0.205611633304
0.00778522640867
0.1593813732
0.959798752446
0.397773808107
0.957159057877
0.518740611384
0.0281652311378
0.870541907666
0.277647034094
0.292171704561
0.627134222765
0.956626619586
0.386097012055
0.239261487288
0.274428930943
0.803073809477
0.00505005070339
0.254513106891
0.414845874087
0.997771435014
0.00681365295049
0.0281625365234
0.307957092776
0.212740438794
0.867550437283
0.536580481367
0.65230394713
0.257416396862
0.519951857591
0.960561585614
0.0528437468884
0.986729376953
0.98616606068
0.851537294349
0.304289270733
0.0206929738413
0.235466476167
0.276715271503
0.977884871182
0.938654731954
0.995888762477
0.217307500677
0.7615424508
0.899542549067
0.902445731666
0.97644747646
0.0536432305403
0.568540956316
0.956976503038
0.218880869305
0.730718069748
0.0030938753316
0.124259571843
0.0867795845598
0.857087296778
0.492140668019
0.95879563682
0.925881601522
0.409965394968
0.179237828699
0.799680202239
0.6698348357
0.960946930848
0.964307835866
0.220131725571
0.249773354458
0.788993918761
0.0419643659176
0.158058649606
0.857786918179
0.270274424145
0.0418641934578
0.869349246095
0.945908200572
0.235987386279
0.0623800704169
0.848616974479
0.975729364019
0.00243464449448
0.942407357385
0.0534736967368
0.955075496149
0.00796498897491
0.498392068183
0.0728321738897
0.0482494307058
0.825526325252
0.248232940217
0.814140016468
0.0565848922653
0.4850221032
0.0220855349705
0.421241502705
0.0439664344085
0.51906922697
0.218610557094
0.956668012964
0.942350260057
0.722451887628
0.853054739781
0.628668551595
0.980127350965
0.135841001731
0.178967998569
0.0353209794835
0.981232814825
0.253309455211
0.926601282671
0.213031686667
0.320168854922
0.266083611346
0.903314958611
0.102785641724
0.682890431732
0.023476295647
0.0148977066345
0.277010630124
0.673716192415
0.124286029556
0.359419251736
0.214214940947
0.0594842880842
0.938389849244
0.556961489589
0.293114781459
0.0815213596186
0.93415713435
0.36971147538
0.56656306559
0.155258619501
0.604265768121
0.705417226631
0.188658367838
0.112989213963
0.982493291532
0.72413687607
0.44422543693
0.603967299478
0.334466851859
0.0719665264151
0.039261318234
0.069789902658
0.813869268496
0.905176947543
0.103535572225
0.806772222132
0.0404686145197
0.129307140947
0.133961439467
0.1699374648
0.6655835261
0.363441290237
0.429135770174
0.803996773089
0.837050223074
0.0124454438558
0.0401892571951
0.588109946259
0.597751269945
0.09273345489
0.639002928009
0.0491502908792
0.108536064825
0.267144533071
0.689768192183
0.939024272533
0.983784327188
0.683929977021
0.902240785906
0.953659406183
0.455939318167
0.675904925748
0.961354224829
0.969255246921
0.44312089495
0.607335926085
0.714188249967
0.98813980005
0.0154101543617
0.920951342316
0.0420528304231
0.713829414744
0.714519590547
0.97707700874
0.0484123285775
0.0317665388239
0.461953634554
0.2991259117
0.210932301424
0.0147862096235
0.782069630206
0.6297081618
0.298930494763
0.627281471692
0.184583432282
0.679781145724
0.935937718645
0.0242007389207
0.17364053118
0.688314054427
0.367235523831
0.00346716307007
0.114632006957
0.935338063928
0.438029686806
0.285835502649
0.565132177831
0.351234028687
0.925890130519
0.175177344846
0.461823446539
0.0767304734418
0.109660045517
0.859971569984
0.481563380038
0.964554383199
0.989840062809
0.160894511838
0.0273732498505
0.341721858501
0.879822023261
0.965804821599
0.215168268162
0.981579362531
0.913030970872
0.178875884499
0.870846636605
0.347314901522
0.661749314862
0.0188686907465
0.499902026706
0.74877313046
0.520899362863
0.304002325817
0.988278259556
0.0219007328833
0.286742526323
0.0648654953272
0.614155338048
0.898993777663
0.0642974068101
0.773172023878
0.392439630634
0.582642826246
0.673756680253
0.19713860535
0.822633374263
0.939480045263
0.0948325205352
0.457132305565
0.957368419376
0.923094118227
0.00736476504911
0.840499755449
0.932939950294
0.484861384321
0.0147305687425
0.92417875352
0.980944707199
0.205178960566
0.0843937717039
0.0153940798355
0.991748182083
0.472487045645
0.380313825465
0.187605121563
0.991326496704
0.0283620708099
0.946760581455
0.969902668989
0.475119086295
0.984021459651
0.00481672293128
0.340947137375
0.631525322232
0.3531382978
0.335088002523
0.303723611646
0.992182065196
0.759994415058
0.169480450541
0.479376436001
0.702392070782
0.977809939517
0.901632748119
0.961096534087
0.0980140776104
0.741633754648
0.943872518165
0.00869832645386
0.769653344535
0.800170157843
0.755413753883
0.0233876553666
0.343322884653
0.392495517501
0.688812588147
0.0179098638184
0.389938457157
0.677582962353
0.977571341947
0.937236159085
0.870994707943
0.980008373621
0.601269049433
0.503172589298
0.312323193202
0.0495477508623
0.0547570209097
0.501224649447
0.975963016896
0.0276392992463
0.754493879923
0.907607270934
0.0447060786249
0.899894885837
0.942761542066
0.909646571484
0.475944093741
0.960221326505
0.10175091239
0.104655461057
0.166389260511
0.924069646317
0.474007721551
0.390580588138
0.381089713018
0.72864346571
0.111458678689
0.0694417021982
0.611858600281
0.0931667181272
0.281422665013
0.784099096624
0.972352263243
0.504346933476
0.762089594528
0.181687531046
0.883243255906
0.545123690921
0.635675055904
0.288333234862
0.853249303503
0.565829536311
0.303421915921
0.798205325984
0.194741271684
0.450031605647
0.256002768523
0.440451195493
0.276217253158
0.493871465726
0.322515454104
0.152213869924
0.179360585319
0.736044785086
0.0186623584859
0.049545355931
0.807700527609
0.103130349206
0.513852811514
0.269651200553
0.0139335595555
0.286610706089
0.990354976838
0.906268950339
0.0250810903466
0.0439007173179
0.0328316811334
0.168150711067
0.608140000237
0.972362444968
0.101452963309
0.00509872475196
0.784677348047
0.875066980376
0.319204280392
0.945622567729
0.470416927099
0.351849056096
0.0450890536747
0.925786216994
0.326513925673
0.705092337331
0.901314327811
0.0119053204079
0.684850003144
0.683835264246
0.0329673623745
0.197262845861
0.250799473097
0.489416349308
0.110235084983
0.0178521436083
0.27775003314
0.857027458018
0.125618832354
0.587831601949
0.163998431473
0.162875476382
0.655219569139
0.449763834489
0.991092042511
0.681152415118
0.396970691555
0.409391030519
0.936078976682
0.187220091086
0.115533795158
0.410939427118
0.643607522431
0.812509019601
0.00536902785905
0.0992971008494
0.563039918553
0.608491474795
0.38314427463
0.232063419944
0.0593316756602
0.0391294979711
0.469642522236
0.0427078683054
0.411363033835
0.130121072116
0.033862962447
0.597265269205
0.0069942695918
0.398447500222
0.324308501237
0.989848840201
0.973080001683
0.345945859569
0.0317477616882
0.830128270201
0.174396414425
0.0453405357322
0.937387748203
0.856505586684
0.739529232135
0.709315905949
0.993080987979
0.083988590779
0.369301987405
0.860252776007
0.685879567733
0.499567044652
0.770334998385
0.29406300684
0.731592666429
0.255724963847
0.379262423343
0.890537781005
0.330627465187
0.886955160129
0.0742261000935
0.966569684746
0.993802948601
0.450074593717
0.970557743818
0.291613828995
0.831065734734
0.0149060316918
0.457196796722
0.0157779274203
0.0276123128384
0.540824566601
0.724746533572
0.771018946688
0.578462322578
0.859367438739
0.626623895492
0.643965437592
0.480517182978
0.909873641693
0.0863651081157
0.773048943691
0.837980979999
0.969220082298
0.335296782865
0.955958077261
0.356470141216
0.197938571963
0.715958479976
0.981988664021
0.806232926802
0.213158996496
0.950923209616
0.870351824988
0.447862709164
0.145595075922
0.451392457193
0.939839514896
0.432044960092
0.0711617469421
0.865436217008
0.313918929168
0.78199526009
0.137257565509
0.451941724319
0.92110638593
0.850634746589
0.00413076142941
0.341957207694
0.0275270147234
0.860059216549
0.979921736456
0.155891339553
0.0929070187424
0.328774473609
0.953288420254
0.970610419524
0.980537817878
0.348278214455
0.0255346678086
0.229884701859
0.531749740211
0.995775366762
0.0510254599528
0.609095401296
0.805371769836
0.32090399054
0.945076331715
0.325165606817
0.127495755345
0.299812569631
0.210390504712
0.0758413011325
0.316395541169
0.961970100942
0.162393827591
0.114042290716
0.613963872678
0.128961317112
0.558328989415
0.52729796989
0.482858963784
0.376163035544
0.496689981108
0.991136198195
0.973136064488
0.212503479103
0.905621704032
0.0862903522299
0.469168728747
0.306981524001
0.276209211391
0.360104762909
0.02347312037
0.00979184475981
0.546310874272
0.306570004195
0.194516813093
0.948775235568
0.765072686957
0.771906976188
0.221786314203
0.0588013333124
0.952279652787
0.248904520025
0.348992919207
0.857423803547
0.529148003196
0.643381696346
0.730767705705
0.672006157065
0.460469903378
0.753896481722
0.0609224758065
0.0177597638001
0.181094939484
0.911644822656
0.892445807545
0.750265767972
0.992174189171
0.918374939916
0.063214788044
0.328690899699
0.814649844675
0.310327208594
0.658443636842
0.974665454684
0.49136706348
0.145889845187
0.0745948755889
0.109244166831
0.79527393845
0.976284239305
0.162032996158
0.331502776403
0.00575311880931
0.722581064792
0.980548246389
0.981491293763
0.816881961648
0.954995495026
0.629919152844
0.825855761918
0.932352101186
0.89402059758
0.903809187554
0.641400632545
0.722163374638
0.0971851527045
0.34435523428
0.954731445327
0.944181485283
0.385460528286
0.974132224447
0.816244422073
0.217320546561
0.250280094631
0.849978833724
0.706362581656
0.893413274175
0.179406697078
0.907579373294
0.112064385075
0.984104794905
0.428777260643
0.0150568973321
0.304208655918
0.0220855349705
0.959263229831
0.981372333437
0.602058487458
0.316742283486
0.220728158353
0.260631733755
0.0675420319851
0.783553420795
0.934213630959
0.190192013677
0.136134442502
0.684725724154
0.011399789182
0.0428434352588
0.957413942704
0.6655835261
0.667849051369
0.0795345406472
0.97073232358
0.528843033486
0.457597945057
0.897391083303
0.0142621626015
0.056195120984
0.0553811084012
0.247135229056
0.0201535006224
0.739747789948
0.425271449289
0.819742928245
0.108198213665
0.600012281622
0.857589600418
0.189379626256
0.538915016789
0.479743765708
0.169909307703
0.00925885748593
0.453108825054
0.292354530657
0.218204387707
0.937505366112
0.829933880991
0.488365587528
0.457438722688
0.852674055802
0.0662416457208
0.244976958108
0.976160285262
0.898670336898
0.826937011647
0.837055817396
0.0996331636438
0.583553805935
0.0740450795794
0.927597625608
0.938026574183
0.182482062888
0.994526234691
0.81633864481
0.0348457839035
0.103875843734
0.682159197411
0.302583498793
0.555039868072
0.0329181509898
0.370733134267
0.686803276225
0.99203221081
0.0852116440675
0.596320947545
0.722195281844
0.163631561265
0.961108039665
0.997848602116
0.868233206071
0.518875683923
0.96928512546
0.249890500936
0.704103896221
0.520550954132
0.0399069847958
0.952523605031
0.298925881111
0.234815210563
0.649130482584
0.559154207431
0.956812885319
0.730196053585
0.320300332699
0.977270015019
0.966726577353
0.710669800252
0.0202972376371
0.988253894588
0.474513307728
0.0425025159036
0.743660121125
0.600366785673
0.937991858553
0.0896385017481
0.975897400695
0.0875054666935
0.136188572382
0.951975969059
0.899604574991
0.791033387466
0.735924784894
0.866727702679
0.00293939651732
0.713108138674
0.000952858109365
0.421937145452
0.34398419821
0.360104762909
0.0914628010768
0.504897787275
0.0370283178535
0.985768780257
0.0590636522467
0.354972665837
0.0710112071633
0.73802696289
0.802439181967
0.69493643177
0.0991886910681
0.577629773082
0.561000597227
0.02425687378
0.681303395118
0.00891030050956
0.730274554529
0.383324435186
0.0202231633089
0.950106478067
0.903340795893
0.169831906368
0.416812330587
0.0197830920252
0.864432520947
0.037990595235
0.00580810700424
0.97144042054
0.139097097783
0.644978973579
0.659686432728
0.583289151461
0.397606954242
0.984021459651
0.812378271015
0.410967424033
0.85522647194
0.928340975439
0.847501878244
0.62569011
0.543339284703
0.310053490926
0.905546715117
0.660110789667
0.0371765686818
0.0100283085472
0.195345196719
0.66567986842
0.978097125874
0.465084997312
0.436516628967
0.989960908782
0.804355746465
0.961717614333
0.686962739385
0.697081027049
0.542079380678
0.438451817713
0.0583950593911
0.845731713684
0.09273345489
0.116383383081
0.0495985661306
0.0376028780867
0.827292644058
0.555944637868
0.352364099948
0.0375997581297
0.624138483533
0.915967195673
0.686018717231
0.973984721764
0.191466044275
0.435213883156
0.213646277494
0.140023421302
0.816061308751
0.0613410206622
0.913062234804
0.639037603766
0.84948329644
0.130468561636
0.52850646307
0.811443367899
0.486447430053
0.317380902122
0.404035587286
0.918991611616
0.255302711418
0.829534086029
0.915703461752
0.980580652995
0.127756625195
0.217101604144
0.849159241053
0.876387186116
0.298716905185
0.059239515749
0.0656883808837
0.681902618578
0.930009522899
0.0504082660836
0.480031920773
0.984468542226
0.38727054714
0.212554421855
0.0766033029842
0.0159188373409
0.456732625995
0.497400911105
0.830332701727
0.858998973573
0.240525996648
0.984066507347
0.0949839429376
0.110449028412
0.320168854922
0.360360387072
0.688447513908
0.451496046978
0.0277413816064
0.977961925659
0.666261348703
0.027754629555
0.406575251796
0.646662266189
0.765427559355
0.0381417491705
0.936030163945
0.875808645836
0.975979740837
0.409470698537
0.247483234705
0.233565592126
0.718477666377
0.990821292009
0.011740330905
0.5235378778
0.00595343408033
0.649709838028
0.8451306128
0.0140630708188
0.0112397489038
0.639465637756
0.318297600005
0.815974352475
0.680487745887
0.155415381655
0.628751371487
0.15826659603
0.991675431632
0.706174261116
0.916713969672
0.235300579044
0.67758157242
0.884792919658
0.864037621738
0.648086331073
0.616719807798
0.544541150131
0.976802149751
0.895653573398
0.0281877022614
0.79841043898
0.489857388995
0.0763728530069
0.32675404401
0.509905235686
0.0953932911555
0.0348893046722
0.926624032626
0.17378786689
0.337908010661
0.214737309985
0.560818609423
0.0621423711424
0.423081239232
0.0739551414486
0.503844065463
0.059620704951
0.816582985399
0.0443934455514
0.457479082545
0.854989764348
0.258759518917
0.176024792126
0.194305107533
0.972949192017
0.00617845823555
0.345313109519
0.934437287598
0.989487857515
0.357202315139
0.00465427629525
0.291237740215
0.391510618323
0.055250650715
0.979290189395
0.970850244021
0.676778072769
0.681827912166
0.0251000112784
0.829549924638
0.913328398669
0.251877566631
0.488430905514
0.47852171472
0.961602148845
0.0502841009969
0.800430305704
0.374947715804
0.820245445965
0.914172571816
0.662942991968
0.420512756292
0.00764561141146
0.219137516676
0.910418488419
0.541406717235
0.207994989009
0.5612462817
0.829884303399
0.407437564086
0.0230395753604
0.130672594376
0.731665684563
0.961062129281
0.986585953934
0.0280445920111
0.606643880164
0.502606831194
0.913404912426
0.814808277093
0.0272031544108
0.179637073124
0.316679189389
0.973303699374
0.353282377384
0.0721011483836
0.837344152111
0.844406422085
0.884459429901
0.200523061416
0.921164838022
0.69891725357
0.169784642776
0.94160079406
0.98594813875
0.0399762074685
0.615445859466
0.903877243477
0.186319644906
0.220775692934
0.355912057931
0.0892530770218
0.943797814327
0.831194305545
0.0839242940657
0.994579734994
0.237407151469
0.119797777075
0.364343597355
0.855500935621
0.152092270152
0.102304912237
0.889896984483
0.759792455432
0.92547631029
0.721305955448
0.167935348428
0.638254142141
0.0721011483836
0.924942944002
0.122863995986
0.783906449586
0.196640729295
0.805060687554
0.184127268817
0.0380721484463
0.980008373621
0.45258207171
0.157350473509
0.612186202782
0.0270313642839
0.681214666502
0.648299933619
0.0420215978996
0.60202216818
0.874698623043
0.869425456962
0.0183228377881
0.0197640672216
0.83979127575
0.0764748765095
0.728045905574
0.391386480976
0.256814682844
0.404109458632
0.872038507947
0.565403961867
0.313886859173
0.493022076528
0.0272781210568
0.762236481619
0.900315548569
0.856535575411
0.399620295679
0.0114384606649
0.623841172275
0.823508406812
0.00281759901842
0.588525397797
0.964684592384
0.958446284624
0.645338953026
0.572086763385
0.649357703817
0.978925021865
0.527608851856
0.123929660838
0.465839811975
0.0299870443644
0.989181589465
0.787969950706
0.884684437132
0.520863670552
0.367927570774
0.229772932852
0.0221596506479
0.493140075727
0.378556310673
0.978366325413
0.192592536042
0.113080560209
0.346305971918
0.698710378302
0.982235776862
0.0197106569979
0.116800989785
0.753356035854
0.495058536244
0.132210239144
0.663778967271
0.0322080277211
0.8822330934
0.612567207425
0.80062571839
0.133765737881
0.972456882191
0.906018502708
0.977617908675
0.930466647404
0.0664215822244
0.974078334114
0.22663686391
0.992174171325
0.315346659019
0.972470889805
0.00236780930148
0.422206110791
0.553527891714
0.391976429556
0.387509063355
0.586886710832
0.836661877338
0.969122760863
0.961970100942
0.957333271581
0.131753035599
0.281821531061
0.893906240363
0.274382576562
0.525733158561
0.647553607883
0.588382414072
0.127973438812
0.481550587641
0.727200673585
0.910972771135
0.740631329571
0.613863079013
0.255038134468
0.0445707637112
0.108814633298
0.017417756398
0.572496852853
0.317643066283
0.0104478948515
0.46933949365
0.989907627184
0.27949838424
0.660299017517
0.659049533278
0.444212877697
0.745333243382
0.00569980061455
0.869919140737
0.745551274287
0.55919129404
0.962220926689
0.00354017238694
0.0325831303266
0.851539545424
0.70900093208
0.396258109836
0.847927393242
0.725988881964
0.861669779534
0.9955694362
0.647818307051
0.466303958522
0.538421448327
0.0522543920285
0.932818981437
0.133123260046
0.140247855576
0.911976453083
0.290517296965
0.816765299765
0.679994215557
0.589372474812
0.77425767643
0.51058148285
0.389631634475
0.746041275535
0.388288854429
0.362233275456
0.934935994479
0.25497647353
0.0646134738542
0.796827519038
0.302646157176
0.970877514729
0.239542736425
0.547278346596
0.308601524489
0.228511260189
0.259424217028
0.281888769295
0.962942228412
0.836190014265
0.13866899774
0.494172263452
0.0134037545018
0.959714407211
0.01215970946
0.696552983136
0.577186228481
0.953922001582
0.218102442349
0.828602166705
0.892029202346
0.110615582313
0.777970795227
0.174953906646
0.701188805197
0.879339377878
0.127495682376
0.731393279171
0.639563364972
0.248169616444
0.23602668352
0.468235604035
0.911636910711
0.71997498461
0.41878197592
0.0532184207889
0.169189779151
0.128841052048
0.910549834106
0.325728340462
0.954642382412
0.248736668655
0.533375569419
0.00526230366178
0.440813876387
0.813490400004
0.842322918616
0.927869731939
0.0846655130132
0.666253637842
0.0110649196401
0.0211645331977
0.885127577809
0.71440563728
0.233562695647
0.431840803135
0.017793085414
0.657733505847
0.426365487625
0.253664378676
0.0181865220138
0.10676880338
0.409358888942
0.604966743465
0.235251801063
0.955439790336
0.483754612171
0.487304703827
0.0968361918102
0.0968361918102
0.416455018431
0.555597438165
0.0445858271319
0.860643037278
0.620138972644
0.0655651571246
0.981429292528
0.926601282671
0.622695265664
0.725555481041
0.956812480425
0.274382576562
0.966652205298
0.131967499188
0.270261931551
0.200172276927
0.910743905197
0.617392355912
0.574424529474
0.771618408531
0.287832849938
0.982124998393
0.800220641056
0.200903451153
0.934060890815
0.353055604611
0.987065073529
0.948172148635
0.476235648069
0.930215790035
0.952327456089
0.956886307721
0.0182323462112
0.901290346414
0.863163813513
0.509871476754
0.138936012348
0.519888352456
0.850470032471
0.184127268817
0.554836809742
0.963582496548
0.232123857368
0.427682171973
0.995018775197
0.702110431108
0.986839470515
0.939776278805
0.454597084922
0.0255346678086
0.947302390787
0.935974656826
0.969911925565
0.113460125232
0.0960250484175
0.787794661472
0.278321948554
0.966520514534
0.976267280795
0.955899916041
0.159304350992
0.0172237876747
0.104533900342
0.680532202944
0.952219797804
0.863436821049
0.945056151597
0.0580804615095
0.577328391529
0.153395591794
0.979312140973
0.181417983432
0.32138360421
0.00993059968536
0.967144981964
0.020670505146
0.978864972485
0.988300160363
0.981911353656
0.323034408434
0.869919140737
0.306187529999
0.511382377732
0.901648690117
0.213813905856
0.985348413033
0.0597466039907
0.388914720366
0.688459742066
0.105116473735
0.995568883605
0.504346933476
0.730150820611
0.0951066797554
0.14036969156
0.385431095306
0.993674347811
0.56331221672
0.614032208958
0.753896677922
0.0663267439639
0.163539944726
0.264187821762
0.979889600341
0.014073284702
0.0085886546134
0.0478216897491
0.117162766365
0.607682640646
0.900140367145
0.434005159911
0.52263647934
0.737767443665
0.445051246043
0.758482622816
0.258141588511
0.0941715068247
0.921637101187
0.889742239016
0.177750208945
0.225196487041
0.424817046305
0.19008604733
0.016292295109
0.545643575069
0.829648451102
0.449341804194
0.94003919374
0.912048304901
0.320995457169
0.928678160071
0.967536031626
0.916713969672
0.612475418823
0.944588454807
0.82355405424
0.866729871562
0.114042290716
0.0315002772715
0.764771522551
0.175972658039
0.940383414819
0.784605070454
0.0553057437719
0.290947453417
0.988345915053
0.532784043295
0.138544027326
0.877505985441
0.0448956948148
0.978996368852
0.54339855243
0.687551558574
0.125979191439
0.0877370942438
0.984727641489
0.675413274022
0.0128490877146
0.611317795101
0.840395634889
0.947395869587
0.303138538282
0.413862202415
0.689262642097
0.281853852952
0.946880906456
0.861105467528
0.175590639078
0.81454892029
0.907706188683
0.532466470657
0.00884036437303
0.952467542573
0.396620108895
0.0518813488731
0.972173272975
0.22390420196
0.925653074441
0.169682216741
0.49893822116
0.698939403476
0.0477131591748
0.644705936582
0.00961466665545
0.052343653014
0.694171652463
0.33173151513
0.39013462401
0.979622541388
0.00455293405819
0.6338598788
0.941754216904
0.020961297238
0.650421253566
0.831650905503
0.644811074138
0.493838661787
0.463950344228
0.0318697535019
0.951582362562
0.57792333284
0.0275802449952
0.210703219006
0.359242499574
0.284985670131
0.894670604815
0.708499064223
0.973467216967
0.743660121125
0.528164720979
0.536119236214
0.732444228203
0.895501088179
0.263781856329
0.713107986301
0.14759790453
0.330971760525
0.0388478461846
0.380810804232
0.130050081874
0.954363481475
0.575264704255
0.723561526492
0.0782710466587
0.398801097081
0.758282915692
0.171779280563
0.64271605917
0.885809811228
0.0662230254664
0.168752505722
0.195826694212
0.295843934651
0.820408449532
0.00302242508482
0.600211313826
0.211047149973
0.00226119665162
0.114707467754
0.1870952167
0.913927276605
0.291181992159
0.730928727305
0.857786918179
0.196207577147
0.935600054163
0.759897710003
0.632244219641
0.973605375394
0.957285263512
0.0012522269159
0.489982836687
0.98724798352
0.305510063991
0.971823629242
0.00744517078594
0.363487292618
0.408999391547
0.598688554464
0.624052164309
0.774626882834
0.337488969995
0.0914535491301
0.7743180267
0.00519913287182
0.669655780272
0.971161082267
0.443734610374
0.0528437468884
0.091603070562
0.0964399244383
0.377493315404
0.636124193374
0.843471330983
0.0321762077782
0.781077999336
0.700027027981
0.615078134347
0.984278508322
0.972330692686
0.830355174469
0.854243930523
0.281963253019
0.968106599601
0.143302880972
0.0307275706783
0.493020806935
0.431976318206
0.177690868998
0.992505352971
0.227073924946
0.971969838675
0.51755563075
0.678222747228
0.284809511847
0.978779571261
0.730589986402
0.224104563978
0.18448178356
0.470076181555
0.0974992124894
0.410939427118
0.16132049928
0.0327470178374
0.0069942695918
0.0907392750137
0.70140182989
0.956097242113
0.287159212348
0.149837960871
0.640680833059
0.96000681955
0.216506882499
0.841023607287
0.827221152545
0.34935097768
0.980893387766
0.679528114084
0.482751077978
0.259714012581
0.350854344702
0.381020394471
0.157446353663
0.909509345222
0.901924280417
0.639002928009
0.545115862938
0.154786531295
0.20602575738
0.364548880532
0.0436183220022
0.740105788591
0.655635283378
0.0859939524021
0.807635515695
0.0276658152851
0.0681460041864
0.892923609053
0.235927176288
0.0297152653581
0.639613083056
0.25138125348
0.885060788787
0.216189802792
0.348811494536
0.0833129229234
0.370868122822
0.499750073926
0.916376244194
0.517027202258
0.972212872863
0.902885454844
0.435967573637
0.0858518119665
0.955774971281
0.942588045466
0.567518182635
0.642040576499
0.968919306861
0.0444695963355
0.52947787916
0.944757636407
0.0619359878275
0.127495755345
0.578462322578
0.690960889706
0.204852960348
0.59707837849
0.677223692441
0.983885535944
0.351557330694
0.973427311588
0.029389559814
0.984143905941
0.238834652077
0.378962112378
0.632947969106
0.770183485724
0.153833418055
0.880729140796
0.00398677343016
0.107566120568
0.768514102379
0.700186968799
0.0839897186204
0.865156407236
0.700541977642
0.706359590804
0.696804974508
0.659686432728
0.0510957358063
0.954575160479
0.583939768717
0.372859985837
0.994562669038
0.449448992787
0.0660714151913
0.68619173379
0.526701910051
0.618388311035
0.18642321274
0.0245859066008
0.34398419821
0.971515062457
0.0496550698868
0.460650255009
0.581444283608
0.850958008436
0.733217361556
0.992182226734
0.577186228481
0.589908934638
0.960664151942
0.627281471692
0.851185778536
0.613213892043
0.740428815346
0.666574119243
0.152524322155
0.731481916904
0.541390382637
0.217147516224
0.953222473506
0.0202303279443
0.461227253496
0.478554308915
0.983984701523
0.38918579352
0.204507348627
0.987852715141
0.81633864481
0.812616287902
0.0253275282083
0.467995524275
0.0468662352663
0.712453148585
0.0530024979158
0.898040025382
0.0903982970504
0.933731607764
0.00480616819177
0.0583599722457
0.06907817826
0.922748647802
0.738426824993
0.593352006116
0.0400990845558
0.131554185767
0.271624230525
0.826234920677
0.915817123388
0.0430575799448
0.0400371223146
0.0694336694328
0.379335358021
0.967426148483
0.991808780093
0.81291017668
0.45302919402
0.956678320195
0.361500305477
0.016017995337
0.672658906479
0.081992829228
0.821958397853
0.733615917094
0.0128815940371
0.659049370802
0.0288426291944
0.0522457421295
0.916779504464
0.31051331039
0.390362955755
0.797889022829
0.905943358123
0.380705390354
0.0509718326177
0.570865062881
0.00697792298424
0.140517635526
0.0233294450216
0.877950685037
0.637502793594
0.122848903432
0.870881922823
0.0779606894943
0.664261823937
0.023184136328
0.770334998385
0.725050979437
0.972127280543
0.709367977571
0.550885528425
0.0514824685994
0.329726094372
0.175645540915
0.952279652787
0.034014818026
0.392463872905
0.0277124045935
0.104462542035
0.0271768688133
0.394982116227
0.782737647058
0.858488195494
0.181417983432
0.470646880602
0.964852737756
0.510579805748
0.301478436351
0.88210534764
0.0324426043891
0.00405480054673
0.61371742914
0.78519347349
0.771295069733
0.155956888626
0.0418313908753
0.389320735511
0.101819923746
0.590462459229
0.245200588997
0.367365309079
0.0755040365499
0.0361988182389
0.300355793481
0.543864298969
0.736295100576
0.50092698381
0.436774989125
0.960698517116
0.0119851311197
0.887258474615
0.917565224074
0.581103367461
0.939989569618
0.065058906124
0.964361848389
0.117430901622
0.989121768075
0.0933922228321
0.145042333218
0.173618226004
0.99240549949
0.24725767801
0.202897115082
0.693149458458
0.73472038626
0.23374814173
0.00299036119248
0.663355657489
0.207463520339
0.34435523428
0.505269083123
0.918102930578
0.862693468613
0.680566106801
0.653051213112
0.531285088812
0.329829710942
0.0300141486838
0.712449375702
0.207861309427
0.0245830075479
0.29109654419
0.635559989641
0.95514341203
0.965195602166
0.00720611060721
0.93611350121
0.956611702002
0.519814701582
0.958420158989
0.359855026707
0.230252822135
0.061499856688
0.544578840751
0.684021234774
0.43943665544
0.216884230878
0.779881495939
0.978233645524
0.947407661593
0.931441561239
0.0501906484962
0.522388236894
0.828411772746
0.22218822281
0.733113711783
0.687873035572
0.0328853385242
0.104306741253
0.255348690369
0.68104705534
0.470241282108
0.182874066122
0.860706448657
0.0717630801115
0.15723682558
0.198602338107
0.310519966567
0.925446157203
0.187099038031
0.656248690499
0.375431280285
0.749116803603
0.273556102242
0.0272781210568
0.806007157413
0.434161646787
0.0271163636738
0.472574349071
0.902995582771
0.680566106801
0.771888671493
0.883728353246
0.787557500598
0.876650776955
0.00629912964979
0.731925340739
0.00958549946279
0.734349869851
0.979944308831
0.576123406104
0.775378405925
0.354848282713
0.00115936058682
0.951753183317
0.0612843348021
0.929631234055
0.0740047160785
0.276064170924
0.952657611858
0.917140071898
0.723174566659
0.720763075377
0.888616146667
0.101107600869
0.745379091612
0.567961046057
0.988408088699
0.221215402515
0.903340795893
0.0777847027553
0.271716487727
0.357108746323
0.81873469672
0.734822239047
0.803837118618
0.118236198732
0.889246438459
0.298470753409
0.106428819478
0.60202216818
0.430365347688
0.887205431454
0.89816658159
0.0791535378071
0.898434776024
0.72460974007
0.198830608485
0.577438310177
0.849058673055
0.969861977096
0.378248485855
0.545264997832
0.0472485450789
0.0264693800567
0.134114469115
0.195269710163
0.520674151468
0.188150457975
0.0298371881727
0.824563055427
0.917760653358
0.0119409134991
0.984579837152
0.0631459028731
0.944747155652
0.554335372414
0.123226224699
0.704555091379
0.210220908058
0.81434348182
0.288254254849
0.759157622493
0.826908583657
0.534745604333
0.428487677284
0.00883872889691
0.37218824971
0.70710002389
0.82795021145
0.743385592923
0.215440388017
0.0481634891544
0.371355060058
0.994075325652
0.732044692678
0.98516254772
0.294961315627
0.904443174395
0.0504164779318
0.942564341377
0.804500362633
0.394053674386
0.983960556306
0.836482030026
0.0959107667054
0.507373195899
0.693827513605
0.755413671167
0.444036297092
0.954760686053
0.808703009911
0.00354027681079
0.890058196761
0.600456472482
0.900750581542
0.379920438157
0.610921660746
0.927877672622
0.318553032188
0.0727385202585
0.0602169296968
0.0155298243802
0.0570584848574
0.99016232159
0.981527940899
0.943391165848
0.0164847572341
0.348973372359
0.880015130957
0.936822763635
0.204769384018
0.0462263475641
0.180763818558
0.837471438779
0.244190243005
0.30822060029
0.0348920854919
0.141879288997
0.836966381235
0.963924107777
0.339212444402
0.889025825559
0.102074245415
0.868769154162
0.674650496418
0.00691795095494
0.0134281155812
0.306686631971
0.842183131291
0.0690320387951
0.124733372589
0.063498921461
0.976889004523
0.00128917048333
0.59113692535
0.0351380688691
0.305495481222
0.225983802527
0.937991858553
0.475275002303
0.636267868726
0.658636852372
0.829803925459
0.0367585749651
0.760321275221
0.0379796454261
0.276334227452
0.684725724154
0.0200979833651
0.699563589411
0.972345109705
0.521319781936
0.761029757165
0.246131663012
0.311629008076
0.803288919017
0.51665435144
0.455865121878
0.702746249521
0.0420347591585
0.173432789459
0.746625670022
0.705990290476
0.766028924063
0.45524488577
0.939032962444
0.557635170714
0.04504647949
0.0338361141625
0.982804193519
0.00702754113533
0.928933272188
0.321321655458
0.344822795714
0.887887044695
0.855612427106
0.104822741671
0.0500311659251
0.60174635493
0.976732168632
0.850344532623
0.963896161846
0.122689622074
0.230767878501
0.863236878992
0.570125878559
0.338477054847
0.527441721223
0.0848555149154
0.952867028938
0.972626581991
0.978009174154
0.734720790098
0.118973287193
0.983653997882
0.227789071525
0.279305658247
0.507841805919
0.788734600658
0.252754538295
0.930572667474
0.976100499237
0.115186531556
0.562532400933
0.150637343206
0.977977234524
0.992852950301
0.0813241944941
0.09877720786
0.480130403357
0.915308245676
0.0782709504088
0.856316720035
0.0296498633593
0.0711949345468
0.0281422141888
0.785583847276
0.675950207763
0.00786215970992
0.0803109787244
0.570605140534
0.680781158726
0.536061822445
0.282858536616
0.838382520331
0.399802066284
0.84344222082
0.656105213866
0.644446878965
0.927442813435
0.164704051799
0.9412887363
0.0186623584859
0.792269295371
0.921172214875
0.640854597373
0.985768780257
0.565024765848
0.989973644722
0.492140668019
0.969408064605
0.466101241607
0.937175666108
0.490947891675
0.902919709824
0.201893381405
0.987221375476
0.768056199221
0.809154065977
0.877456057608
0.95402768988
0.907315395163
0.546573317687
0.00756088384495
0.346091077695
0.927160125145
0.895976805754
0.268098784977
0.703862692273
0.971916836384
0.363859737867
0.988761870242
0.93656548355
0.394314420585
0.0207379503109
0.761953976298
0.341468942642
0.844795982463
0.109979628284
0.727035578294
0.610711961493
0.93722614488
0.756050818624
0.16435174177
0.911738122987
0.902186644974
0.271442871529
0.502771365852
0.971904019688
0.236187127479
0.428194169935
0.0794265241978
0.0754883788113
0.947006729487
0.0466508933177
0.976369883046
0.19554074621
0.719184097161
0.113267714617
0.980553849453
0.373978870612
0.974360737116
0.129291069471
0.344065794219
0.152976990495
0.119114384412
0.135602992799
0.950383018139
0.812047200356
0.546310874272
0.901924280417
0.59988491751
0.865868789264
0.106342961948
0.0434093831488
0.0436284477422
0.0218450014523
0.80277400576
0.0608535303279
0.0365023923799
0.0563689711517
0.21241647378
0.96480767372
0.305824335156
0.271814045747
0.0799609534473
0.963135540942
0.278443466764
0.643607522431
0.0834812378198
0.0572166390716
0.259739819061
0.687339526707
0.39346079813
0.97265166769
0.668812296153
0.82015171077
0.220778446088
0.553850119053
0.782618547809
0.405708951374
0.968914356392
0.0598638258162
0.00666182431502
0.776400818056
0.815627052674
0.617194298398
0.660852179934
0.818330843783
0.813605869589
0.148980971501
0.911567517265
0.173754541419
0.58259376976
0.070649432618
0.0207054871389
0.560914847483
0.0122158363569
0.82667036817
0.944684557702
0.771484254189
0.0192993186679
0.932689094471
0.584274335704
0.589331301761
0.0101356827875
0.950064506448
0.767937613493
0.0747612774286
0.175009006363
0.390901514909
0.953743060044
0.107107480047
0.083156217025
0.939657349548
0.0179632543493
0.131362773825
0.192276412245
0.767139720239
0.820408449532
0.605175171389
0.86476535561
0.975110819484
0.0830164680564
0.0269880321377
0.041272348941
0.123586812418
0.367870200435
0.13768626373
0.16519107149
0.548929332277
0.222948070992
0.664417812179
0.34336401703
0.956572358243
0.381260376292
0.137421288064
0.746041275535
0.635108590912
0.0517421638758
0.422899083247
0.0606891008642
0.410102619809
0.0224359966853
0.168274258398
0.746004855539
0.874051440505
0.379147840456
0.717869048999
0.214924228439
0.417743823723
0.912692416986
0.64092449142
0.516056011466
0.776870486433
0.972729447025
0.0445858271319
0.758326189708
0.0163056571373
0.449575662547
0.895108921926
0.433478884018
0.974360124788
0.627749180932
0.589141157292
0.00730912259461
0.00121705993909
0.216848985128
0.40485726772
0.858143407507
0.246617198514
0.98574755203
0.0057967247136
0.836308608469
0.831618373955
0.819107129139
0.805934997957
0.255387847349
0.0658604715026
0.923827813941
0.875186898724
0.989238041916
0.310460726457
0.299245553241
0.213569686104
0.989535010468
0.167147277896
0.908407934089
0.428562003611
0.144489142086
0.126855853476
0.687008367813
0.0965866661485
0.464971313022
0.897458188221
0.031301935666
0.951024668872
0.0763676300318
0.965911874815
0.700027027981
0.779741280391
0.0831300687127
0.433885852177
0.949238729335
0.506972081798
0.119972430945
0.602019440684
0.385924592466
0.434005159911
0.0485403512754
0.856450570235
0.752373661377
0.495802083906
0.817556172382
0.988520543037
0.346406462644
0.673027101086
0.696272459238
0.640156506837
0.779346269476
0.511247952767
0.630247455697
0.465522166768
0.842601051521
0.993960710933
0.487200134313
0.585151517146
0.729472603912
0.928881993813
0.284511767715
0.919169112079
0.0604068500145
0.626427021599
0.746634959075
0.725981396349
0.986061707798
0.9397027746
0.986337269668
0.905304736471
0.936695447664
0.893416474997
0.16578601104
0.740896848608
0.957370069325
0.0362783966306
0.165836432017
0.0354784360376
0.317866023784
0.956387767334
0.487876764518
0.68019716889
0.739115563934
0.923531601913
0.0573086785047
0.934510033518
0.982844451861
0.887478663846
0.828051300022
0.200337447772
0.544567511271
0.0483052625123
0.0047636393395
0.154854346531
0.0482243171825
0.900422307053
0.854320429438
0.0141229140992
0.0439391414577
0.705455029252
0.313136813288
0.67736590672
0.819680115549
0.992428556748
0.0261159257612
0.949778355598
0.541582654176
0.0113139390486
0.899325329369
0.0371744043007
0.916609998819
0.180665393632
0.783057896353
0.929217166662
0.804873905004
0.306828769901
0.0342167082625
0.0277390115324
0.559124548358
0.0870578462384
0.908325824873
0.871677466408
0.424139952799
0.0124608193646
0.0268543520282
0.61295665191
0.247253298486
0.580707689027
0.293215980166
0.12661585584
0.162170693074
0.0207244074724
0.222757402328
0.949617458478
0.460931761415
0.0291902984162
0.993524753346
0.973383262158
0.450869747045
0.079009798411
0.967977676545
0.69839637071
0.579585594302
0.3859394054
0.304523820027
0.227389171753
0.0863340877777
0.0176437713338
0.763269793917
0.0762372178281
0.422565235653
0.950787549655
0.13296483459
0.509896815038
0.699316517163
0.219489839347
0.156607263413
0.443641562728
0.612805279064
0.223348659179
0.413304296532
0.312611995284
0.53384230257
0.778252636977
0.793247396209
0.363699303074
0.624293056576
0.512508972717
0.733003153347
0.861084400771
0.287902629415
0.115072971251
0.881992189179
0.011503151774
0.952515801771
0.985956421282
0.201252938678
0.982470567477
0.915207364518
0.784482243074
0.0863784457329
0.0530734765684
0.141927946016
0.29393305145
0.00897247430275
0.510158242967
0.23717696854
0.132895292853
0.717550723269
0.574433907984
0.574183008704
0.857237368016
0.773812214951
0.35897755653
0.632814083901
0.0206301429695
0.0441859442297
0.0416320969996
0.967454871743
0.0425898396194
0.0615493232135
0.974667620173
0.640032138522
0.973136064488
0.669156585097
0.182494741706
0.429407866973
0.981321608069
0.904484903971
0.384890164113
0.0119143804798
0.0136138002854
0.878131114056
0.880304326049
0.816121021444
0.740005445587
0.359730607335
0.782465809389
0.462064120479
0.36706798416
0.728684074376
0.174031422147
0.959814400248
0.38918579352
0.850712370081
0.028591226136
0.988957837648
0.81762596653
0.314035601926
0.175645772656
0.522566067628
0.256564730507
0.753987136306
0.209323566237
0.260016656257
0.766786574999
0.421027543145
0.338952262187
0.0460743027393
0.855816737803
0.988012112932
0.918150192039
0.982544741365
0.944235995656
0.5966518959
0.989345887521
0.0672228675714
0.401954328115
0.0369848830451
0.699516452295
0.698004174506
0.560632996476
0.92791434138
0.973453082876
0.975852900015
0.977288887759
0.986028984123
0.99404750785
0.990106717898
0.464159301911
0.391374863682
0.862725288742
0.915998201509
0.0288755482911
0.0320406036431
0.0815748107097
0.364513623593
0.871081410797
0.0088888281624
0.0150711775819
0.556097257074
0.95105150707
0.390439627955
0.806912771495
0.256433013824
0.31015314763
0.053074660224
0.148939807434
0.679127250232
0.257594350315
0.813936874442
0.691333451604
0.579623178945
0.35710713179
0.160484756652
0.173571069263
0.309233330324
0.973194171068
0.976666288855
0.331977328288
0.975897400695
0.450041977214
0.386368900011
0.984360020181
0.695372137483
0.0785268738404
0.97536146489
0.300612066734
0.219126343413
0.743126063105
0.372722101538
0.161028911223
0.0673241658101
0.272582281672
0.702049959816
0.878832921709
0.906403492301
0.721011287396
0.686432819237
0.329362190974
0.757593612298
0.26263697643
0.124456054693
0.82708350518
0.981594522984
0.0106917429393
0.437261038625
0.637193373044
0.0944214982357
0.899208637529
0.740997360605
0.954136652975
0.396902164557
0.207657161587
0.0180487389334
0.0353878079766
0.445778557909
0.214492645544
0.515838791577
0.994153108267
0.943391165848
0.183969037186
0.775838425766
0.888617246671
0.973196024451
0.0207300958833
0.922553034896
0.709985286726
0.138503329122
0.63879017748
0.471357477146
0.28759371418
0.704555091379
0.969349403794
0.97147509399
0.145246804173
0.201866255643
0.0314523943068
0.300350659222
0.0801728609783
0.90143586133
0.832681438618
0.979261722025
0.611317795101
0.898991366331
0.988492155162
0.95072275734
0.107735273764
0.0812888437151
0.781788575902
0.883111480299
0.461026000375
0.0319584358846
0.78102498288
0.730709243402
0.836645114421
0.228324920565
0.83094176131
0.719954202008
0.942861925528
0.0295758603632
0.691525351101
0.542067173158
0.962658265683
0.441307832043
0.700070690814
0.984546173957
0.399559758967
0.12623956476
0.301208616393
0.802502232628
0.48085011103
0.954081371189
0.865989167675
0.052099363116
0.149538674644
0.91697282443
0.239622976713
0.362722975207
0.976894163276
0.591962702645
0.0275112008422
0.864015705708
0.751797724889
0.414912548431
0.995052271169
0.960311419455
0.145052625596
0.555985290158
0.104621414041
0.986121690063
0.502771365852
0.681318243215
0.422146582688
0.00866189507638
0.651718478955
0.0475002342971
0.879184805262
0.402304554112
0.959785239625
0.713435281533
0.229078350597
0.953883138636
0.842849746822
0.0451415982348
0.403854094701
0.957610407045
0.620726404394
0.00461124829212
0.791474087174
0.987417113571
0.0141635306987
0.551602088481
0.157458685288
0.707541861814
0.900428094016
0.245760603492
0.371567422809
0.692220222026
0.0708779518803
0.791710039377
0.692509121479
0.289471160674
0.40040437109
0.94335728575
0.0426932563507
0.939970626925
0.306745484236
0.734734481108
0.258411681776
0.864815097123
0.0997860051574
0.885413974665
0.421329249337
0.0185545622274
0.162123742162
0.972637689391
0.84267469625
0.604924774217
0.810741658373
0.595747770128
0.331263095476
0.0314762845553
0.0287773271093
0.392908454244
0.890715667558
0.967695706044
0.898783729713
0.242182604457
0.115122754543
0.120174255382
0.994148609834
0.602530927109
0.133271298461
0.847927393242
0.808493657849
0.959050607236
0.0654121466142
0.269857620904
0.679210033754
0.0736030322218
0.377139422862
0.189379626256
0.213192604648
0.164667864585
0.237627498548
0.722412079082
0.989669943976
0.42164780302
0.93096789746
0.591489643108
0.0847184843049
0.370167099894
0.263104848008
0.661785270947
0.819287463652
0.741788833706
0.196355815799
0.85439870346
0.467364005009
0.0302529861094
0.738185437092
0.454119664794
0.808972617349
0.992290785174
0.0195630859378
0.7315879475
0.925700942562
0.0609947291367
0.761660421453
0.759515874341
0.0900867340964
0.0022050298883
0.145125870844
0.277583876222
0.159098231911
0.857704637282
0.327937431692
0.0505586578397
0.117541378118
0.265955617961
0.986018133985
0.136359018239
0.841121340269
0.370116042296
0.0412508179481
0.956976503038
0.626144553482
0.0291902984162
0.0267182206631
0.169362438674
0.982397042946
0.745318488871
0.725527930165
0.312869781771
0.370733134267
0.280683831411
0.435292274307
0.0433959423413
0.911517583316
0.015525306538
0.907403981736
0.655219569139
0.616679005795
0.0874169764597
0.0180459126383
0.0307275706783
0.302126884801
0.144198780512
0.272954663096
0.813119001473
0.791515886633
0.709756644167
0.779359516775
0.570250345983
0.37345876349
0.228066920998
0.969804560127
0.297039965002
0.982148696995
0.964238632832
0.304230589661
0.944978460962
0.412198541207
0.584987826941
0.0379532498054
0.0153202980407
0.836819917146
0.0242735345299
0.0271925576629
0.547232613232
0.580331563354
0.166528704189
0.223144300889
0.222266935853
0.530521303045
0.0459114010902
0.102105897697
0.792260790158
0.463298849041
0.597751424461
0.155368600602
0.440590760592
0.362722975207
0.838497648494
0.918370546427
0.120078342073
0.312613454034
0.907522875336
0.0401038668446
0.364799524983
0.587578009772
0.975606461891
0.951034122486
0.909159699001
0.399559758967
0.739598875895
0.884882198799
0.106570162392
0.488108337831
0.278159543366
0.982721698672
0.238358660361
0.048099272135
0.533006245132
0.0164249958131
0.922681266806
0.831597435611
0.0178521436083
0.135922164917
0.189631491257
0.354633463963
0.994860827719
0.153475622912
0.594926109054
0.981688048927
0.987762676112
0.971844665385
0.228242544633
0.0102845716366
0.906336226839
0.275302391422
0.146722777917
0.945267980853
0.0636182414157
0.957617414271
0.0572989623856
0.562618854115
0.241117743745
0.451014029277
0.0814045331887
0.970297821368
0.97606377569
0.786354965464
0.0854192197238
0.0571975297309
0.220412980516
0.0953803954672
0.974822555836
0.253470611142
0.153010788063
0.0199691627884
0.865395644798
0.751118311364
0.34986136461
0.905559769898
0.917277604949
0.554831128299
0.135341043181
0.297400475952
0.855415066167
0.334626138242
0.959175123496
0.986596600178
0.954817188874
0.775496918078
0.19568592519
0.913185518979
0.0862119071908
0.289305790695
0.129623055482
0.565564943213
0.285392193748
0.237741469359
0.671409685401
0.0254844691381
0.0502841009969
0.931755349703
0.821773245007
0.895280680911
0.878029885507
0.219536768598
0.668111496725
0.111131572951
0.832651443612
0.636686444514
0.957501533498
0.591313453062
0.433478884018
0.857907609602
0.018442375303
0.311118263062
0.0416490658635
0.849612714658
0.274031784429
0.934889281683
0.0221732674254
0.773629694967
0.0193667294809
0.00833961505979
0.974462261997
0.392285046786
0.181418153733
0.804840626079
0.165290809589
0.935875597902
0.0937177020579
0.849968004223
0.959376374452
0.884748081298
0.850119623988
0.272092353845
0.197654005132
0.0625699376375
0.423599552037
0.175109966458
0.0364438202902
0.515355283616
0.0348917478298
0.926467102764
0.00837655580735
0.282731974675
0.947675900076
0.735550698181
0.869443598776
0.0448216020818
0.690580180568
0.896084015912
0.6723504087
0.0100636552755
0.951333067137
0.986912715057
0.928575700434
0.847501878244
0.832741486235
0.423263252401
0.391979059431
0.148056489443
0.274798790372
0.686955451024
0.848857230575
0.198837492853
0.978869912859
0.29783105962
0.909558661109
0.955862536977
0.0916401252076
0.993308158275
0.0630637475156
0.129596328224
0.843842653628
0.981426240627
0.490254291222
0.857114469809
0.14365037343
0.36541030854
0.0846436296178
0.104161443618
0.315223100369
0.566711994967
0.433960852812
0.882105703917
0.71753278417
0.0296985793739
0.11025484075
0.905179879287
0.0529142533801
0.988512031738
0.528513856037
0.709027496624
0.0432057313877
0.793399497913
0.690044223821
0.55361864888
0.0635109454715
0.927777527953
0.873875352763
0.119052403007
0.525874208722
0.350995756657
0.902183687779
0.131395083058
0.390611623278
0.782201759143
0.164084209437
0.897399967877
0.443467861599
0.589547291211
0.0760678663486
0.679692698341
0.128093044642
0.0233876553666
0.559730200738
0.0187521548923
0.057723056743
0.492137680661
0.221613978017
0.965589968187
0.0774292874826
0.779158783255
0.0348920854919
0.776687694527
0.672186348565
0.171536766026
0.962369142532
0.00921740682158
0.730171049816
0.466629849409
0.465522166768
0.205136051145
0.173300855322
0.824100064705
0.891134444859
0.2596377155
0.857441989703
0.0572060233328
0.404015145637
0.626944667927
0.735599961966
0.32630022265
0.895717062291
0.0509099664555
0.750014830845
0.481563380038
0.378627572549
0.109691383451
0.196203661395
0.942729470332
0.721110636372
0.167688585245
0.754549702985
0.0718756758244
0.962403026342
0.994860827719
0.606165241458
0.454666430205
0.145512854783
0.930742506759
0.416122662185
0.804139309933
0.717652327692
0.532352651439
0.164667864585
0.479614743114
0.942022604618
0.638497068141
0.825824290469
0.283139056605
0.498344225059
0.214706458987
0.0923723825837
0.42405692802
0.176263466919
0.387235573101
0.801030777283
0.836812090385
0.90639519392
0.604742392116
0.487425404562
0.65234931756
0.105336019902
0.0211547530664
0.173432789459
0.180131707369
0.031213138957
0.272415458813
0.785090281546
0.642327227554
0.154293830783
0.28321079848
0.0301650195078
0.557964965032
0.543625703635
0.947275589991
0.322529883387
0.962864220031
0.0767861220749
0.970584450313
0.944405065055
0.544656362216
0.13123123526
0.827399845686
0.260328005069
0.864350116791
0.725527930165
0.918936096642
0.415638740447
0.870104448713
0.927753118973
0.245915819344
0.805054881579
0.892293688888
0.827901081803
0.268852927648
0.886530317799
0.4771599323
0.988921315163
0.583114408443
0.982452603849
0.302059776158
0.0678457051026
0.654247274264
0.165442172595
0.970403127283
0.365900046549
0.625924627799
0.381189228945
0.909240279116
0.951979461969
0.502681153356
0.90824158584
0.671968258531
0.0524623363112
0.503099523291
0.115580292089
0.0282042998766
0.940424457208
0.984301421531
0.945089964571
0.16599207564
0.615739865977
0.375275223738
0.320642059194
0.612554881336
0.887817256609
0.0732994316386
0.2043946518
0.0785553092256
0.012198617137
0.959717002135
0.980548246389
0.113478474367
0.0314056711726
0.133106766828
0.931949531269
0.275689454949
0.971843369642
0.00566327607347
0.882794825687
0.926550376644
0.129422978012
0.0381419906067
0.93644864693
0.104892762822
0.67264232101
0.973966138241
0.545499500547
0.813152902129
0.981728710246
0.862426001532
0.88848486672
0.36937500172
0.17938211817
0.894456247308
0.673514615539
0.562688185961
0.303128620183
0.537431022682
0.755591582848
0.00150505858024
0.143373672298
0.0492506157528
0.95957020127
0.920274692904
0.665368424141
0.123577121291
0.175590639078
0.741401811808
0.1100863052
0.529651908372
0.0365023923799
0.914718982203
0.694417411915
0.0663371721364
0.624138483533
0.323141122613
0.977137538813
0.2342375506
0.841791042814
0.700697693761
0.806007157413
0.0888354316749
0.720170031942
0.831825305867
0.60032640117
0.0127412459223
0.975330062346
0.863304153556
0.0798414275676
0.258951549331
0.20664473803
0.050245395074
0.216919276191
0.861551619417
0.274565691865
0.666960918651
0.980813151185
0.340143585104
0.599464770437
0.230622699018
0.783713789602
0.768274909761
0.072982022528
0.239895719659
0.651163587112
0.0561516629963
0.647967338289
0.791419599112
0.771335370777
0.61581546319
0.651989613579
0.0659703477138
0.481087105641
0.261314682062
0.259901030549
0.618508311736
0.0731160119597
0.444310850509
0.261767759257
0.960224914564
0.0868201435304
0.376184526186
0.943542909748
0.341455141548
0.764995429136
0.106882122515
0.678730978669
0.633666645399
0.692096795452
0.984977822116
0.0626869730338
0.494229583899
0.978589513766
0.917312310712
0.984005902866
0.533803652133
0.944868231597
0.609028642816
0.237465866725
0.275631954124
0.898494522936
0.204760310774
0.0938044940356
0.444258064889
0.294388074646
0.959776041916
0.00909656145728
0.984286207045
0.948773989416
0.201593436945
0.0645392508253
0.303128620183
0.4827762377
0.222171446516
0.0235951481018
0.437485917287
0.41566746819
0.900315548569
0.0182404399777
0.870428427487
0.440365215697
0.903585582545
0.0676988504109
0.923418029522
0.0839374133861
0.959917891459
0.536271699323
0.571407543867
0.230883174319
0.539103307004
0.988396521342
0.971528618972
0.277262043578
0.0563656899042
0.579203241011
0.955217700157
0.334012626015
0.948250392376
0.956748747786
0.235251801063
0.841924040832
0.948477264352
0.404826414991
0.442261883669
0.0191076550328
0.128346489926
0.643638773388
0.597030453524
0.692733174732
0.955751930521
0.790056431029
0.993568544071
0.651367177723
0.679158430437
0.973935437794
0.975085689479
0.513550957486
0.972391982045
0.383458312301
0.354591862206
0.214904119441
0.986686455212
0.326639962465
0.214904119441
0.0522543920285
0.414911640617
0.320168854922
0.133029960226
0.60142769529
0.347224007076
0.133218442301
0.867904390488
0.692271324094
0.750388455118
0.910743905197
0.958487643236
0.14857672887
0.0192459213996
0.0612938245423
0.944191262743
0.536889779955
0.0207955241891
0.28005862233
0.889892396159
0.0223576007303
0.0110062437889
0.0896189915293
0.878839866591
0.963591178618
0.972456882191
0.246532791252
0.944658220268
0.185464524133
0.973361474975
0.297444095489
0.852186180155
0.507328854551
0.539187706287
0.20751260808
0.918256283441
0.738632485231
0.435671603222
0.291593540029
0.915211623489
0.826822593811
0.700070690814
0.116917139872
0.933573320527
0.945879895596
0.229270696526
0.150237597481
0.975044437
0.656641884065
0.494328753609
0.812726444197
0.0131842027157
0.658850271154
0.572485452491
0.207588628597
0.827395263579
0.627638637367
0.978390439687
0.538194252236
0.90864025606
0.95621243099
0.446048035171
0.586977547263
0.960259921225
0.117586838964
0.904870177239
0.348654755665
0.761426868586
0.153552506295
0.765766826586
0.710173493156
0.0834873721384
0.424802794147
0.260227009345
0.617502111303
0.499859685109
0.164165802991
0.583522741635
0.373706785006
0.00344102879249
0.989581862411
0.256111504471
0.226074952958
0.636775844247
0.213585905865
0.895315408005
0.916949785423
0.820651741432
0.974130433873
0.349913983209
0.00586719932286
0.129267275614
0.048045133023
0.8299381984
0.68912663599
0.744724588566
0.694805207303
0.0478361822024
0.955800827414
0.872241733982
0.651984833008
0.928280954913
0.0239080355873
0.866358078045
0.301835194067
0.884748081298
0.481490854288
0.729230319234
0.988621283811
0.152960186633
0.126047995124
0.440798644123
0.93557010532
0.516638822627
0.469135780439
0.258669896665
0.96850961608
0.774608730704
0.964024058592
0.0313656030868
0.617960903692
0.0325292605925
0.184976125036
0.120142456015
0.616729076853
0.491248209539
0.0906250934058
0.82093241408
0.486479549253
0.093242631402
0.00960824283043
0.974558271901
0.586854126636
0.677126326325
0.00266081299383
0.913979340332
0.774808845288
0.965358798111
0.944269805505
0.841810403827
0.388046453455
0.969951905332
0.104317361884
0.622103742214
0.0940939609866
0.845140088185
0.0378523658965
0.965195602166
0.170399006423
0.320200374847
0.951156922252
0.107922533854
0.0297381561532
0.889336260123
0.957042546843
0.339336824003
0.871216787911
0.957129253205
0.636704325423
0.0644769005485
0.59294916187
0.423587368719
0.909646745819
0.449360439732
0.742013645146
0.481368524077
0.291119864184
0.780790163245
0.475569889634
0.808877046629
0.423537578543
0.0561881861524
0.910778291109
0.387407534445
0.795536431628
0.902415246687
0.280690424608
0.609985660332
0.795219904444
0.889869984936
0.0509827725084
0.964696149266
0.928318352774
0.928575700434
0.925435461785
0.994614263554
0.37218824971
0.273685727247
0.0732434252583
0.0399698977098
0.984176121824
0.452627076677
0.494714042114
0.297197186562
0.152746861188
0.153384210743
0.143143202639
0.0517915450816
0.0970178602239
0.958587604038
0.0125753252269
0.375168766574
0.453450307366
0.643614741868
0.12443567027
0.841383781187
0.0937793109561
0.313456991188
0.0723102028803
0.987279227547
0.00771749998389
0.031649982188
0.528843033486
0.480701621344
0.237646899717
0.0199739412764
0.661169460142
0.193469967126
0.598686314665
0.669800745773
0.756138632276
0.00288279282229
0.54619047439
0.359957369846
0.853478172136
0.0380721484463
0.725845821284
0.194866577697
0.333391714652
0.992318702367
0.0282494495217
0.37075600385
0.752578800976
0.0996361871372
0.189437475611
0.0924268809296
0.904717778142
0.504137508978
0.305748151266
0.422206110791
0.214277928323
0.941647532753
0.785054939352
0.0426726019557
0.478288865493
0.841570156485
0.848722722958
0.148099510196
0.0494852126996
0.605923220957
0.878512709635
0.0181716186601
0.127354273661
0.934606249539
0.541445805613
0.291190310981
0.0945605234283
0.899891271717
0.93770529788
0.703698345164
0.816872160059
0.125910135824
0.272720216502
0.324074396316
0.497905204307
0.194934086286
0.360671280325
0.963651252543
0.588352818445
0.205754797955
0.395360490394
0.643424730814
0.705394463396
0.759499999171
0.0361315401592
0.429159416046
0.975556654718
0.181286275067
0.485681281237
0.225571724814
0.700457623216
0.749941122045
0.234111826806
0.780689266092
0.753356035854
0.372586273172
0.0158484702979
0.294087614692
0.617714900745
0.959270702762
0.951371411893
0.0138780698962
0.914214875413
0.232646941059
0.810650239483
0.614225330063
0.780633367247
0.713523631194
0.96566941638
0.696220387605
0.763219806624
0.981482687741
0.825588331003
0.114961603281
0.477774190752
0.195844361383
0.841944124289
0.17417200543
0.0159188373409
0.0824559294107
0.797523988303
0.106209645143
0.915986060296
0.695315124016
0.982721698672
0.446597108919
0.992739843701
0.0102727486998
0.169593358925
0.760321275221
0.516676713141
0.296594021924
0.182653841988
0.483553765816
0.626023119938
0.879051164169
0.837000958311
0.112648984811
0.071405635224
0.118988092931
0.68265159395
0.114636189426
0.0671500226004
0.110286606425
0.0856857396094
0.134589294981
0.405224880505
0.018645124365
0.0140629775609
0.979917062455
0.954819762392
0.334703042134
0.412789697101
0.939741595513
0.177329630518
0.0489793525526
0.00989947575581
0.318381780836
0.0151768266204
0.35662469594
0.657829358127
0.942135560837
0.303613262392
0.667810719561
0.482323895569
0.798086253041
0.0688109082909
0.757690307797
0.942252705646
0.799857944287
0.789727329691
0.490307064867
0.0833547350351
0.0549687752935
0.312559325674
0.073231893953
0.940455406699
0.933646644179
0.785918392527
0.164357664882
0.499194163509
0.292354530657
0.110152471591
0.524133788023
0.752578800976
0.667035534273
0.261857603234
0.988520096878
0.598434013713
0.131326113253
0.0330779602937
0.197124766556
0.573610889494
0.786464445805
0.937991858553
0.456204389665
0.751713378154
0.00833105412047
0.936030163945
0.236209053275
0.159968313826
0.0186507466319
0.0958658464098
0.661900653138
0.474182243856
0.203442861851
0.0604068500145
0.0781629147824
0.0344080851879
0.98629520467
0.303421915921
0.0357504545318
0.477205675596
0.00768367038627
0.978426495648
0.0285665770843
0.730972339558
0.899577373592
0.0951040690417
0.685235160031
0.955954374157
0.954633186372
0.499512959383
0.775296003914
0.733044584919
0.747451508177
0.31464165556
0.289539739732
0.107856436872
0.0561223059923
0.562204378144
0.219613952337
0.466950479633
0.948799131937
0.469812992205
0.83678395087
0.963998958629
0.169786267931
0.125402017802
0.919455744844
0.00415100459829
0.731511448272
0.369880996565
0.431754991282
0.986912715057
0.896791233402
0.955702146511
0.697210619227
0.508858075113
0.921305921924
0.742945540783
0.445963952787
0.373603213932
0.768968422554
0.844434680279
0.740162219561
0.38918579352
0.179470309977
0.964842708781
0.0134507084786
0.627281471692
0.656755504718
0.962284291778
0.50066785823
0.549297043418
0.00390399064537
0.977368711914
0.904983524949
0.635228963727
0.174137822302
0.00884036437303
0.520884436256
0.0225551558385
0.623815537732
0.0179632543493
0.888409889387
0.0758904851294
0.352076314826
0.199302233636
0.430233809474
0.796182826525
0.0135540442045
0.0888354316749
0.104621414041
0.602023618542
0.467516953062
0.987317922429
0.682624083421
0.979371085055
0.782958150563
0.349807013554
0.0552292849835
0.0443164683406
0.464958505203
0.640300168313
0.0637194522484
0.751092073152
0.148287214484
0.858718662112
0.693867495672
0.613579182464
0.57515744405
0.519259170712
0.935917509699
0.955207952559
0.0907392750137
0.303638818544
0.77296258838
0.4858938084
0.871629046268
0.254692538428
0.841335845806
0.821134736437
0.29941803247
0.488977224971
0.842412206351
0.573339679789
0.359378265204
0.0700577901245
0.938856558733
0.441037752329
0.287047277196
0.683156978083
0.918664844557
0.472328487191
0.208812291163
0.643363353408
0.205105124477
0.984469612858
0.181747244567
0.802943756348
0.346606586146
0.757505971987
0.777654986385
0.117066473801
0.217597840471
0.00302242508482
0.940459895305
0.692733174732
0.896874378854
0.790590787747
0.691120815965
0.164455062552
0.811573583554
0.180692749277
0.175782278682
0.96008317027
0.952129556216
0.843570638921
0.895928667859
0.947006729487
0.726551054862
0.769584637472
0.757922744821
0.106855350869
0.821901489747
0.859356182932
0.368382059947
0.335957109259
0.852946311073
0.89961778989
0.405190411511
0.887368614166
0.146484733541
0.513202430321
0.699927233728
0.96443400744
0.689941660515
0.248488178552
0.855153297996
0.0320559917369
0.185592379738
0.437101107575
0.0793343552722
0.392805694989
0.843842653628
0.671321673067
0.929998814606
0.808773328508
0.217218408587
0.572119259702
0.132522362723
0.534604151277
0.756146449914
0.571407543867
0.534486200243
0.715958479976
0.373706785006
0.0618189860053
0.236925948334
0.917250740193
0.796886073426
0.0466835241774
0.395805207366
0.989707776379
0.860696794833
0.224063753238
0.96234976476
0.878383992698
0.980571439049
0.513758511431
0.91059479688
0.86588855287
0.413556041723
0.033720755897
0.96756655962
0.694911521908
0.322807421411
0.942479982885
0.742774432128
0.916376244194
0.99587338757
0.294961315627
0.874742431541
0.275908350699
0.898515914428
0.900322941884
0.047984043201
0.987102263935
0.131586935963
0.247360603432
0.791282647669
0.967161416389
0.971942954154
0.632453564561
0.917385262746
0.020032383004
0.97390501505
0.435390402461
0.0631351261921
0.708473960609
0.934260698574
0.101770361536
0.288605861668
0.572489915739
0.923361011634
0.0302937477801
0.971746772697
0.0377571122472
0.618507991772
0.8959876503
0.971628273021
0.705510683721
0.969009413528
0.0106371079315
0.180270838516
0.251590088553
0.0364158063385
0.0593195165138
0.570924467866
0.0891837167443
0.175359623639
0.91787319393
0.657767813729
0.29596431566
0.413797253792
0.62081175583
0.950748787057
0.587667938095
0.973720154431
0.342055671046
0.803617987566
0.937088942501
0.48682935363
0.60433973038
0.196004960791
0.695708867535
0.704090380861
0.539626445825
0.925714447799
0.706578531988
0.204541767665
0.886725630727
0.34868442273
0.738615267813
0.769960161987
0.00572164490616
0.885374480859
0.54065292599
0.0285665770843
0.805649539985
0.00700600437321
0.0656943645134
0.95514341203
0.985316001192
0.336331666012
0.00537192988085
0.0260418297843
0.143940193164
0.764258926981
0.471357477146
0.456471982031
0.789938014391
0.510605514973
0.791333364758
0.993064401665
0.573638972303
0.441937907958
0.0108374517664
0.869923030691
0.84537858287
0.0162673016019
0.0819629706186
0.805050128958
0.99436335011
0.269180872091
0.0151280059678
0.139231774112
0.337595327003
0.0108678873671
0.100592652803
0.970196340067
0.811499495859
0.00848889660245
0.806376770233
0.303310954819
0.202824906116
0.433717071302
0.077542992732
0.659171749414
0.0415932259576
0.104771635821
0.886725630727
0.0639897139987
0.293223898115
0.107125403833
0.867550437283
0.508342310352
0.762089594528
0.102469579219
0.0115667687146
0.995568883605
0.0102929595973
0.86518291101
0.450934694343
0.612343437169
0.832651443612
0.735292912055
0.677516359177
0.795714749119
0.950582993049
0.962284291778
0.972637689391
0.213646277494
0.891485026046
0.981680683226
0.943280613476
0.261135658931
0.514440272076
0.992807009311
0.722569066319
0.83582877122
0.216386747646
0.822625513982
0.124648300942
0.877033393371
0.0206350222812
0.968885657156
0.0244302442906
0.0597663257202
0.833923797134
0.364513623593
0.899023769041
0.0428229130651
0.015706728485
0.988164326857
0.255027761118
0.518847425526
0.47684039779
0.765379774974
0.176121697098
0.514145529805
0.114730349817
0.0472828986261
0.897845665279
0.797805411719
0.0964716229585
0.00333422198123
0.980050990409
0.994089194788
0.805649539985
0.500694931788
0.0856053135999
0.243186945827
0.0271045449589
0.646484676559
0.811886470235
0.14784699817
0.687688662729
0.760722509521
0.312023350375
0.680797866046
0.629712486247
0.978044691217
0.402304554112
0.408462110721
0.937138919462
0.70657315889
0.0382701506572
0.934337467361
0.0565466325893
0.412198541207
0.805161250638
0.104757678118
0.819808650915
0.027607688357
0.923636885353
0.0711069763012
0.8063699302
0.915791760143
0.0494951244249
0.858830435368
0.0517051863817
0.917721225003
0.568492314195
0.405370714741
0.632946718029
0.170525778107
0.0142621626015
0.0300827842889
0.706775586508
0.0130587138414
0.918270041053
0.39821150299
0.0042865011031
0.0967919965882
0.890058196761
0.269955199672
0.379698404446
0.270511812031
0.571499845835
0.626954374769
0.502329948955
0.430497397518