0.166641750914
0.807072159236
0.147435763126
0.148164765616
0.547009737094
0.181571504832
0.541050699864
0.963794469839
0.183121934754
0.908807390539
0.186601631621
0.895058846526
0.64831518853
0.446779405279
0.825686101219
0.819875276101
0.953413376692
0.367006472263
0.841223426246
0.385235815957
0.75434948769
0.155718109362
0.765351977118
0.651402357451
0.0943335917675
0.0514807286913
0.108087241255
0.426628716163
0.0807042949557
0.40843837961
0.0457125187273
0.957086268566
0.741320275882
0.892414469054
0.80769105139
0.573499545377
0.55124738317
0.206256221631
0.817941676894
0.56564716004
0.481008692346
0.207821071603
0.704331684881
0.957074967511
0.118798957409
0.562152964834
0.615776786284
0.119015500026
0.183337816498
0.650406473883
0.163599748991
0.206560321046
0.0938011272412
0.607824885107
0.958797268033
0.0779909926823
0.0781239898832
0.595851535412
0.106666790256
0.989258097597
0.383409100185
0.64751484026
0.121331193788
0.49736724061
0.65805183848
0.362283935029
0.337026227539
0.120309584979
0.363507483111
0.592887921417
0.950191076819
0.341196505945
0.103230005875
0.532098411579
0.712328761594
0.830325110388
0.288722780534
0.686882746573
0.572582504624
0.0301245753998
0.264200251935
0.0591798678699
0.309607636518
0.660372285831
0.796447877771
0.583068414551
0.672491042972
0.262851387719
0.894920893888
0.762605525318
0.169337919077
0.106111092689
0.905156123445
0.857870787699
0.224221791844
0.206554704174
0.899203874791
0.692974189586
0.842682232492
0.389701398701
0.29099757534
0.935510275854
0.948940612336
0.506130745267
0.540593387884
0.406179290079
0.377370352105
0.724857889185
0.254902188433
0.879120819712
0.483631819158
0.165905466383
0.868179639738
0.385963633428
0.952900393723
0.74046074475
0.692267488228
0.875081134051
0.894808069938
0.859258229487
0.866627713026
0.714107308359
0.0608640496866
0.739130672874
0.870806484644
0.965368072548
0.626806274336
0.0404259191365
0.649025664759
0.959526346001
0.60194010862
0.218598542439
0.117814300348
0.912135228344
0.09285552913
0.630032141687
0.940573439503
0.312536811984
0.817279248438
0.220851890934
0.908724255965
0.938550042341
0.666196711419
0.91048621808
0.320848060785
0.0248424797823
0.0929953064641
0.0796343178065
0.351524333091
0.897178880591
0.453191387586
0.123619120341
0.952211235044
0.926987658181
0.302635291005
0.17000482897
0.730753823449
0.975588523493
0.767501362111
0.281609449542
0.903724925489
0.274104098617
0.876985955009
0.7425090399
0.460986955074
0.262282791631
0.801938971595
0.940202564128
0.219884909475
0.169090869232
0.481150067571
0.291892460419
0.0377570922284
0.846434548159
0.225774758629
0.200891290513
0.602857170949
0.93286377438
0.578003363926
0.895939931674
0.899925810613
0.38774200264
0.771230591461
0.440125069046
0.206924167285
0.77391100032
0.26085735324
0.11344904296
0.375641087449
0.938219564256
0.931006005458
0.557067238377
0.0430409837215
0.596633755984
0.901818126628
0.925285449182
0.19770962623
0.973706452628
0.915424265481
0.348065815352
0.781432619926
0.949269612402
0.361691906369
0.169882209642
0.927501808626
0.0517164305247
0.34558907414
0.934948941853
0.0177963013506
0.107684094133
0.974415208797
0.663549627202
0.762009394372
0.752280045247
0.929082117598
0.572582504624
0.905635137122
0.902483579231
0.884176599248
0.110342690812
0.726286924026
0.93376115779
0.788547465727
0.147080755013
0.462706736395
0.609140841398
0.973842580358
0.0316996030727
0.87853633559
0.436308479388
0.0281844520443
0.165028671455
0.112196753857
0.932475460547
0.610318075893
0.5848269722
0.0603038681834
0.488289581481
0.333313817749
0.525350239024
0.966577584153
0.256236560172
0.357174092418
0.833635463303
0.0276659596052
0.794948913498
0.188833286061
0.972825235087
0.959223925224
0.554140280251
0.95475295158
0.933599753033
0.186811744931
0.385059763917
0.243016879589
0.0848620245151
0.265991835806
0.12278518966
0.596405728106
0.811524273689
0.102800410558
0.933016986814
0.784468392478
0.949597489195
0.756795584645
0.146631010299
0.914456160534
0.147129169892
0.83124515287
0.67076213036
0.950189745563
0.938921930058
0.631129827496
0.0763701170157
0.853159731713
0.204796023998
0.961358636465
0.852510316372
0.683174925877
0.324366390582
0.280918677809
0.797161827204
0.931057131784
0.799367048963
0.500278473526
0.758961174434
0.667857077761
0.922710840171
0.809499596484
0.20692018682
0.928785483801
0.651975530866
0.886857657112
0.13582495594
0.983974150865
0.361928458817
0.893886899366
0.957485135519
0.944850548397
0.725655051231
0.0253708407272
0.796447877771
0.645503475999
0.152973113171
0.96411427119
0.131796293691
0.0205111895005
0.419620830867
0.639646943068
0.0770910999903
0.434435371177
0.215125276919
0.305625781836
0.772741830656
0.740302379735
0.910288771544
0.877960616063
0.157578083633
0.0923116180669
0.760090245051
0.567822486699
0.780943934857
0.411550516229
0.891469426325
0.962861339019
0.146536438039
0.243332792752
0.698417191181
0.849739611464
0.337026227539
0.0539476892282
0.118798957409
0.889112062494
0.160872794116
0.896671874307
0.933557885803
0.672711853077
0.814888564628
0.475748578565
0.763998206583
0.96542498025
0.806677734268
0.871857081858
0.058116232558
0.132463896924
0.217057887383
0.898577079932
0.500592121247
0.316203389376
0.0606520376419
0.710343992633
0.416194748598
0.839407059646
0.0248500986945
0.358650855216
0.564981739649
0.739681674712
0.847951309802
0.0696340409442
0.984834300301
0.471970885429
0.778324907239
0.737165388696
0.051721140744
0.936305432208
0.0409287850931
0.244194209149
0.518092675083
0.875554371154
0.872138315486
0.212659542684
0.0682019068179
0.828381389967
0.389158063429
0.669507816656
0.933314019298
0.744598570107
0.631620197174
0.209209297751
0.837299128424
0.709963773606
0.310251483686
0.964939075385
0.347843669788
0.0672718159141
0.663117105093
0.2462813919
0.331667122066
0.767746061503
0.944504395455
0.628711173859
0.169818214212
0.112243252717
0.0914511521969
0.335205866677
0.425668022837
0.310968966763
0.222645833989
0.639320104346
0.0198151183962
0.862535102059
0.516243153371
0.688333277462
0.111640062104
0.809662830962
0.950744404581
0.187073583313
0.937217132425
0.779112089254
0.0775140704316
0.231106125111
0.433337481095
0.859309772599
0.776162064533
0.714222246969
0.068473369162
0.638939677839
0.106751732236
0.785935492486
0.931045012279
0.183654349379
0.0652189244499
0.861120090328
0.0802000744606
0.0195168078974
0.171757111109
0.234888843319
0.501327380963
0.866836353459
0.857220195648
0.138277161202
0.177198909302
0.800385976909
0.411662260712
0.432750948416
0.887300950656
0.673456366946
0.556411290862
0.0906721353802
0.759673064527
0.743415068658
0.531832070065
0.0456997123314
0.509577864804
0.713186862234
0.953821056197
0.197468718129
0.570373214314
0.395593559575
0.215593070933
0.123922176565
0.757253367919
0.931073599143
0.827708882686
0.504064758532
0.0711119342007
0.248931389567
0.29164779755
0.100358512909
0.303421248774
0.546729026091
0.898587257333
0.122399631892
0.290358604087
0.03045924877
0.0277825853238
0.236120434253
0.289567216802
0.839321815231
0.918747644801
0.841610607553
0.907478154828
0.634103150955
0.174827960276
0.281611704746
0.0513061845211
0.802166024105
0.875089267594
0.773778240194
0.893886899366
0.803827571804
0.993493542582
0.199890209294
0.911658341845
0.632673377835
0.108398679809
0.0801771743641
0.220724007082
0.9028978778
0.76592286829
0.135204829711
0.288624126286
0.933451084721
0.403491947651
0.787327830052
0.940678505718
0.717611165518
0.809426223237
0.746289364346
0.392008632299
0.718217241542
0.256657052781
0.571483190467
0.905461445663
0.939007885753
0.507393063065
0.13672106592
0.891015241062
0.278152485748
0.0413661768961
0.287045785738
0.214189377435
0.0649791610965
0.328548639694
0.0598321439668
0.0261575799663
0.023794628918
0.873726350395
0.97673178363
0.657709480187
0.816775812481
0.305107022809
0.667415195992
0.946021081611
0.65270845533
0.510470070009
0.592572917231
0.600921521097
0.876713726843
0.155052146404
0.95939212829
0.797986518851
0.721821935172
0.827973431791
0.0931592228028
0.905275753822
0.776858863466
0.274868140176
0.22522908067
0.0262242351584
0.180405844
0.86112896212
0.409303822218
0.834994223257
0.881464555361
0.200006461733
0.585998686065
0.1427570002
0.887210729891
0.0148156425401
0.422298220999
0.0797084216265
0.545840335163
0.482268234526
0.959781220873
0.0276659596052
0.909654230212
0.885659423981
0.927736747222
0.268495137669
0.965550706697
0.380715722253
0.51578316845
0.463893755409
0.886857657112
0.0981101097594
0.936500485908
0.45069105576
0.0640697823645
0.545030091453
0.804717649426
0.275998738665
0.981956771695
0.0998677025481
0.978610459995
0.102987579082
0.085154181172
0.678064621093
0.0241068478022
0.94894004645
0.923872382879
0.836722762489
0.179006794702
0.211253061241
0.496326905149
0.831575954838
0.72723272206
0.0879613980697
0.0797201517368
0.463704413613
0.472691146963
0.449475145597
0.121069531137
0.388075094236
0.764816415533
0.247969823454
0.582462014417
0.820657155044
0.0557956023933
0.631172521551
0.700216502873
0.941607910862
0.158490762577
0.939675861559
0.0603744580863
0.245762297209
0.589430782173
0.0786240260423
0.0813779945533
0.718847039899
0.571221244645
0.0806706771049
0.431302683188
0.296332681654
0.54695332304
0.765996993201
0.135874946971
0.074920601028
0.466813786133
0.88876329786
0.934948941853
0.08357432556
0.892316061512
0.858952964962
0.147894525352
0.299187367924
0.885925569782
0.156946046397
0.390826202379
0.897394833778
0.831448521079
0.941157456034
0.10888005949
0.228551414187
0.632643014538
0.723534574184
0.757856350905
0.415243487846
0.970091231988
0.292330471366
0.810926452089
0.848336335345
0.107995297002
0.155437184506
0.979663236676
0.725103577613
0.774605579637
0.362863255039
0.718116614295
0.775389364993
0.837640479613
0.502531912834
0.481291414985
0.101628225117
0.183441263123
0.93466607896
0.276029342301
0.468175904859
0.0485055031371
0.816401456474
0.253937356836
0.598462743164
0.739531968055
0.635463697865
0.170813439429
0.214443726704
0.203527474146
0.682031702073
0.409256013037
0.989659231745
0.695335129203
0.019444592563
0.093669710628
0.759926968952
0.50573875559
0.166624877766
0.146581847011
0.0570784946891
0.197282511977
0.875334869656
0.539472503397
0.24908235875
0.576906405445
0.669420780587
0.961084933897
0.162787316834
0.516679739035
0.104661299757
0.499350842133
0.526561512048
0.989502825346
0.0938336991347
0.868236581699
0.784451906222
0.445069180566
0.788253496886
0.696522228327
0.952748337248
0.0777576339553
0.930370836679
0.565831141213
0.107307323758
0.487226086904
0.234862538787
0.786306428453
0.206163276634
0.146441848676
0.256443107719
0.942747717958
0.887166718195
0.369720205186
0.0205035131095
0.523983150616
0.686403431047
0.0736057263617
0.225840451493
0.911740777318
0.936523488335
0.0771126846663
0.499600672654
0.704607496092
0.401094631093
0.432222309384
0.0523349288362
0.404500106583
0.89465321539
0.406214770839
0.164428724702
0.203569173681
0.602870959122
0.268023646323
0.701756776845
0.82175516262
0.880428699156
0.226491270398
0.373728503071
0.324104537836
0.0535362223396
0.110040984695
0.142159650173
0.598153171237
0.924073911703
0.210414182713
0.90127019468
0.712345101643
0.970819329916
0.248773766213
0.149814995827
0.882898394105
0.588133867604
0.15805547589
0.538971957662
0.103291262949
0.452589020765
0.682798473015
0.909006685292
0.643242805211
0.346652397684
0.740747500484
0.94992554199
0.639948547928
0.745506031335
0.669885774556
0.41953331667
0.444299570986
0.654854026191
0.279070795438
0.340029765601
0.846494508233
0.908275298408
0.535109133122
0.200902923169
0.136884493154
0.581868307173
0.0416334739775
0.4342527084
0.0734873539296
0.962580389114
0.241769903881
0.0730372199735
0.939276129398
0.911377667448
0.392606730465
0.518902007
0.543330806859
0.792861785111
0.71328825641
0.0993515737459
0.5525343066
0.947509370107
0.668984672968
0.762546973013
0.0411730519943
0.355017702931
0.634251157956
0.97236227801
0.572453360694
0.0748801018624
0.124019282169
0.0912979078067
0.794406176996
0.725719164757
0.108177042252
0.654528333444
0.295289147971
0.0984010680069
0.228239729918
0.581887901967
0.6155443227
0.386379271206
0.564565611928
0.846445945238
0.445086359072
0.701084339864
0.879213835178
0.127541372824
0.868592939228
0.957075598411
0.179896218565
0.240168462062
0.299975742368
0.272149000897
0.898032334705
0.0726923954297
0.442573639735
0.0456339583761
0.570837466882
0.82244138081
0.468175904859
0.827555708948
0.0669565083351
0.881842402424
0.973199724858
0.969563316164
0.110766331605
0.693066284805
0.857346612481
0.882552973761
0.0634305859764
0.255833004454
0.538663863362
0.328246149292
0.74142234483
0.460082923763
0.936249791351
0.958673409402
0.527561007308
0.158214523015
0.616309532119
0.520036646387
0.698659443561
0.877498888654
0.98231453213
0.910732041967
0.198138837289
0.726695990484
0.897142894825
0.855199293156
0.878555352112
0.724153638817
0.903289887976
0.47222677556
0.242380800205
0.0851879762679
0.653775318939
0.0668927846548
0.700047258635
0.928087391337
0.860342881279
0.314833924586
0.925355877009
0.0136264762737
0.482568012558
0.910986263746
0.136725413574
0.958460579432
0.982685753217
0.180322130986
0.948492515157
0.851374887483
0.737870935869
0.806651976732
0.958030579664
0.225474465806
0.970984406826
0.250367347855
0.321126348561
0.178724676438
0.885955541347
0.1654846763
0.873912389854
0.400191655426
0.68715998162
0.707210901235
0.843656806378
0.183367154877
0.140640941094
0.37055761743
0.0870889274651
0.0929064341094
0.287844146625
0.891123295275
0.918766235288
0.598155740793
0.618017891233
0.773882236933
0.322171987923
0.154867249646
0.231138380533
0.949608798878
0.664786345235
0.760961512103
0.754108615359
0.128472555722
0.166052640195
0.191363358775
0.340765675058
0.414918771044
0.736249683982
0.850490394308
0.91339578314
0.0411611237518
0.105366881645
0.196454414618
0.116114716615
0.538583963788
0.375993552382
0.915477520393
0.296932627226
0.692786778828
0.169625090006
0.044991302739
0.131824779743
0.593584914813
0.753844097655
0.364035659368
0.383550699883
0.0696340409442
0.966449689433
0.262823009174
0.172989657515
0.883289329331
0.370334179976
0.0146891708834
0.615578932373
0.307821181317
0.318601747464
0.225980143092
0.102992800745
0.392495024457
0.175972931839
0.77038323035
0.358372017691
0.322171987923
0.0817382621673
0.834887209135
0.76523941162
0.0331475515804
0.902183136737
0.140825455107
0.975612399618
0.669779893934
0.951687124306
0.144015079642
0.858453508031
0.901693815175
0.855419411349
0.725842693701
0.239779450751
0.946443129145
0.568078448853
0.580654833228
0.613568649776
0.869466787179
0.516309248162
0.227709881801
0.161770469071
0.0638128060388
0.93421477366
0.907523682141
0.648740841216
0.641463082533
0.269229839006
0.892205806225
0.961991218096
0.0723380619089
0.791325844014
0.321126348561
0.856550521114
0.447515001463
0.550770996242
0.365609682411
0.85844836107
0.113807080887
0.273921898944
0.821768169117
0.827041867516
0.636371465575
0.468458771223
0.701687626507
0.968884930632
0.0603486628945
0.964910256822
0.399962484429
0.913696550097
0.483060641268
0.349553752836
0.954292706263
0.934881413363
0.842299321396
0.892800264766
0.291173558994
0.330319541081
0.591029149323
0.605190676422
0.953742260559
0.0413615982397
0.342611486325
0.686124057699
0.165053900588
0.485787571072
0.291917003627
0.68302591904
0.187740915262
0.866342149001
0.305366602286
0.13774627524
0.0662000184135
0.0716855239683
0.950189745563
0.430006083366
0.803074519311
0.957223556697
0.615079654386
0.913360496868
0.177469650479
0.864036106822
0.6192972626
0.440493824222
0.245055956279
0.239732119845
0.903647571095
0.495387550794
0.364100918213
0.559121798273
0.696865437552
0.153833997232
0.0625189223933
0.959429378182
0.715867090983
0.904698239769
0.308149739655
0.157611618858
0.257975049336
0.0703823352427
0.419359819744
0.183788448589
0.840736743813
0.0728921007941
0.949838397674
0.721229421038
0.109001102111
0.803009976546
0.848423738906
0.595733435523
0.868359814818
0.821744897875
0.450605975476
0.571382735892
0.549026386153
0.915432894685
0.803813019975
0.116617181099
0.337628980924
0.495652907308
0.447120882746
0.739331092949
0.564405545162
0.0704553913798
0.0469985929282
0.958569881192
0.0753719843049
0.370080208463
0.0346911945259
0.227755607572
0.346665759747
0.0719281016891
0.434087149611
0.0881131251139
0.902975608575
0.317357266699
0.753907146124
0.749311572606
0.930969091185
0.74142234483
0.85047703766
0.738333152371
0.905274280283
0.941529331725
0.985071711153
0.858942735409
0.422371417288
0.604113546815
0.982698572718
0.846720219277
0.120472536098
0.843095289769
0.0560522941773
0.23217979249
0.610385764719
0.151685169175
0.689809063852
0.136475885269
0.378294576222
0.238858955214
0.749116806972
0.0520766930178
0.403491947651
0.0497955579339
0.185919800728
0.789418075039
0.67928809222
0.0628732956423
0.530495576778
0.455665522699
0.388948374167
0.818616844281
0.35369452385
0.092448736993
0.284657035961
0.291917003627
0.897142894825
0.180851255255
0.951689238975
0.492117487912
0.102422702479
0.300818276083
0.716971801204
0.781261476241
0.224221791844
0.698418344919
0.608658836794
0.189071634862
0.111920998201
0.968689325258
0.791543383605
0.918704238148
0.20956689846
0.835351109693
0.42896123725
0.0651158265189
0.612858430843
0.866100572449
0.28441765945
0.824170536489
0.772099775282
0.377072797088
0.298802400212
0.727037677959
0.751882894499
0.170434298555
0.895627073562
0.180216437997
0.544543863403
0.900542654298
0.107196662088
0.0872022615652
0.504127270856
0.364021685532
0.093412791663
0.298892510592
0.0863165643713
0.160492520286
0.396797043352
0.894972160857
0.139511091404
0.224265950634
0.00698423832176
0.0871971144169
0.748019676599
0.787192090291
0.189501179218
0.967993233967
0.586815423744
0.5416841646
0.206706648462
0.131717941736
0.200710131269
0.903071534726
0.203287794623
0.336711064358
0.731611253367
0.855365281797
0.972267290573
0.479509683685
0.922981605352
0.496406140002
0.544577464218
0.930554489594
0.730753823449
0.220591162025
0.0506355506756
0.934380273275
0.783897393737
0.962548393695
0.329826351246
0.360572928663
0.0550483317941
0.70303371304
0.688347593747
0.155125232071
0.160943169653
0.416526995791
0.411012283953
0.664476037916
0.285370047184
0.928294754967
0.255953135882
0.930813627178
0.954803514582
0.838929011258
0.86052697516
0.905799732801
0.120795760789
0.371667585605
0.93949059396
0.628706265837
0.278791921325
0.805538177884
0.892140605485
0.199062368601
0.31095847412
0.790035326864
0.342756497036
0.547633132193
0.600008023567
0.110009528758
0.420722594439
0.0240026620289
0.268276899526
0.0973718104575
0.214240648485
0.0318923019137
0.875689506339
0.408271749842
0.266962370576
0.664155475034
0.633713274878
0.953363057733
0.843685864649
0.306536037388
0.409303822218
0.355211508644
0.774233934582
0.175269666091
0.917531943979
0.958907633298
0.97191548822
0.924268590637
0.565083256137
0.951945203637
0.0731932550206
0.567078469735
0.186774528544
0.337193528357
0.178965282734
0.947961559733
0.289731502929
0.932509578234
0.910054587837
0.372122573302
0.904556596332
0.768607669884
0.762629542285
0.112708252084
0.151145554141
0.804904470161
0.27427780023
0.893195953313
0.55857259623
0.0766192671576
0.238807799959
0.969011141934
0.344942459494
0.321144596477
0.849779633342
0.464415668044
0.968468009778
0.121034971282
0.273572920462
0.831259973457
0.148984661596
0.0939066902294
0.233972437067
0.975369547207
0.956002972821
0.228844210613
0.164047304958
0.280281521882
0.90574672543
0.131480453972
0.0519708992066
0.835777597873
0.441158574904
0.626334428488
0.661297718932
0.617524741022
0.470601500049
0.716768697408
0.248243205097
0.655725912516
0.147703007871
0.124813784394
0.637428436735
0.0522665588694
0.676173191171
0.953042720892
0.829735578036
0.905280458944
0.886516179877
0.895655649549
0.81338138602
0.332075619846
0.21855306131
0.193799190667
0.929125306361
0.107720740334
0.180050792858
0.111138398329
0.922817302524
0.0450905382626
0.973706452628
0.6143295517
0.880303013761
0.907091295874
0.0664801912876
0.899214421939
0.0835663120889
0.237166414067
0.780917645306
0.0638237200812
0.421701817204
0.162941460337
0.110657978975
0.990228065775
0.812157872412
0.0645103229261
0.456934770555
0.35685345648
0.977364197625
0.21540317114
0.276994196747
0.233700861786
0.633162843311
0.108329217589
0.411829552487
0.165294743228
0.791989714929
0.140749331959
0.735844588207
0.905331316297
0.816117216295
0.917986069967
0.709841137371
0.926287449572
0.245753905593
0.919608008883
0.0509453867985
0.0753719843049
0.896738215106
0.506947639111
0.0943335917675
0.810160731447
0.69217580466
0.860427047506
0.912866726099
0.132716922941
0.889907480451
0.697408349708
0.367873876656
0.424432707617
0.360746066766
0.681047567313
0.167877885771
0.0760810258207
0.828566441608
0.377088102566
0.60900781501
0.845797948542
0.390094092785
0.0131076759354
0.659215370038
0.955667563274
0.208775645994
0.531628037712
0.914429808159
0.220163516363
0.298528289198
0.914710184253
0.634892988767
0.258171495247
0.588046743143
0.591227748729
0.113635423282
0.729527836876
0.779173390543
0.858106726928
0.203230442128
0.56549045171
0.945915092148
0.82857592059
0.0335020210794
0.0770910999903
0.0560801534733
0.416941664004
0.979370920357
0.920447644107
0.531330914946
0.551950742964
0.724700380741
0.452935675237
0.176736802682
0.0405115328921
0.404031461927
0.986461513335
0.247810501483
0.840064665299
0.0208703780474
0.735457639
0.918807028112
0.893855395908
0.859931751294
0.15782307684
0.499926856486
0.922629695582
0.769423519794
0.405502867172
0.799883602259
0.954366110035
0.643642101923
0.852789754006
0.34788954708
0.912917165657
0.264448606972
0.962481870997
0.964085284489
0.905782844754
0.513320007388
0.280951955348
0.461414536973
0.0739199817518
0.573256023826
0.857129835761
0.103691912989
0.103161428772
0.726277520898
0.732155023995
0.821387402353
0.143119310025
0.297881681221
0.560682101799
0.662041833504
0.742310166284
0.352407663508
0.467206585154
0.901478983952
0.51062956038
0.378854989301
0.967594906095
0.831747558263
0.12411956442
0.0758809996285
0.493804672587
0.720604764593
0.981367355594
0.56923285159
0.110031529675
0.93196471558
0.710587987525
0.921289914408
0.76944855488
0.88956385507
0.0992868770143
0.93284498424
0.507166036455
0.136255297591
0.876895700141
0.748988067604
0.835997238352
0.700861699431
0.683770038203
0.54351590586
0.67268333994
0.78888568909
0.0325207142498
0.720857833301
0.882891814687
0.46104442837
0.836154920284
0.360721924754
0.326972707863
0.299208266314
0.700662703571
0.941634657559
0.761340469989
0.476253237187
0.908318614234
0.943737544463
0.361947137137
0.830556604007
0.0848166392688
0.870523972534
0.892218240387
0.362793961808
0.951371619658
0.531637425339
0.32333496044
0.570570217748
0.721724857554
0.814662746504
0.211226607774
0.825394199329
0.962686756553
0.447862597764
0.563355791134
0.741822176007
0.0726833959348
0.4210533908
0.796265248662
0.650290571828
0.372185696256
0.738241280414
0.34155150834
0.147910536864
0.885373008026
0.306447084964
0.0249375673392
0.666511815426
0.959859648828
0.414736127294
0.644903641866
0.126523203474
0.108755136775
0.900074881221
0.921099402318
0.530220415432
0.551253147821
0.176100136311
0.603358239635
0.127146370295
0.772927584746
0.125069105849
0.976439307054
0.667500610076
0.483247955365
0.0820404019959
0.0950837440469
0.958249029608
0.516922049697
0.39433948269
0.591192006407
0.0961495268461
0.411223311749
0.550656309527
0.187305274378
0.528274371881
0.911797836143
0.767559790798
0.241864695554
0.745555104657
0.759214288367
0.120835197608
0.811329774572
0.580978109868
0.750670705974
0.55036554029
0.165522453509
0.249559035546
0.155041894595
0.184015420528
0.370081407808
0.862636646509
0.925912417456
0.0978325926862
0.145129024089
0.0289749513914
0.869466787179
0.388202583978
0.727076086397
0.798569276905
0.359362886308
0.85784561029
0.766976015689
0.777597597515
0.190495321898
0.621662797313
0.707506553853
0.651091714072
0.3031176078
0.429532431876
0.272274082101
0.965291867594
0.345120365048
0.89234182086
0.751060648292
0.0701520442563
0.758641334739
0.401218664956
0.0716631673015
0.94286467752
0.618647848319
0.919712414052
0.0206158554789
0.882501761456
0.120955087536
0.659809322698
0.905193966207
0.584407569596
0.813606179524
0.297981371743
0.844734247669
0.103770231941
0.2375509267
0.379644824402
0.261677598688
0.945343368939
0.386311780341
0.92961756673
0.279846898604
0.670161487417
0.859990633473
0.437519011488
0.266528938758
0.116848354217
0.948413664122
0.790694569386
0.0269244052152
0.83070515669
0.806362751146
0.711635944407
0.971428816188
0.919708374962
0.370282314823
0.633381050683
0.713770335112
0.845140740488
0.867933082573
0.95913581141
0.614447692314
0.263612590731
0.119878984983
0.925755195836
0.614285450055
0.219798243033
0.871255728603
0.690200687455
0.660940545684
0.791299053638
0.142104146453
0.163449053385
0.593916394768
0.933004469856
0.0706209146809
0.951677116408
0.904494982832
0.544078129965
0.105438404255
0.0428863930136
0.421094986821
0.369698099547
0.731938470489
0.949981666517
0.562812321708
0.287930296945
0.849367486863
0.435980040931
0.593376265244
0.920002902181
0.580365975973
0.101473359596
0.508360924059
0.951563251247
0.437258602478
0.524028502209
0.395125175672
0.862754316848
0.834525278074
0.0982426819769
0.672873228057
0.24943848388
0.943412295047
0.471431387482
0.876414142987
0.212791631014
0.859726656321
0.478969060992
0.0886187181779
0.384974887736
0.805919978652
0.545667505862
0.816278591712
0.203247821134
0.879904775048
0.952561546206
0.456611304832
0.0884981034236
0.0529837192398
0.385802163047
0.450134733134
0.0806388764133
0.776474088114
0.183884636139
0.508988315946
0.856550521114
0.487645331982
0.946453672177
0.800946742855
0.463786759658
0.574891565118
0.926255204321
0.331820656732
0.0360717397111
0.0620026862392
0.0741943604262
0.58054238931
0.785881259236
0.303707756772
0.720857833301
0.596633755984
0.737341027996
0.0518536005257
0.0960878836576
0.108234153566
0.360999596927
0.598195031212
0.908507537388
0.577612003077
0.650755122332
0.186112211776
0.492198663043
0.671155430627
0.851358281115
0.818791954166
0.430198340591
0.740686713228
0.89838746582
0.709250938897
0.368419868096
0.415714819192
0.162771954337
0.880910083457
0.401382600789
0.90336621874
0.603260285492
0.191968676807
0.916799304968
0.839251793923
0.266797317082
0.240396320484
0.542953840542
0.633134051982
0.872134454172
0.100377999217
0.0289749513914
0.0528927194309
0.96198899322
0.294594210783
0.937011525444
0.796101635567
0.0689500057792
0.852873439479
0.182351756502
0.361355487344
0.672113049888
0.96909163411
0.523983150616
0.394063564372
0.269516065704
0.859359315347
0.0263439560862
0.462138886456
0.590508717174
0.97084665531
0.176494645792
0.0583416071773
0.328978361088
0.466613583676
0.923469478274
0.405226425358
0.770487259185
0.457084796293
0.464446867777
0.922414629085
0.094744582919
0.952758822711
0.961352215533
0.870327126498
0.274373809619
0.0706848974184
0.058424583207
0.210914301478
0.901844266788
0.932763186753
0.970430007624
0.276321269451
0.788138456442
0.911962206932
0.747271076638
0.895632175759
0.276694716011
0.605828585239
0.966084491177
0.244434383278
0.809216604974
0.0830136605894
0.184977476439
0.206152876348
0.850279284193
0.548441398354
0.907478154828
0.800052356157
0.365879269208
0.151375491168
0.770133742103
0.652312873476
0.875437021439
0.970819329916
0.478851522456
0.384841102581
0.585357250978
0.12050561982
0.52681685937
0.928649870942
0.296252025468
0.225200379279
0.774283768736
0.85929392509
0.338678265296
0.0728770814719
0.884537233743
0.895400170997
0.0574898384198
0.906730911503
0.141431069677
0.845279263769
0.0339629839934
0.595105594769
0.158408031211
0.143019196905
0.835747486569
0.387205811315
0.709752697262
0.164424568963
0.171634700712
0.0538030410043
0.339029939304
0.164576720183
0.584611949961
0.173769612865
0.885228797165
0.944024341292
0.489101039375
0.846582661163
0.291257807046
0.947387418836
0.160022097507
0.242373481038
0.0992028510136
0.943667792139
0.240070331492
0.8014729515
0.221846862549
0.336175354505
0.128689381381
0.861963466171
0.129982334511
0.58907058264
0.0642576657338
0.0626009748314
0.278147324
0.856602371296
0.119145267982
0.559367562772
0.13065585562
0.0613476858326
0.972454695803
0.593499574928
0.421770112462
0.193033679679
0.663917969763
0.717446671014
0.553896529739
0.236126605312
0.419935728176
0.641624577334
0.337372774499
0.0786214434976
0.952978649378
0.73450785073
0.447693691515
0.616745949708
0.485863912762
0.0491229126306
0.0858556577019
0.108941790306
0.68589335914
0.877332425059
0.246870740603
0.793658834246
0.0552699229232
0.297478746692
0.201911576727
0.321753434341
0.873227239703
0.312692148233
0.130206684097
0.655877095502
0.949064372097
0.0632243286212
0.115604514778
0.6815070441
0.39354178615
0.2076194862
0.499635801247
0.188094429201
0.159319991257
0.46985406183
0.48787036501
0.92991488015
0.964039015773
0.766254560998
0.872824316132
0.878871023639
0.541698133201
0.660014387145
0.845140740488
0.899742106107
0.474861424991
0.412208554395
0.713295607993
0.934171820619
0.218858064065
0.796274977578
0.113782999817
0.794800727552
0.69443481938
0.957443837561
0.431843298234
0.0829193040832
0.649321920763
0.580168010902
0.113635423282
0.0770964750794
0.62262072928
0.741378308092
0.212424613698
0.813413517195
0.254986764512
0.603513933581
0.882269378459
0.219290498368
0.113720330048
0.670956889372
0.590878812958
0.0335722045773
0.112754776445
0.863641774448
0.32373435451
0.175516980168
0.331438424391
0.469136969701
0.871879196057
0.36650347484
0.438220097154
0.0490709554691
0.115843831949
0.908401233519
0.584850009858
0.949359527584
0.989258097597
0.158864737761
0.0578849243421
0.628324379845
0.802390277055
0.932128114624
0.207485899803
0.943351883261
0.807084971723
0.0655928899059
0.783635472731
0.242452482017
0.699495933951
0.0528995387276
0.578987232193
0.747075398869
0.634797407708
0.364745735838
0.953860984082
0.123655012032
0.269401790417
0.0400494410013
0.68697188549
0.911500725686
0.0831242295612
0.889834057464
0.700206593159
0.400581400353
0.464894299888
0.316570714702
0.885131143272
0.875604355647
0.202276013509
0.465617648196
0.777855039541
0.932676534716
0.0690432091212
0.883526497632
0.665479094684
0.658050178354
0.032538033261
0.823373708929
0.964366850951
0.149262310795
0.0248907691314
0.0427215207908
0.82721473914
0.506455921156
0.450121530175
0.158080532601
0.966257082933
0.126654988724
0.92320805175
0.932577796724
0.437866652773
0.933599435774
0.0330784886913
0.505366800481
0.57059202723
0.282925242159
0.300218624198
0.3622528459
0.964753540706
0.779478736793
0.369476468846
0.519837466059
0.611001439241
0.948823696353
0.791750428204
0.955890130408
0.212505650544
0.653071381991
0.860367759969
0.0491392723445
0.594044995484
0.594922362029
0.806666894653
0.0507724730806
0.290378041688
0.395266275391
0.790170379542
0.0434100336178
0.598505608965
0.588586306573
0.967640978084
0.805308794589
0.759214288367
0.902518726904
0.47147382414
0.37113996343
0.393162923579
0.171607067202
0.268257762951
0.481480174731
0.950165523116
0.0839388605485
0.492769943325
0.862134923122
0.104645870959
0.901056246584
0.962331366555
0.961434181091
0.417586190463
0.940185636601
0.179020592523
0.0848016768969
0.112060740628
0.936913039976
0.50573875559
0.349611202765
0.483873883371
0.667206482596
0.141571828709
0.18921664557
0.700488147879
0.153545897941
0.339030687414
0.805547796175
0.920792173235
0.560682101799
0.542276818792
0.282827064922
0.857394895076
0.498009305016
0.628366987253
0.59191023842
0.698358975722
0.496826853018
0.554161963584
0.868020227612
0.373990324397
0.393614421801
0.207282975756
0.148650481334
0.0872096917812
0.589470478387
0.211286139392
0.338865952388
0.19610107446
0.759329704882
0.174425761129
0.195976644884
0.610417040032
0.308711781335
0.771729335384
0.443004230882
0.0335762045956
0.252448131045
0.976005744138
0.894724346243
0.0951404881872
0.0899815126896
0.113783496427
0.331596727537
0.456380822795
0.932192441202
0.0847059194872
0.122745103838
0.698670988223
0.924315524099
0.234705233369
0.91363685673
0.374702852669
0.374242314808
0.0872302517194
0.843530704435
0.293972749985
0.579154528467
0.908304340002
0.0386502361927
0.6178853947
0.416422017742
0.0213125459223
0.225917660599
0.10100914987
0.665135222623
0.19757523069
0.0527159076576
0.368937221866
0.911669025823
0.199313504642
0.746233933643
0.169196801621
0.174169475342
0.724780003004
0.472751477273
0.969464341053
0.880538135794
0.456374252157
0.145506381346
0.890143631805
0.286583025662
0.039906717682
0.423588232264
0.230408117894
0.705627397057
0.500171912597
0.103926359999
0.537790049803
0.694880402197
0.300043450237
0.266261259856
0.133398714992
0.0930553380296
0.668061930714
0.0374699205332
0.85481578805
0.107817358758
0.0505336861679
0.61500819088
0.108969373767
0.327689324155
0.359628907152
0.980673449649
0.955824332256
0.514969382184
0.381046520637
0.864636476098
0.308320572637
0.0715752050596
0.965291867594
0.822110960226
0.889012181967
0.603208908825
0.96664476345
0.0391484672297
0.639597759979
0.75997155304
0.765645530633
0.503869192986
0.791549148379
0.26038879911
0.58125457628
0.332171147825
0.705480565337
0.852363594449
0.710746113753
0.853295793224
0.172986550432
0.886840360297
0.975874933182
0.23639863294
0.945714471673
0.469850881468
0.658298877828
0.246982383723
0.535377438209
0.0657245096066
0.111286097937
0.487960130779
0.717095409911
0.73430064711
0.373255986775
0.865979132695
0.476156853639
0.691894607344
0.430605563982
0.903060136853
0.0822057576366
0.815862663159
0.894363295612
0.756386327162
0.815034507482
0.944364750485
0.111494506646
0.223783544682
0.856857888445
0.960797666296
0.764009911082
0.217521741411
0.864731856511
0.838018778009
0.459090246501
0.165981959256
0.28078572914
0.890717860154
0.424008747039
0.220182041523
0.915299170252
0.326972707863
0.812265615221
0.108261857437
0.302563258404
0.826906705188
0.699384345535
0.0131076759354
0.385256253792
0.0517042766412
0.775227619509
0.968287979674
0.152858683986
0.164328042948
0.233232005821
0.97654300328
0.955046526541
0.91129166858
0.41896756645
0.0739803484163
0.11973793817
0.75077918208
0.965134627518
0.0368729218357
0.60575492048
0.81455925507
0.18890484024
0.936708847497
0.110780642002
0.486334925883
0.379810418568
0.235827136687
0.0422313751798
0.552521413725
0.927272238396
0.273996918008
0.265880383851
0.733212755932
0.381830503223
0.521582209504
0.526154464438
0.516556218418
0.359714074279
0.48712674318
0.931777072236
0.952532532459
0.120727739834
0.739373954885
0.0989825816897
0.620136174192
0.249459740256
0.27778884213
0.287064110603
0.045064011188
0.0433448698799
0.531203176794
0.375902072598
0.125466254218
0.916399518189
0.612126742695
0.822407274607
0.0974319295798
0.0730372199735
0.927994844787
0.314613285442
0.247103444571
0.8907880184
0.585998686065
0.465034735345
0.591480826869
0.557598357123
0.32897118804
0.427343244174
0.0954538932801
0.108234153566
0.272296216627
0.847733269859
0.849690872169
0.735815591329
0.963957893978
0.916864469797
0.0947120429032
0.31517250643
0.81865078571
0.323263678704
0.56905194976
0.886584418536
0.233435985714
0.332861577158
0.198835964272
0.0994807265732
0.765631224119
0.920017328035
0.295007813596
0.220344562735
0.014434020244
0.796502132798
0.962716736422
0.873271807251
0.659973371715
0.931058290917
0.366576679857
0.712226552954
0.798238435669
0.902743303657
0.89425320779
0.369531517352
0.684089546411
0.247852894345
0.326159365342
0.852289461403
0.877754473507
0.464285275314
0.937180873854
0.840019269505
0.251651611414
0.161664763499
0.82360951043
0.552020488778
0.695522104651
0.247452567597
0.649294470064
0.180017376333
0.93030192543
0.466991702221
0.299588732071
0.0771048858249
0.0538030410043
0.845254384351
0.971268119523
0.480551031237
0.430704580954
0.238960138751
0.104766401548
0.248781436255
0.771500342762
0.896926481797
0.108331636498
0.215679190404
0.795928172809
0.0438810166776
0.117195698039
0.925135835253
0.873227239703
0.70651738381
0.231597590414
0.912341955822
0.434653512524
0.415299710437
0.775791795219
0.0710432105693
0.0663908687473
0.0393501875681
0.381210379199
0.0573378630195
0.867647564095
0.633537760661
0.766899182484
0.105977176883
0.685050400781
0.68208244157
0.276199163455
0.279152646495
0.594329831136
0.397662604837
0.168180123382
0.437281037694
0.345182123344
0.48398415853
0.927685846158
0.879804457017
0.373524174911
0.179652550356
0.688445964435
0.0964389077007
0.115416761518
0.960398274825
0.861493719774
0.716385443123
0.864048225336
0.230352769689
0.549560004499
0.299868060312
0.853703511352
0.933384721071
0.188567943167
0.966776200796
0.735093540533
0.0759443105102
0.209408747972
0.712161800645
0.479757544641
0.421238916745
0.0966245270732
0.458318747913
0.55282832112
0.927089402144
0.213881953874
0.528519335122
0.618781931463
0.127815197135
0.933012355154
0.987227763326
0.861538746118
0.54695332304
0.915945335608
0.226789146996
0.475748578565
0.59610270528
0.126999119542
0.923439152193
0.560624616533
0.244075750921
0.733776513861
0.559033525919
0.889035231454
0.810351751168
0.334438228955
0.888719110388
0.946747517148
0.82128283989
0.0505368387986
0.923348479155
0.296616572582
0.18733544526
0.509358930524
0.600995259829
0.874713164088
0.150240743603
0.967638020209
0.105088433056
0.187994386255
0.923923583435
0.76528704392
0.829429920306
0.701296077217
0.900759264396
0.0258221580845
0.683034292416
0.195220525355
0.318658359128
0.379367730658
0.287064110603
0.188617386979
0.529665129466
0.138065899833
0.962591448928
0.241634361528
0.296571248715
0.194137902201
0.605973688947
0.743271843583
0.705492909985
0.23217979249
0.564764361042
0.658292224818
0.0810080736688
0.640237058408
0.0184204926943
0.820188254907
0.358638161899
0.06579468658
0.914366607926
0.752043193757
0.283273192607
0.418814139691
0.0555065711047
0.937638351806
0.152058355914
0.0429561809007
0.87588866304
0.146361709706
0.543564538516
0.443566424466
0.650331352969
0.137314984074
0.933599435774
0.80234640706
0.531967959776
0.78725505012
0.870814268067
0.696396480001
0.651006830931
0.503294511649
0.479971504705
0.906131256051
0.374599581265
0.138651150007
0.0252587087475
0.259762585183
0.640342588716
0.957223556697
0.323548454117
0.526281240161
0.983834056664
0.575172336421
0.910067892807
0.584812129849
0.855483633117
0.399159581045
0.222644371193
0.542119321599
0.729769798835
0.2076194862
0.164219901858
0.0460222105005
0.0246294980817
0.564857999378
0.668989973297
0.264936726149
0.123581795803
0.643835657434
0.790594330987
0.584491065312
0.957198081474
0.187916378319
0.276326797281
0.255636139806
0.208251161658
0.840703602847
0.131711820541
0.849023859186
0.895627073562
0.734743040254
0.125425008866
0.369344587031
0.837022137146
0.300614173131
0.426167641489
0.634892988767
0.904487825696
0.460082923763
0.854801939726
0.800749616377
0.983396037006
0.0903813061894
0.350182817864
0.418031554341
0.543394131562
0.227781849775
0.123916714552
0.105724239012
0.86501385508
0.94184029558
0.117579566082
0.25735323281
0.907091295874
0.421243256018
0.372516936542
0.0820889328336
0.251832863896
0.625733801545
0.660538304525
0.669305069421
0.931819764213
0.135104605047
0.962129983063
0.100483442102
0.0926939520198
0.336175354505
0.406179290079
0.653425815553
0.38440536274
0.059765566374
0.980787805697
0.478431508358
0.0987364406811
0.377035523923
0.623879264662
0.717852581273
0.0366218882603
0.636606175821
0.749227641723
0.967520062462
0.433541319125
0.396391058793
0.180306292734
0.652176618425
0.910996935898
0.0724315105325
0.674959903028
0.0431074524718
0.620912790667
0.879845470953
0.243483967866
0.186027220589
0.708596024231
0.465090968773
0.831150876733
0.837069972992
0.289863882135
0.675990021525
0.427423891113
0.973436558865
0.578513673961
0.895368908541
0.135604110132
0.623405865734
0.777021628942
0.95344360017
0.598220754665
0.58750872005
0.596405728106
0.968084530888
0.707924702183
0.11451592761
0.5852596562
0.58450439982
0.2714689216
0.740945974537
0.657796210463
0.736972288349
0.684149132344
0.773006644837
0.249189230105
0.271261662049
0.161623905025
0.730820741784
0.0428362277011
0.295388772965
0.197211245656
0.658446879396
0.141529426108
0.754459824506
0.476659955408
0.498062986459
0.790035326864
0.290878374945
0.14204104626
0.177678142327
0.904273976137
0.44546433992
0.560142274175
0.928622830284
0.968369784474
0.25777379882
0.222099106068
0.321581898946
0.586282638517
0.336226834373
0.929098403345
0.95104941916
0.520332357043
0.527184927478
0.196523037996
0.719037368683
0.85582672561
0.610537608988
0.222293621467
0.713193517638
0.959372076851
0.0987345812828
0.734264422104
0.303749351907
0.562682341595
0.911672631722
0.797005713307
0.645373947628
0.0254749837349
0.230293583062
0.729577721527
0.466987271387
0.228615909076
0.875921828777
0.818322854343
0.38558486912
0.063331236782
0.103803321079
0.797899168934
0.955213996689
0.966618904649
0.11099345715
0.709819680334
0.247979984055
0.760041494179
0.679969398023
0.033719662673
0.117106109985
0.261299479498
0.965892030292
0.594748143435
0.0261921531084
0.834328493497
0.833811366524
0.929847821213
0.169780099069
0.883291585542
0.474877435414
0.206491902671
0.933569592765
0.947629781765
0.155141063612
0.610212820422
0.930713332597
0.164475032862
0.264329315942
0.260498139446
0.124226403175
0.870752236221
0.776511513481
0.0540196224188
0.947377655293
0.244062563262
0.114417467358
0.426408580506
0.84214717936
0.255325509417
0.0581779188419
0.820497590918
0.674333547027
0.886054042781
0.875690129035
0.806362751146
0.770810238402
0.0261921531084
0.930267217246
0.318611750368
0.652628962373
0.361698296094
0.914477742233
0.254902188433
0.0645213007296
0.902518726904
0.641803397424
0.312998203992
0.588256347861
0.277529407014
0.68302591904
0.724214728862
0.106220675931
0.396618182222
0.794280344101
0.920645390195
0.0762619248476
0.0254865336599
0.654074010046
0.171453067139
0.714781548104
0.363648498517
0.393582949292
0.369698099547
0.838838283416
0.588337366173
0.499106685588
0.658758747231
0.041275836541
0.625971020469
0.872469930252
0.802436352372
0.259419026982
0.0331859357467
0.834904885683
0.589388345446
0.00545608315262
0.653479445097
0.929542871906
0.915006371234
0.877066862652
0.758751232235
0.679674753107
0.956243752699
0.667949619748
0.259077208395
0.278212173568
0.0993696586696
0.936796665758
0.617269157334
0.784858685727
0.459020114137
0.282979407913
0.123331648355
0.0624371223336
0.685997277876
0.25417745949
0.980572481055
0.143231004801
0.135599662814
0.314361946971
0.817640437267
0.950325319293
0.0599330156308
0.254680706791
0.844196986503
0.638206283808
0.273696063474
0.673968085248
0.0807606767502
0.707062261661
0.806216364145
0.555133758314
0.187056004812
0.957075598411
0.826148078265
0.922681979293
0.941732436526
0.113975271042
0.91546945729
0.114571668181
0.981439243702
0.542966802219
0.92243202569
0.013734808836
0.547949085852
0.827676324663
0.173046015198
0.558009836648
0.258866083031
0.659068676026
0.787096516782
0.927272238396
0.903586529425
0.206117921952
0.672032596632
0.971899833256
0.298289361417
0.544431741407
0.753585627085
0.7101386453
0.239627119136
0.408235680079
0.536351571134
0.764977825521
0.689743203597
0.502690290713
0.401667233291
0.0246565860916
0.0910457929035
0.040991150436
0.730086658895
0.285232940965
0.0243631831456
0.4765144396
0.972693104399
0.494824100715
0.678534145302
0.708527564571
0.232442135651
0.64982510704
0.0553856624143
0.682902283708
0.909948916048
0.374992958522
0.902717724415
0.170177500834
0.123093197365
0.741186762605
0.72070912896
0.338493372166
0.791528251723
0.679995585489
0.651387848329
0.97977522712
0.71467037072
0.624221594444
0.667928123975
0.0882912789926
0.811781657187
0.184395978318
0.0984468574861
0.744464231747
0.259674501356
0.658592506157
0.758092080395
0.459536045636
0.692854184796
0.367785909584
0.564604782187
0.784285175739
0.251876773283
0.415497971991
0.925253573488
0.419638083683
0.0718245535164
0.764408118
0.346903521259
0.940453816636
0.3862245806
0.507493873101
0.484614224637
0.389807498162
0.169690083309
0.20509189088
0.910759781883
0.580660024948
0.289394194839
0.659972632718
0.131077667878
0.87261099367
0.249917795295
0.666196711419
0.771069108173
0.779217910821
0.145129024089
0.738770640468
0.858317714678
0.239703043707
0.702271132594
0.143861513651
0.843997438889
0.669303481556
0.097660312257
0.668229026753
0.750759121656
0.303862627093
0.201039536862
0.239815844455
0.890057157379
0.605293289988
0.330616537706
0.0681559138337
0.286441015692
0.23803812681
0.816553490653
0.237549749754
0.927336537507
0.401494312294
0.896141601359
0.141332485038
0.666192047747
0.860747913604
0.660181186337
0.819051753381
0.230216651089
0.648907254754
0.0746093666759
0.2796093409
0.919277448752
0.772827595515
0.348729116847
0.362192545398
0.0386602146052
0.690437189748
0.530988009356
0.306455731169
0.0478835146472
0.109658254926
0.402284642474
0.591565217554
0.747869949277
0.918814612215
0.654854026191
0.275991339542
0.323505328279
0.323505328279
0.502438518513
0.592652897915
0.0529837192398
0.752597057083
0.735661260832
0.140802880159
0.969680995111
0.8014729515
0.682530138564
0.808420981598
0.920085083152
0.298289361417
0.924149526196
0.271779164612
0.235717183824
0.416279434033
0.940641076626
0.268023646323
0.641328402475
0.855944102228
0.447279139906
0.929001156202
0.852959228407
0.33812609926
0.824625652912
0.366644452851
0.984027036064
0.89754103653
0.424509377349
0.924308774873
0.937627807638
0.887592472988
0.0651295630238
0.894541801322
0.673727727077
0.429976011215
0.192709194241
0.492448843988
0.870380970244
0.254902188433
0.332947124017
0.609429839757
0.17453572176
0.524084910397
0.978112769623
0.713603346736
0.972686970756
0.879773982171
0.339520499388
0.0739803484163
0.904494982832
0.85944995776
0.939522488341
0.163048032978
0.0703612916934
0.739059626964
0.243866827954
0.935337514264
0.937888116803
0.966087230276
0.0851853682208
0.0577120920484
0.147910536864
0.674796180433
0.940239012343
0.719629380532
0.935851642495
0.165294743228
0.514507598597
0.327532637238
0.966355185073
0.315966369362
0.330260714838
0.538506662672
0.976739690048
0.74142234483
0.98257260811
0.950026118801
0.903960612417
0.412648137444
0.682902283708
0.320282113504
0.594607267844
0.900595317631
0.163573741558
0.975458665971
0.101829248117
0.339692147674
0.616330413055
0.17323157186
0.985466700309
0.560682101799
0.588689396787
0.0463900882753
0.350056659237
0.50893127024
0.965960910586
0.360174745185
0.639221879779
0.818463483957
0.0583082415133
0.144897175265
0.334047905935
0.974354408871
0.0231294591902
0.0797608361796
0.0744349104324
0.238077616506
0.603010200699
0.959099826109
0.469921389768
0.623492742994
0.693306189902
0.385052556925
0.756034986675
0.442419065612
0.137332634028
0.803473440474
0.76020329627
0.336142513379
0.232132912375
0.506631387161
0.355716063234
0.0357198861448
0.587564417224
0.688919733948
0.464731616325
0.93250484079
0.846326439442
0.383349955728
0.946872540193
0.896266368019
0.895368908541
0.607314147586
0.858685717908
0.765222830662
0.821158298994
0.265880383851
0.0441601172009
0.608631702548
0.157611618858
0.945095778783
0.575129073306
0.136774858284
0.289178963398
0.990104798254
0.561118256553
0.212659542684
0.724488714829
0.0943278894965
0.958946734905
0.666384080338
0.715269883966
0.746334195798
0.590505156114
0.965089679572
0.457937999101
0.0659734756742
0.762331365
0.564237233387
0.958887464081
0.437501668411
0.268300822048
0.691079277499
0.306346226817
0.687028212519
0.67689318736
0.312250348491
0.572435047865
0.897784495214
0.45544516667
0.221656536774
0.881029060922
0.385742527446
0.112708252084
0.865018318417
0.253866354743
0.775329498757
0.25655855133
0.438885591757
0.629462986655
0.0293424059929
0.206256221631
0.0345562546969
0.12247522335
0.709320131476
0.191200254709
0.503018030003
0.943215321971
0.0227100452819
0.646673213619
0.947147552587
0.0381480371764
0.669193972446
0.787401631135
0.561160056132
0.354538115632
0.430411261579
0.0386263315524
0.827515651459
0.57931266761
0.0815537199761
0.250564804508
0.341072345729
0.285384990532
0.773345999919
0.838961223495
0.962858686708
0.509358930524
0.838241619925
0.626504323767
0.72979083587
0.747404171102
0.29191297979
0.542667315281
0.169340859401
0.607824885107
0.11575226798
0.566630621836
0.0661486530587
0.907599747203
0.706231040911
0.827876675362
0.259509918255
0.347908353162
0.804881221782
0.0854347110636
0.72402787041
0.481142910862
0.0469292831242
0.172203952179
0.139835919484
0.216461189577
0.918442861199
0.264535675951
0.612067141225
0.328805333352
0.0370517452225
0.102746276119
0.140845280956
0.857195180763
0.221524653688
0.790995029759
0.928649870942
0.251835803612
0.864718737528
0.70683218052
0.720057578372
0.961023756212
0.916171181881
0.063771156504
0.603744878562
0.959971450232
0.440813714506
0.941617092869
0.0221518362877
0.350593483485
0.248632592896
0.744556918888
0.782633132998
0.580196989649
0.51433976623
0.105341924737
0.456943591378
0.0444693308823
0.669899615543
0.970861254428
0.37078514083
0.094744582919
0.119154132738
0.317415699794
0.569805618857
0.51979186953
0.848412216125
0.110687291364
0.542448986673
0.759146945724
0.483200301766
0.923568168927
0.885946768545
0.913984630473
0.852138324945
0.48165396932
0.916768228377
0.0500467292853
0.17574082612
0.498544844165
0.571738356332
0.247679425861
0.973785452247
0.260326651409
0.918759164974
0.371531098335
0.537074098926
0.335561141046
0.924300676582
0.757894726142
0.215356733657
0.117862070867
0.623633320275
0.217040320877
0.423588232264
0.289190192924
0.0627984517482
0.108969373767
0.274547679829
0.740720594631
0.960244859978
0.154608242193
0.184478587859
0.609902658509
0.979958377638
0.368757272532
0.749225894998
0.75794813411
0.231213863101
0.927644289982
0.848036565946
0.237475090771
0.28984820043
0.429464400363
0.500592121247
0.123061675796
0.92500238194
0.933982296609
0.499635801247
0.466359249314
0.207081843589
0.193747840379
0.353157896221
0.32803035247
0.753025932462
0.59714618826
0.473268690663
0.676567414479
0.100704449228
0.144452878598
0.759612522599
0.196524423711
0.385276428744
0.438513958621
0.151438145074
0.752135183343
0.17295239204
0.256368201013
0.15782400219
0.316562602596
0.293868982793
0.900365818548
0.64338113949
0.923273972469
0.936531979563
0.571008391041
0.210437547721
0.925632365034
0.889221599136
0.603182583373
0.743274108905
0.888619834433
0.118058593183
0.463080086774
0.965730368881
0.0768944426962
0.486334925883
0.373255986775
0.685284167498
0.282772526659
0.730983379164
0.602732538922
0.949036344347
0.418682466318
0.92970025877
0.11070730459
0.826928186024
0.224960936984
0.523632165321
0.451717742608
0.683245083877
0.604357283043
0.833070045713
0.114429030804
0.218192864799
0.729527836876
0.730056903622
0.409680651606
0.757948322098
0.649315290573
0.793854825638
0.633880205695
0.443566424466
0.15338643273
0.904559442398
0.68345855526
0.203569173681
0.981233956903
0.593693965329
0.135738185302
0.8334783406
0.81295253673
0.741019002394
0.298470877207
0.0809409545395
0.379367730658
0.956260134296
0.150877507417
0.371428199624
0.447738441369
0.801936733591
0.869195474043
0.960883059486
0.771069108173
0.899410354222
0.952927774056
0.813413517195
0.87563802381
0.581889594318
0.66363508298
0.49174069042
0.279770248269
0.831832463034
0.414242994213
0.508969222182
0.95284115695
0.0745896623272
0.827795177092
0.628269238103
0.955684621396
0.512581492748
0.239041533111
0.955467535972
0.735093540533
0.768462839939
0.0977359205516
0.290947795496
0.157618600065
0.509068152072
0.118448772604
0.920603270692
0.132337107982
0.944543510025
0.0106321519197
0.406260467832
0.126857729393
0.86923883422
0.806962004525
0.451759243674
0.105857022134
0.0994617615153
0.789099440375
0.908772283166
0.92034545166
0.531788771497
0.0676147888613
0.146311325758
0.16661892739
0.945731022912
0.969491644464
0.924411999298
0.454032950422
0.914680569468
0.386368397994
0.0720330130842
0.665476160883
0.134769162743
0.790785367279
0.870038779939
0.15827630077
0.630324340228
0.0729151892011
0.121006149192
0.875118118088
0.380788258222
0.463097009573
0.847972411856
0.917859214168
0.329772538529
0.129441629522
0.619019903365
0.184400598752
0.103577068946
0.373274651431
0.882949836751
0.761422138704
0.273365149251
0.81574209806
0.0660635166319
0.801390953527
0.0624467398312
0.791549148379
0.534441390812
0.943147961079
0.699112604162
0.463139498263
0.135939898268
0.24095235583
0.326131756348
0.927994844787
0.138277161202
0.820463022121
0.0980085222023
0.12983439298
0.207711449547
0.494301153802
0.5972387393
0.871988420311
0.315966369362
0.423587290416
0.896999048459
0.518317249769
0.307470150143
0.942711038737
0.0596950214407
0.0225930168382
0.649770964129
0.559431898506
0.769301151702
0.207238503635
0.113434226241
0.560873704705
0.0639379281513
0.686162438659
0.315192647212
0.756588842001
0.125869835921
0.109579465248
0.234133297957
0.594396457351
0.789271782988
0.607145331031
0.415456871602
0.947150703955
0.0275696625854
0.440299900168
0.723259585329
0.483256301686
0.861848345199
0.520793895504
0.943288944153
0.199417914946
0.959392678331
0.148508209039
0.233147162313
0.28557819042
0.978646546165
0.170144920116
0.650178495878
0.575888190912
0.712149105571
0.233972437067
0.245623504682
0.446368826926
0.142181563384
0.326159365342
0.63653821326
0.582801763422
0.790794183418
0.751144268448
0.583283021029
0.661019797848
0.288490670401
0.0854719582741
0.692982658714
0.407361240438
0.0356186029351
0.237772868655
0.654802233329
0.932494986374
0.954880897194
0.0758031990833
0.739531968055
0.914203159615
0.492581191043
0.888539300039
0.239616710189
0.371879307783
0.222727650883
0.225198272026
0.700242262715
0.50163349655
0.299709913087
0.849321896629
0.951504078946
0.939482704784
0.864590317337
0.0999488664957
0.68726042358
0.781982967166
0.0774194988701
0.683163578808
0.732985617943
0.0380236665216
0.189968727943
0.442270803983
0.469625830237
0.726883204987
0.512889228332
0.85969768593
0.11123797052
0.0824496276934
0.314050115243
0.52818637014
0.850179133888
0.215663474261
0.595279165576
0.188795817848
0.713458400639
0.146520117729
0.041275836541
0.751654440859
0.65313598446
0.0766242776003
0.312172672969
0.870675977639
0.751144268448
0.784653424279
0.857371314214
0.710643753667
0.821536712906
0.0235872809763
0.68505713034
0.120835197608
0.698418567218
0.96978966699
0.807004723044
0.525117768373
0.151128906359
0.103711220377
0.763076581405
0.0343309720482
0.908318614234
0.044991302739
0.161024534808
0.965840615839
0.926874047627
0.713275413294
0.626141826824
0.757752737887
0.201249632323
0.815606964173
0.583398620091
0.967993233967
0.234060413363
0.752043193757
0.129517529899
0.296175727456
0.507119084117
0.906619807873
0.845799229394
0.862776485446
0.375167393036
0.923828998782
0.308749673512
0.263500375658
0.396618182222
0.433119348564
0.817615981
0.845438475773
0.15732910103
0.913141985129
0.879398482105
0.215771955444
0.586343751142
0.719415800505
0.952094236462
0.495761376489
0.430184352924
0.157729422058
0.0782010605951
0.457363042178
0.107390982162
0.356758830178
0.258341849189
0.154865151087
0.734489828053
0.933656549885
0.317650503414
0.982730205163
0.401016168742
0.74563002122
0.470633683174
0.300362439546
0.715181144727
0.341203080751
0.542509737062
0.20279494805
0.819484459945
0.653145618456
0.729843522713
0.179097002533
0.0407577197655
0.472039089093
0.530086116051
0.72878354711
0.751926438959
0.380715722253
0.103717351683
0.67094854254
0.949008844427
0.664773466993
0.951257448445
0.415372996125
0.847019565069
0.163653870091
0.816102871385
0.841521841124
0.341310929699
0.986558212962
0.785287484557
0.0520936768784
0.516922049697
0.842839305466
0.724131359141
0.638049239635
0.916396425823
0.757784806409
0.0181541895828
0.915812754927
0.77753298412
0.894460913774
0.268276899526
0.533208723235
0.95444409901
0.254002542359
0.117835371722
0.111138398329
0.0663125317119
0.091102065971
0.88942921321
0.95475295158
0.855394433035
0.10872090487
0.321251203865
0.931027583686
0.940498673659
0.395163867345
0.124813784394
0.157443424554
0.746407163316
0.16800686929
0.525744662
0.0409658034468
0.376658943975
0.820920773513
0.897443525334
0.255148661672
0.913617662602
0.10585529077
0.631213708886
0.496753242251
0.0291139721971
0.0490892843699
0.396780086333
0.652511065361
0.0446551205591
0.260266103903
0.0669634544948
0.962200340192
0.0701374911997
0.663948085872
0.0773473536712
0.414918771044
0.240635679535
0.874713164088
0.462011100018
0.568967684365
0.663693285419
0.831335876838
0.0880884353767
0.791765641721
0.1038796011
0.356229656069
0.795928172809
0.139807054876
0.625620603467
0.918813639572
0.642044818557
0.850563717907
0.475311336492
0.488701990308
0.841755550244
0.645900783724
0.37855512183
0.658968298304
0.104291296107
0.450394012817
0.80008624338
0.823457218988
0.735047183889
0.722071338211
0.905380230867
0.383795271814
0.205557999611
0.0907093872371
0.938055610712
0.12094861045
0.874849036658
0.361754826351
0.36187555177
0.907953685877
0.925839926114
0.156171936589
0.183441263123
0.642775835758
0.956623585735
0.870531147499
0.980437052367
0.195793945852
0.114583682767
0.850117612119
0.459946437981
0.313143070586
0.481952727256
0.11356851285
0.937671814947
0.846105204272
0.985232668891
0.768820041151
0.120105509911
0.910332362045
0.0575251787005
0.250709516075
0.490356156115
0.624149271679
0.401144305878
0.869944250527
0.9286346316
0.201351485085
0.790230801633
0.164895212294
0.965704467331
0.975588523493
0.296575688136
0.219969128366
0.328782242071
0.829161041069
0.152334451852
0.689298765926
0.0931147233905
0.198191915482
0.03051985218
0.889440030352
0.840044101096
0.0440099348154
0.0815524496928
0.438642478409
0.776326593839
0.733391851194
0.192550061705
0.846018073728
0.508603300292
0.908022613389
0.721356972225
0.626698282316
0.755850181052
0.262744659085
0.74998876476
0.174425761129
0.871434618673
0.902492514637
0.681096281215
0.962591448928
0.247825434019
0.93841476253
0.548441398354
0.877506238803
0.415612464002
0.922761928603
0.219471082124
0.947140697123
0.150827321708
0.970612975271
0.773409340791
0.50226418925
0.634251157956
0.871992808712
0.924689586749
0.569990833466
0.380506937738
0.379513938486
0.962044110079
0.841924703739
0.417542864468
0.820351606608
0.925894875556
0.579558793033
0.955028170582
0.89483094956
0.314523002303
0.0636696485849
0.668728753049
0.247901943521
0.901472071422
0.417509227483
0.670967856144
0.687516149346
0.837640479613
0.762396549464
0.35132617949
0.791555304413
0.830147252939
0.351524333091
0.451444695532
0.968223036144
0.329366038759
0.414892368171
0.126082469316
0.0983319375392
0.880588027073
0.124793894647
0.975698458529
0.377330529408
0.548082338212
0.063305265766
0.975542568876
0.814441364242
0.860873174212
0.0420482631192
0.523696174427
0.0882916672697
0.256612790671
0.24271047277
0.770334815364
0.778290024792
0.531203176794
0.933982296609
0.679544554546
0.658017434044
0.0233764504017
0.127556077028
0.134313490327
0.047406162445
0.713576251949
0.133432784866
0.0299706025551
0.0993047477565
0.359176532078
0.935736155964
0.40942909577
0.235086773026
0.0900906960082
0.955098213663
0.169727349026
0.230408117894
0.137342979213
0.154601556378
0.165337553894
0.630124655481
0.251651276948
0.954627138538
0.236839281015
0.753866254758
0.141182066659
0.514832000823
0.732307321408
0.310933471415
0.958329540256
0.106987194708
0.0292121317971
0.593403448453
0.761445740197
0.588046743143
0.169377845549
0.87020213578
0.708987474323
0.0766102230637
0.821674694458
0.283942604082
0.325910618432
0.113270115052
0.372387595986
0.534788041441
0.141146237904
0.902854837702
0.817351416757
0.723610777788
0.273326948137
0.753506013477
0.548641225237
0.666180037046
0.183046079275
0.855276243269
0.750284594892
0.107127722872
0.203763638838
0.470481440691
0.960711941739
0.11210751037
0.0956458630061
0.885312214523
0.0294512942669
0.507710801039
0.478850417549
0.830866087063
0.918442861199
0.74602924133
0.848892877679
0.988950862827
0.0722521373393
0.027930932174
0.525763316243
0.169215584719
0.762875913563
0.132107939271
0.152464714179
0.50968277739
0.375815943799
0.332974813933
0.411741119693
0.905900468745
0.377269260586
0.181223505666
0.784285175739
0.589036910355
0.106419337479
0.196546911603
0.0581218081258
0.470367561579
0.292330471366
0.356071645674
0.769718162343
0.735137219445
0.304662260505
0.706455113804
0.379985672757
0.528778064974
0.912232142259
0.504741699613
0.761699014438
0.716738851526
0.942962603516
0.0529837192398
0.722489873448
0.243115128398
0.442105194922
0.810898434426
0.533366337858
0.924269851019
0.481448394525
0.512526767081
0.0335518581449
0.097943907441
0.326428851646
0.268751792722
0.74046074475
0.586357259905
0.945574054254
0.0391199818168
0.752465182095
0.79634746501
0.742726180508
0.688710364594
0.327553707888
0.248094758152
0.743309255443
0.921315557449
0.963501673805
0.388803977398
0.384872610959
0.29147636696
0.976080361543
0.164086662923
0.816781822318
0.476525333303
0.264984821633
0.34612670526
0.320491823534
0.12497158337
0.339457966851
0.688979280028
0.475056451182
0.92431898773
0.223996853878
0.935653288511
0.759146945724
0.568685632118
0.171517826072
0.440699912325
0.958795465617
0.365195048303
0.164116009323
0.356467608677
0.408231238044
0.469921389768
0.141921441957
0.718491394027
0.780100723617
0.480400946617
0.810506737313
0.951736862248
0.336079627245
0.673456549484
0.650081887033
0.532949184591
0.742960141759
0.272283774429
0.731692908879
0.451724388354
0.710153991084
0.981008396362
0.440798619951
0.399374001319
0.630827643383
0.916570974055
0.219357642931
0.892531689268
0.0708867607735
0.706413228656
0.632807819893
0.820911256331
0.941671486342
0.891372907079
0.912645417649
0.888331566148
0.912687365906
0.445255106692
0.0863664453345
0.831980722284
0.863966753898
0.0590925718517
0.161675666057
0.115945398675
0.444517476112
0.954213448193
0.534276784812
0.573177089077
0.468393227609
0.805153275087
0.132520845807
0.760767379604
0.917505647766
0.777707955523
0.866357800616
0.243250799728
0.527709009977
0.0942388045007
0.0268260474025
0.140191769704
0.0640389781314
0.906786630841
0.759209622357
0.045371444881
0.051721140744
0.738241280414
0.302974808832
0.398220556787
0.90618536454
0.86484563464
0.0699171582419
0.929657364297
0.662096456926
0.217755903338
0.909011284928
0.102613206317
0.868621061557
0.082200197092
0.868514223533
0.804316868843
0.794886955519
0.134750427597
0.096152472265
0.136721746229
0.631169668061
0.173502655497
0.776975364318
0.841090661211
0.788798229173
0.032507061608
0.0655588640818
0.562457886056
0.169515368206
0.603872387589
0.35779290064
0.12348777659
0.0522714461101
0.0723678379672
0.306167169186
0.914410905615
0.596420825725
0.0886187181779
0.95259548338
0.867631858541
0.548280136728
0.182357110166
0.857643231187
0.860310958967
0.386631762629
0.587312081055
0.1626954613
0.210189434227
0.0791621903049
0.0336702485332
0.750593702998
0.0552826750099
0.453892622725
0.906236162414
0.550105449461
0.284989857843
0.719130877615
0.481006512501
0.203471227329
0.371524803771
0.366549171599
0.141648073199
0.297215402572
0.337489700636
0.576187728312
0.462725375124
0.818329304937
0.449864431366
0.61151159741
0.399378225243
0.59969462737
0.919984224055
0.374653749274
0.553186965563
0.854108900044
0.189788836665
0.930247249257
0.873405386301
0.157690590492
0.959308847452
0.694714691833
0.748908124162
0.175130084711
0.0712894946467
0.360265635953
0.239619272182
0.0414253480258
0.277690838474
0.40644608171
0.0848943866389
0.591365594583
0.406644906543
0.74315229443
0.932437257385
0.760496599584
0.350022596584
0.760069486208
0.105230790899
0.108129248831
0.141287326926
0.977804890726
0.0873140068587
0.074383265336
0.980572969031
0.640786583226
0.952532532459
0.625860435507
0.256311102183
0.559753695811
0.950163368614
0.757754920808
0.75252021345
0.0260245373747
0.0957374089162
0.839637781122
0.893421496609
0.787479874332
0.557067238377
0.348110202263
0.747120631493
0.505610048679
0.64633967477
0.887895803472
0.249957212016
0.875154905449
0.512581492748
0.643089537423
0.0635791518689
0.915726591184
0.853385060597
0.537658028871
0.177232648345
0.424559282907
0.354776927557
0.677737285256
0.229500240213
0.243424355101
0.30209776525
0.762965713133
0.574822147341
0.0992264666954
0.830391425527
0.956420362635
0.941829441915
0.938565708092
0.915634456777
0.413544958825
0.950497804179
0.152835650529
0.398689963288
0.0628015970245
0.868423299473
0.521584007942
0.258410722281
0.771793927
0.940788892459
0.915171950288
0.943086966592
0.951568525312
0.945147038056
0.97919240207
0.367039667977
0.525026458649
0.79868088268
0.816429721496
0.0212375160707
0.0877644018076
0.107003573249
0.50744145216
0.799292704695
0.0716839491193
0.0651780806559
0.449292504941
0.86729242333
0.384592335029
0.780546844938
0.241484702811
0.454254627791
0.134757994814
0.277217782312
0.690546233728
0.195892136218
0.338786053721
0.784194864046
0.436347482285
0.350403700051
0.254284197512
0.157384584273
0.346170018374
0.973184933239
0.937663956322
0.523683507891
0.967638020209
0.572485247116
0.226698866645
0.937174014408
0.648734169295
0.255542276654
0.931954995617
0.488394815204
0.313971964704
0.840598025233
0.340488856591
0.114297379869
0.138293380309
0.137589833833
0.495562228167
0.874597973746
0.888430679969
0.725861758923
0.551243581769
0.356846443833
0.728966468744
0.433317078798
0.205905735011
0.626107458587
0.983103757825
0.0606962575877
0.389093883546
0.604649580391
0.167150719953
0.72718331702
0.703018340202
0.897070176334
0.796447877771
0.0767404568762
0.317476427397
0.0516831658484
0.45648425831
0.561948487388
0.385723540598
0.976754714645
0.855394433035
0.252453361185
0.784559953769
0.808585203464
0.913894980651
0.675514200459
0.766315284982
0.513910305785
0.767448906879
0.470414120847
0.792235538973
0.129182656659
0.715181144727
0.914304996022
0.890451872155
0.171230901335
0.196751366364
0.0875331360192
0.309035602776
0.285514578252
0.950876528643
0.767302916535
0.89929236983
0.762331365
0.82088114795
0.970815061162
0.947267163978
0.13937333216
0.11258826505
0.710637260327
0.770539974176
0.44998981146
0.0513772964674
0.561110638655
0.515412744067
0.715701262267
0.298160074754
0.918067002519
0.726656387893
0.879204181248
0.102368662187
0.522465127374
0.478961470653
0.947451511398
0.560596000616
0.796559753241
0.989925428749
0.346155563923
0.102100720182
0.0764406578215
0.626190362217
0.44827813231
0.890198136993
0.711600502223
0.113541500591
0.0661395509021
0.868742003745
0.289608536482
0.307380575144
0.923149109699
0.608298554343
0.31483154101
0.809516743502
0.811341739074
0.550471846443
0.980310363913
0.912451530465
0.41079212599
0.652711866055
0.11278553636
0.966385160264
0.451444695532
0.649025664759
0.598980213052
0.0622078572383
0.681975883181
0.0486707701328
0.891931065904
0.241419934938
0.89036050251
0.800154207552
0.0990162353084
0.808317846138
0.72299743206
0.0305032517948
0.384335967379
0.850615456345
0.912796416961
0.0270437813368
0.762157993284
0.946743615457
0.0638455982097
0.717410442286
0.125175638704
0.441249074779
0.951362050881
0.563781625676
0.332459315798
0.589289515927
0.197977105157
0.753575484624
0.746451623275
0.324454942233
0.489093020278
0.799945797267
0.122660110354
0.867380544405
0.306357420916
0.652213200122
0.320818654024
0.942564773153
0.755519832058
0.815064324366
0.452653294536
0.0469153121456
0.333090255077
0.944514256472
0.843040300173
0.64018805148
0.572936136699
0.690331200149
0.780595002745
0.237086730585
0.0650482896969
0.291520767039
0.89818948706
0.880861526707
0.692878921056
0.233360966398
0.248130036748
0.429540538094
0.962493893167
0.606210620266
0.369575513317
0.791528251723
0.698888604234
0.963047185118
0.0815393060752
0.269867640423
0.774273423805
0.0796477065983
0.389183753091
0.276199163455
0.567227990046
0.236394194796
0.447334848797
0.893906861597
0.972514636688
0.478659924457
0.710212598679
0.66985757188
0.193831991425
0.560130567013
0.536323188964
0.719208518078
0.831831535456
0.770523828998
0.163445523122
0.8349582763
0.39814132267
0.225085650688
0.682640537812
0.64208790263
0.518363430238
0.948777886779
0.00867967963535
0.706615592759
0.572720871467
0.178503833411
0.605452487413
0.805929572868
0.117877454616
0.169785757124
0.233120683977
0.283942578368
0.196813649012
0.885605693845
0.259243785272
0.0760617111371
0.102562795921
0.460999044744
0.965762291056
0.112734011922
0.794154906688
0.333832283158
0.252371223757
0.966084491177
0.578894880845
0.0886187181779
0.118474890878
0.458853599186
0.953777511779
0.827708882686
0.749196657796
0.271099890114
0.458318747913
0.238706649835
0.518835380037
0.103699540673
0.840259710426
0.0503689702915
0.950672658979
0.724780003004
0.62060258212
0.256386203178
0.0599242058429
0.17574082612
0.341298612864
0.31838139452
0.277489745027
0.882598740348
0.579157381101
0.520646013383
0.759298180061
0.629378654212
0.609883427156
0.177174987724
0.894948660422
0.489769063473
0.979754725037
0.959018943906
0.185475256714
0.910521179538
0.484698857431
0.607555599116
0.0930034065555
0.0987317335216
0.900996930424
0.0901644940256
0.125639468414
0.604533021594
0.39357802212
0.110067636706
0.278023088484
0.215283351895
0.265737395505
0.265901708211
0.231406276958
0.74615446477
0.45774686378
0.69147057054
0.0522816405637
0.417149476614
0.307380575144
0.785614820908
0.744073368886
0.160804454832
0.339680169513
0.893538707201
0.112944690023
0.529782479136
0.472825514241
0.973103901093
0.923972936537
0.877862216848
0.346155563923
0.428228161862
0.919176812996
0.0664653030314
0.713980356841
0.40020283559
0.960811075738
0.0638363559732
0.174468895667
0.390283497757
0.0937291262296
0.797858183828
0.805555871262
0.0527159076576
0.323841137724
0.461659499732
0.388954463703
0.983230767118
0.0973861634467
0.582130187518
0.965087470304
0.986530899464
0.932496918463
0.119132510224
0.0496652944148
0.936830209666
0.362876912074
0.0483991328385
0.931045047653
0.12150802597
0.971104022243
0.0924396750663
0.53894049978
0.21497183545
0.50042390681
0.163629237267
0.942015763409
0.954720581174
0.726090247784
0.212737853861
0.208083087638
0.170872889635
0.24717830869
0.934217451663
0.0799812396054
0.296277592479
0.0756056526296
0.826770363128
0.834857751753
0.292013491422
0.750670705974
0.860935885808
0.616298288958
0.25771096758
0.252785380409
0.773348106292
0.298479150679
0.881755397967
0.956795433886
0.925354920083
0.895931266004
0.144713354662
0.952345856614
0.278424189202
0.319023039942
0.144033645529
0.683174925877
0.197363124598
0.57602847362
0.446152111631
0.141445793308
0.0987345812828
0.956273246354
0.905811566213
0.57604240863
0.774226156381
0.266301425128
0.661588017362
0.211359050602
0.829048873472
0.803380736101
0.894223180336
0.544170089105
0.533366337858
0.830025155566
0.0349019913804
0.189487412085
0.0973912887986
0.620122522086
0.171540184981
0.910149840219
0.0542855873838
0.799585292838
0.0921193250339
0.0592466418061
0.867754193057
0.63447295568
0.256464736634
0.725753039658
0.386064891656
0.860619480327
0.735269085379
0.810505055186
0.951025302193
0.816769194
0.770789487395
0.435886384703
0.289754997439
0.149851667129
0.637967292804
0.405647855073
0.26776759095
0.791003848125
0.108665517804
0.960832030857
0.0297742382627
0.175530758239
0.863695669453
0.780222630833
0.724023750365
0.0887711808368
0.559654146611
0.849963904841
0.622396894525
0.440672666155
0.941440828212
0.964839531481
0.782516772442
0.696396480001
0.582631683962
0.857751939173
0.485098417495
0.21111667972
0.202863920311
0.232141636909
0.714734663364
0.151543321072
0.966512386949
0.356568467871
0.939478526177
0.892968968077
0.0298304869492
0.965895099288
0.124775367918
0.068100878313
0.712551262869
0.966041831989
0.628560402904
0.639349775877
0.125306376759
0.375704014015
0.16342060191
0.209038706425
0.158925972181
0.677469100289
0.230447704747
0.816697969368
0.790388631763
0.11581619856
0.143833644731
0.808788868438
0.119164165407
0.943030601408
0.34473810847
0.572079388592
0.16095445354
0.659400602513
0.878953819277
0.600190690387
0.161012998768
0.88023750898
0.89408280334
0.104027913616
0.45577766836
0.684305389887
0.690999005165
0.112355971875
0.346274126532
0.571453220848
0.166460172659
0.756326873237
0.393517656522
0.451484819882
0.136747766375
0.656551980343
0.0470151649738
0.0507724730806
0.310449025771
0.0628645214601
0.33798383079
0.572000921394
0.349644466342
0.970514177271
0.214023067984
0.696030990977
0.0409658034468
0.441523127389
0.717170136854
0.0601077485755
0.819596273294
0.03265648983
0.848145810116
0.457174171622
0.451724388354
0.200454142439
0.275939843726
0.801665211787
0.855984115554
0.2697397404
0.88683446649
0.0983221260189
0.565376611317
0.483060641268
0.463182148362
0.326928506299
0.893779293344
0.107721175857
0.585792325822
0.584850009858
0.498597217354
0.0988897583752
0.264034114918
0.957044972296
0.779323530908
0.143125970536
0.773756664471
0.207244049769
0.892674297956
0.983230767118
0.148007991642
0.560878142116
0.293341292037
0.812858981905
0.57430996311
0.827532893681
0.295141314542
0.513320007388
0.236394194796
0.710704468188
0.933135856948
0.497401535338
0.933569449867
0.354984538112
0.437458072638
0.191182148299
0.248931389567
0.585081372927
0.121185279964
0.61215418233
0.849421698122
0.901417548356
0.897453242366
0.592211449661
0.559334104508
0.719506218107
0.123305652084
0.180891745459
0.450394012817
0.263439270064
0.0817878326765
0.234699375139
0.426009986586
0.723941282768
0.112701937042
0.429604224849
0.22833377748
0.482911749742
0.834241200023
0.960296646758
0.29935116814
0.820195537157
0.0772183637287
0.959888073154
0.939848001424
0.732851314206
0.22087641697
0.553994030882
0.182407450851
0.814953651469
0.749196657796
0.937441095649
0.403400814307
0.936417734202
0.801956367271
0.172182558719
0.775801742458
0.815280468313
0.891783753699
0.253508721167
0.854289935178
0.47444615256
0.811515842566
0.466098865844
0.948529856968
0.292437497984
0.694184180464
0.500617935161
0.105267918963
0.964465722457
0.390551039441
0.445738772931
0.203768179086
0.849947148122
0.921216638721
0.502780531183
0.855431859086
0.700687357841
0.141354274122
0.349035163905
0.200297518693
0.104922995582
0.929403659428
0.921418435437
0.932618387015
0.238125320665
0.260727005237
0.290974721116
0.260425154841
0.806997614199
0.867809983057
0.54932003087
0.210853079499
0.0938942615134
0.0454490206117
0.953543816182
0.962716736422
0.196343684285
0.0999758776425
0.261995376671
0.892511366061
0.371692004355
0.976384169608
0.03615497754
0.904108929076
0.87407507855
0.202837525072
0.22932573291
0.689628456613
0.146972897739
0.717611165518
0.931674432745
0.512556623578
0.87534919603
0.93375635821
0.777868228
0.814612822968
0.324866576068
0.0585141779487
0.857466470247
0.626664853221
0.545641209601
0.458856248508
0.534741371386
0.302597811215
0.176552623384
0.190477656331
0.356166843854
0.748143593228
0.85195400119
0.645542495496
0.160019507663
0.312250348491
0.775177788267
0.238319770305
0.560009387118
0.0299706025551
0.923056601911
0.690764355995
0.29075586025
0.643835657434
0.462878085369
0.927979533809
0.187254121624
0.862650901099
0.706075878165
0.751654440859
0.373921662582
0.795853579978
0.868781765165
0.673698165451
0.32396409929
0.969183547633
0.689091128373
0.256387181844
0.182331000062
0.111769267482
0.215747878138
0.658820171011
0.876687526331
0.334584180574
0.754373699263
0.941832678464
0.336258749165
0.663137027455
0.119746252213
0.734267566488
0.64471070179
0.13329019177
0.168831135481
0.783625020923
0.0658894056097
0.648718959087
0.760757921437
0.672222795943
0.676704449783
0.174826576489
0.192717901289
0.586863895863
0.0691966539258
0.450972489665
0.695221313454
0.182597418558
0.598480734147
0.0691558161971
0.926816593099
0.180325869463
0.507001723387
0.805117695541
0.257224105064
0.73865073679
0.315688519877
0.869427659049
0.797694824836
0.869365049321
0.976482421947
0.386140278785
0.89634825798
0.933325230902
0.794880346561
0.943802791861
0.568155436354
0.897211472647
0.603420185339
0.207757115418
0.32969948995
0.88464904548
0.103352062621
0.329476079924
0.242728265579
0.645816240822
0.975160610971
0.0278635016536
0.958082162022
0.828938405402
0.247763082811
0.148228408793
0.458856248508
0.685701348215
0.307409786121
0.0418349471536
0.621347518403
0.571159773102
0.872469930252
0.296906951573
0.906348124486
0.485336563652
0.719503790402
0.412541773244
0.959764154618
0.143624322946
0.923929354604
0.463362763985
0.606869074157
0.193255245688
0.737009345601
0.971308488986
0.937791318287
0.341002858218
0.126783474063
0.191478010853
0.974096068871
0.283066158478
0.927192377899
0.936646578323
0.747869949277
0.635523646731
0.96840614101
0.412230048586
0.310294481708
0.0463901178032
0.194532927047
0.611675334515
0.650709753206
0.54648281349
0.951295407244
0.752299317551
0.983436917862
0.579941509555
0.481008692346
0.964892870301
0.959137363355
0.592798884089
0.962686756553
0.53239478705
0.327700815029
0.188004419502
0.976228568253
0.372326946827
0.188004419502
0.0882912789926
0.529102192828
0.336175354505
0.236407486408
0.670604034049
0.488780968695
0.216392871181
0.676729781176
0.825870861993
0.824007634128
0.940641076626
0.936703304507
0.191080096378
0.0850133483564
0.387413772938
0.673900074734
0.411755975437
0.0778557745791
0.361599991851
0.808837088089
0.0497641033772
0.048997168166
0.248243205097
0.887872772782
0.899988214385
0.957075598411
0.344803320884
0.924067298876
0.459149662368
0.891471534174
0.408686786345
0.852167123111
0.39101471955
0.176960399114
0.0652189244499
0.844830779405
0.701323750577
0.508721482773
0.232432142065
0.886367047988
0.795522714594
0.796559753241
0.314147093568
0.946021081611
0.936568287076
0.267157142942
0.174620025117
0.952622207571
0.515148043191
0.527245402298
0.890234208289
0.0667357514149
0.695017188051
0.582776597518
0.376795809483
0.741207401659
0.438814586268
0.932452791512
0.630832930837
0.895241118854
0.882758736911
0.441675731741
0.783553620818
0.893471883461
0.184103063215
0.915284398579
0.294281998475
0.791868680827
0.292812722452
0.671715306102
0.75040447156
0.144645421305
0.313938102617
0.0659826462501
0.629384343469
0.501299372104
0.174722952979
0.511731811159
0.367097085115
0.264501604201
0.964404038051
0.377580695899
0.207740327301
0.712375450149
0.169691809312
0.818169705547
0.654919070305
0.869312187669
0.936711298822
0.295220873739
0.128707067951
0.0742809954442
0.101873651595
0.883113689292
0.877189682316
0.691204379292
0.483778356145
0.0341261951087
0.883827764147
0.850896831582
0.296065076246
0.925380100914
0.0775302944886
0.858292990549
0.285389707793
0.816769194
0.539299008767
0.696447453727
0.967530965401
0.194498066131
0.0679797017974
0.306240232632
0.89985512766
0.598512618431
0.449712272181
0.236306858168
0.915774788582
0.704537662622
0.951203495681
0.0776431659164
0.82217222906
0.328628303374
0.0998743148735
0.310872752425
0.668129731736
0.553595386534
0.0253183650774
0.429905952895
0.524436210712
0.125728685008
0.197018063542
0.921477080201
0.704377507128
0.512277837175
0.0160274568256
0.804631013778
0.666195866026
0.867763390719
0.889064249103
0.863083856141
0.31507450758
0.929648876255
0.11517903383
0.40869140692
0.0570896660017
0.584835809087
0.307509923407
0.954880897194
0.264001765254
0.438087787588
0.96863006398
0.284587248593
0.109144866844
0.847190051181
0.962905638497
0.545592174677
0.760825943182
0.865247189235
0.760172976713
0.302007866148
0.360537673333
0.436747256166
0.841010734835
0.481183188515
0.844564184913
0.432153858551
0.327957322124
0.676015119163
0.478569764232
0.855417469017
0.440145541642
0.123445290323
0.943508954041
0.383456886115
0.800082401222
0.838604005126
0.398930170195
0.570714145306
0.661251832185
0.868452614232
0.0935046205966
0.958450321154
0.959514788262
0.782516772442
0.874485219857
0.981931178363
0.472039089093
0.148178079175
0.253013316706
0.170536847584
0.96798381161
0.591853651282
0.474925509594
0.345272845426
0.154425261272
0.117400969809
0.11581643259
0.0325709180385
0.27976087863
0.884307109486
0.0330116080592
0.265855336017
0.261030290415
0.425735886928
0.13102206541
0.689654143874
0.310804592363
0.253076146611
0.196786067336
0.953413376692
0.233662154796
0.0829025148093
0.434653512524
0.308366001005
0.140597220965
0.0190802284926
0.81058245158
0.416500970759
0.541375260013
0.777563535864
0.652348754392
0.00879213296536
0.624059863556
0.384974887736
0.915230607313
0.0645213007296
0.552849688584
0.237501170858
0.600624476841
0.977132151633
0.0872316494078
0.242634803772
0.60890060491
0.150674321734
0.212137070911
0.075772862653
0.904214744836
0.508841625811
0.197365639491
0.547949085852
0.248471789857
0.961563686588
0.788351401871
0.106596115352
0.382992967499
0.755776409214
0.830624249152
0.173080038859
0.0348109705398
0.671352839003
0.876950661184
0.0407260576382
0.317872190725
0.962054800686
0.600247964976
0.497929633864
0.151097606778
0.838004972627
0.81627020849
0.828495293991
0.895649201429
0.131860620835
0.432714364618
0.283585085907
0.534892689881
0.472902659047
0.464487600922
0.916286620973
0.499618616009
0.58203447523
0.478189715987
0.559170102776
0.745203889906
0.752859340709
0.0866425505289
0.460460951058
0.98231453213
0.234888843319
0.518664389606
0.304375470061
0.821083032801
0.510903962146
0.177906490162
0.697665630687
0.844196986503
0.37285434581
0.0561311737093
0.27134389735
0.578408478576
0.863957178473
0.809311902003
0.034426665108
0.89077753146
0.222403417591
0.615024416308
0.681423105212
0.641769019577
0.692145181532
0.945659732313
0.804258957712
0.770440507201
0.982328268344
0.791514211915
0.458393151721
0.619259941535
0.185750840393
0.835841939129
0.409570645182
0.251832863896
0.150176928726
0.89200616278
0.246786990144
0.920373132325
0.804367159336
0.960811075738
0.525083959633
0.945507600477
0.248316728493
0.111679209202
0.791765641721
0.474012361008
0.332033190252
0.340399270101
0.426409586546
0.647642524938
0.852815288366
0.707191527834
0.312785462662
0.0279816150414
0.152283679181
0.468174656462
0.151782866925
0.177732602012
0.240237130495
0.0878060204501
0.231095682676
0.23278597854
0.0651172862189
0.0557784914286
0.95286253343
0.86082058031
0.425579606899
0.478950350446
0.827514558842
0.159409414396
0.102166140351
0.0402794811345
0.370334179976
0.0530059127044
0.435779682535
0.784807678615
0.897839610472
0.698036518624
0.287860421753
0.611721419851
0.853652589867
0.471173889465
0.800007176634
0.891946994217
0.597022901926
0.790921492461
0.513086363751
0.204377096017
0.0950837440469
0.400048674875
0.446932843641
0.855396376225
0.914936607742
0.840316838202
0.157583272065
0.663217581061
0.345182123344
0.338262655721
0.344362668632
0.60890060491
0.933477397949
0.477315882598
0.940691694403
0.650494225345
0.273921898944
0.0816555620628
0.244833980847
0.454459823188
0.737448185446
0.874713164088
0.723989416233
0.659691625366
0.0449357165931
0.636606175821
0.334026685046
0.206345178947
0.086477821015
0.112910973413
0.378063296188
0.6565762693
0.275780053267
0.0708867607735
0.116122574194
0.131477674393
0.969974548331
0.554161963584
0.0578565483869
0.567124197105
0.0294190126381
0.940327214083
0.0253974468959
0.515885201313
0.756984436442
0.278912117004
0.770418555091
0.932843806571
0.916178816881
0.672527468362
0.826543382068
0.602357813332
0.646422795269
0.231577355346
0.366861024264
0.179289043911
0.095907929422
0.339584554615
0.346060741203
0.638622137335
0.936592718095
0.272001133952
0.829379030396
0.880217710212
0.045095489947
0.0999182954515
0.78801337332
0.111803563183
0.653243920684
0.255714231068
0.518956938354
0.964839531481
0.937941851383
0.952013398315
0.399277593554
0.575346193892
0.955361393878
0.700938769924
0.53071213642
0.347843669788
0.602600003468
0.764169581329
0.622094781798
0.512581492748
0.69161962856
0.880959280897
0.0572489646595
0.813413517195
0.568498738221
0.949079514353
0.618300305786
0.47525516377
0.0278330295084
0.989951667
0.898364466619
0.723534574184
0.185617381043
0.221656536774
0.535486870961
0.0459988531132
0.591499920113
0.0294512942669
0.83021191356
0.42026936593
0.753309719024
0.203065780398
0.341748126712
0.718929121097
0.0595779387815
0.373921662582
0.11278553636
0.414062376984
0.776412007477
0.978497281895
0.60211843141
0.939007885753
0.608964021343
0.259076283039
0.099300714986
0.102055326402
0.369849026866
0.589993649017
0.140433530143
0.863197716272
0.287086571525
0.919870737233
0.865988508277
0.447805062807
0.555776980716
0.572624970179
0.971384977387
0.924135414287
0.274547679829
0.448043174355
0.673269324709
0.447762820016
0.850023785683
0.160437221358
0.862284249953
0.790610925152
0.435723463325
0.555048836939
0.82771784435
0.477436772667
0.431302683188
0.440804306514
0.796367507626
0.469789905198
0.258495054739
0.710705571782
0.767073724199
0.659809322698
0.0508695768283
0.544117531852
0.323899088712
0.91380990949
0.285853834486
0.785496952772
0.424789695208
0.647260149674
0.873731639162
0.151535682947
0.204859046189
0.264535675951
0.882401930416
0.54648281349
0.739130672874
0.868335027551
0.794631394259
0.0930572382987
0.712395617795
0.180719476141
0.40707373686
0.910450952862
0.932096947691
0.824394601883
0.693425198123
0.880588027073
0.793342857377
0.800794326569
0.455773505852
0.126243791499
0.836022430854
0.760375734433
0.3164554623
0.434303576453
0.75688062455
0.893947960946
0.402616628889
0.918288912691
0.372052776119
0.362172880421
0.492446502564
0.909881844087
0.448934486326
0.418073103025
0.669501041028
0.0670130577192
0.168931163519
0.491786502635
0.169909292503
0.373876036237
0.712551262869
0.541477245992
0.87309903443
0.555376395981
0.0714622066894
0.623387700595
0.377072797088
0.417355862984
0.883637622126
0.606869074157
0.709631862221
0.856857888445
0.367097085115
0.4312621701
0.214001172349
0.853960535179
0.846692290374
0.272910282669
0.545442567243
0.90044048177
0.688425179399
0.323276035435
0.9340689284
0.902036081961
0.915145662687
0.645437852696
0.721039934379
0.939610852753
0.543595902878
0.13586517478
0.933663168934
0.459512395731
0.297259684356
0.879010773615
0.375837052402
0.900365818548
0.966203998712
0.415372996125
0.911715657817
0.544532329485
0.788329219795
0.876603353208
0.101782331894
0.949795413157
0.186112400619
0.273220567078
0.80812477166
0.873719591692
0.928658438668
0.572713583198
0.669426048438
0.068222803639
0.932931321235
0.312269412416
0.0375940077778
0.829795643358
0.9423918008
0.0855221799837
0.36248780118
0.703028742219
0.755545929159
0.0929064341094
0.938159937861
0.111188315519
0.478049146838
0.822109895838
0.934204579719
0.651017413926
0.955486939375
0.0427179845478
0.795792265469
0.322433665465
0.119418441411
0.086534719564
0.480719929561
0.15637890506
0.152678673075
0.871646179547
0.579989882288
0.71040496845
0.230085517139
0.579828029088
0.931502548407
0.765642721031
0.960847469382
0.420277582586
0.818440503969
0.901633250945
0.373744996919
0.740057759268
0.273279816753
0.712689932759
0.633818785521
0.623005862194
0.969461020194
0.759810119969
0.295401594329
0.925516802691
0.198102795849
0.858217705959
0.694394187127
0.0560245336169
0.929588946057
0.548787860491
0.0253974468959
0.599254116605
0.0291078446492
0.0586461914401
0.932494986374
0.964235622721
0.312215507083
0.178743618904
0.0739880064197
0.030418001224
0.725089653687
0.792235538973
0.419260872969
0.692890106544
0.310014900635
0.883290587444
0.979036546268
0.660940545684
0.372919511091
0.24751626858
0.898374624465
0.670440489269
0.033944449965
0.116393864018
0.805443536228
0.973320985824
0.311222214234
0.245442082611
0.142620566719
0.635004395261
0.0424926743259
0.262477786727
0.949925140494
0.874330064223
0.0332694726331
0.753213093161
0.371800831311
0.252163730795
0.679767349058
0.0492742592717
0.422989419676
0.123067328566
0.0699427371859
0.925516802691
0.120406444875
0.242664396474
0.0369174422678
0.923469478274
0.454879089029
0.542276818792
0.176086254251
0.0375200829915
0.985466700309
0.00983871504902
0.898344327641
0.528855003122
0.652994732238
0.829048873472
0.585504762029
0.832325803152
0.752052619015
0.708989336748
0.949079514353
0.944514256472
0.255636139806
0.858887194896
0.917477183639
0.951427599956
0.156097175823
0.486587316699
0.950098372668
0.762064397876
0.885467091018
0.299856647498
0.795818118257
0.292027446408
0.841076115443
0.182820331892
0.978254987213
0.242178494376
0.0476915009447
0.691029530978
0.50744145216
0.919270138873
0.319540551757
0.0350830051527
0.971504536255
0.290534789637
0.235175302177
0.425623766525
0.70880099549
0.2452045826
0.493770691812
0.237179155226
0.095216754808
0.92767088182
0.779469260731
0.140444209324
0.178438125809
0.96226893122
0.934259738728
0.599254116605
0.469569310488
0.46104442837
0.268768628909
0.0907488273521
0.726183594033
0.728767353027
0.29840395148
0.738675428138
0.642481562688
0.287076894677
0.687789386891
0.367007233856
0.957833122475
0.241419934938
0.568282895723
0.91996252963
0.628939464534
0.0690845421566
0.949010643319
0.112870720007
0.484698857431
0.753611049439
0.496556025038
0.680291800852
0.0957889764473
0.844562346614
0.199299679999
0.815042212126
0.86489503442
0.598949160808
0.785947800345
0.151536396877
0.950467961454
0.70582349497
0.418341466409
0.605850376974
0.056014360324
0.0710432105693
0.0646762417844
0.630956980323
0.0746166621089
0.836506103177
0.437214390484
0.126510939739
0.164991745307
0.915812754927
0.364462102584
0.602870959122
0.168477588814
0.573311239267
0.331024557173
0.560135731507
0.421482175541