0.180697992527
0.795932246408
0.051850835384
0.135674840959
0.577649784656
0.205650138771
0.666764306214
0.99
0.0166866797181
0.921339696575
0.224258698397
0.934749144373
0.705147102565
0.407181507555
0.939555365595
0.88317921292
0.99
0.439010575229
0.906482328096
0.537393282912
0.813528105211
0.0454598570895
0.821729769609
0.746085008514
0.0682055806324
0.0217900894539
0.0860056859776
0.410715516161
0.0473630879582
0.643175313125
0.0469679923525
0.99
0.797204159905
0.827988816084
0.779106024625
0.572840975896
0.568672583642
0.51052791426
0.744723776896
0.765283900032
0.627725519656
0.0835902136477
0.135176961823
0.99
0.0724194297975
0.550342041995
0.691048251545
0.0336215235434
0.0859074967755
0.508081047201
0.0720486845652
0.0976264636977
0.059981744268
0.458824549363
0.99
0.119095075996
0.133718827999
0.550597391372
0.0321953519276
0.99
0.221829342331
0.529419454536
0.077340789149
0.555445852268
0.759764100533
0.0524919668407
0.424113072636
0.307375216165
0.378072752716
0.356167298061
0.902005282776
0.245986847579
0.286524097743
0.86185200257
0.783177002097
0.893935915422
0.268273802724
0.551158680172
0.315865895424
0.00403017088983
0.3178855019
0.0288605362416
0.155064486081
0.680363166322
0.47766157023
0.324510926563
0.574414824934
0.286545280287
0.861208069143
0.702797487963
0.192885643372
0.0180818613559
0.93516626345
0.933749254001
0.198997263853
0.13584912717
0.944336188096
0.605961170582
0.695877160005
0.63264174194
0.375758780565
0.99
0.949928466606
0.555960237764
0.449612505535
0.422871899612
0.230749565142
0.760698329692
0.2243674612
0.844587112864
0.333871845164
0.171186854442
0.911504499933
0.299710990291
0.99
0.864676074555
0.757507685686
0.99
0.872604735426
0.90267269548
0.910682249393
0.938732486231
0.0178228657359
0.850194621833
0.826269858979
0.99
0.784740442007
0.0205481299271
0.669131258997
0.911276437211
0.643362682262
0.138249015848
0.0361812354862
0.92324236267
0.0711317233862
0.692708551052
0.99
0.256644038313
0.807221461967
0.108791134349
0.99
0.943542111879
0.685177218727
0.949136145765
0.275519506285
0.00639191522652
0.0909661353915
0.0124789216133
0.278295778949
0.915160195307
0.197368522762
0.0881275757192
0.99
0.948577385684
0.397752397602
0.0522132955994
0.779443951079
0.99
0.654040729812
0.42533560305
0.850017575382
0.376369228417
0.731714664466
0.54794482812
0.685242134708
0.52086153556
0.99
0.99
0.197677634804
0.0698669435561
0.63509266359
0.381998552659
0.0864368241141
0.796647502749
0.329148762153
0.0633203797535
0.461154458828
0.99
0.506311261106
0.99
0.790773948757
0.256000895747
0.853547093793
0.382133000036
0.351850934427
0.824889253702
0.345862174547
0.0645151235457
0.400559041038
0.99
0.85592651915
0.766928914261
0.0100277490095
0.766521510398
0.905857496403
0.99
0.405677326387
0.99
0.939563200215
0.699936728556
0.579977105875
0.99
0.294116089883
0.16956474597
0.99
0.054355846603
0.0658626352486
0.945587655103
0.00273937885564
0.0290052412232
0.99
0.706464905558
0.686127233019
0.855196917119
0.99
0.315865895424
0.779804420791
0.99
0.99
0.0271824281308
0.753750899814
0.934991096859
0.626026305271
0.0614742519519
0.394536858066
0.416145862018
0.99
0.00426034900598
0.875005111309
0.507087853809
0.00761773043938
0.0933485094891
0.0897528520789
0.904224762109
0.687929573851
0.602757415103
0.0282508577879
0.47856849397
0.313275875142
0.770133698458
0.99
0.325846339466
0.439080014303
0.920904673145
0.0104031274458
0.630539597002
0.00765010669304
0.99
0.99
0.371879038939
0.99
0.99
0.460064804342
0.544693157024
0.0261284159534
0.0330502267686
0.260603284912
0.153437875469
0.621233852983
0.869475994922
0.0460238240103
0.99
0.737617211693
0.948208084601
0.902565965007
0.128257647558
0.820297166525
0.300746736164
0.719706871415
0.834698670421
0.831648677934
0.99
0.614331983904
0.0694028608004
0.917052533365
0.244938551798
0.99
0.883799901596
0.697457910714
0.329092562605
0.113955784057
0.812121200184
0.92092376694
0.883300126558
0.581383536454
0.646803501714
0.698059422062
0.99
0.802688199743
0.0969750522276
0.928776537482
0.875897482747
0.832905322052
0.0449437427079
0.99
0.393731485508
0.930240970893
0.99
0.99
0.827836305746
0.0073412942316
0.47766157023
0.61804619162
0.162419877394
0.938118196291
0.103913026351
0.00531341572489
0.553468370952
0.830019633335
0.0497864781216
0.305897602555
0.104755485715
0.297437723403
0.693945702046
0.797313809738
0.812286839062
0.99
0.0701137859474
0.498800521839
0.663414475378
0.376959452076
0.716350160193
0.0149637596834
0.942589492923
0.99
0.0193609158618
0.187516911647
0.570095021118
0.99
0.424113072636
0.187918470059
0.0724194297975
0.928601533245
0.0201395971459
0.746609585115
0.913512823283
0.633460788278
0.598452574177
0.743150977861
0.836016972624
0.99
0.914689197061
0.938318289938
0.0217172345144
0.358880622266
0.0928589813836
0.935748557418
0.406489520102
0.349285597771
0.0261825600792
0.796134205987
0.399134937904
0.746312937937
0.00921442094976
0.502834153041
0.88144359509
0.842521797934
0.731993172779
0.0886845408892
0.99
0.359393745364
0.853790553875
0.834796670748
0.0500847398678
0.883973061814
0.0207634792795
0.0272052057879
0.456663880205
0.891034233594
0.99
0.165098586836
0.105514480876
0.653362991948
0.375856936472
0.594867837278
0.99
0.83159001817
0.592236342746
0.0947859225945
0.573645228379
0.0327883284403
0.646873927833
0.99
0.326440101543
0.0345637693444
0.447610859503
0.2192419587
0.410766201711
0.706069205284
0.949505815926
0.850567218311
0.123587875465
0.0692082680885
0.0448522250565
0.280802817071
0.391553999708
0.293860024627
0.347095375811
0.691984489097
0.00835053995447
0.756731204448
0.52721888704
0.0747870864901
0.07186822436
0.765109122192
0.99
0.522538987391
0.99
0.528088103981
0.0122235919485
0.0181416649628
0.60901911454
0.79615043277
0.793676446284
0.573078213617
0.0179532254657
0.512746033509
0.0173638412755
0.948156282047
0.940014059153
0.0916254865572
0.256137301729
0.907354548489
0.0989299884489
0.00341580468886
0.0712159889509
0.178792768701
0.53815877051
0.831447195376
0.772253940623
0.0278224708522
0.16149095997
0.832629005334
0.0727799253741
0.521667223479
0.99
0.67763722578
0.582319161399
0.173350844765
0.846999564674
0.510465437979
0.627387023738
0.0741301397929
0.402781508743
0.726598785722
0.931616771509
0.0746592703997
0.444400129237
0.247526960928
0.386046059827
0.393008056486
0.742323930317
0.915276705714
0.711779613179
0.884057683044
0.0704315413671
0.0896304415601
0.238226186988
0.0339659464026
0.249308812717
0.636103845943
0.900785514428
0.104350633956
0.224894661944
0.00548538479229
0.0400097022783
0.133611968137
0.622697598677
0.913414657312
0.93673657625
0.772021189629
0.924686275168
0.888907745686
0.0740936497536
0.334738985387
0.0147905188805
0.741202753534
0.894048502802
0.792808648109
0.930240970893
0.854667115419
0.99
0.0732727140546
0.99
0.598820527231
0.0393423484195
0.0265787728371
0.237763783226
0.938968567204
0.672262093592
0.070957288189
0.0173275109478
0.99
0.394872380771
0.908249022525
0.892243941631
0.650711152041
0.721901715386
0.763892454018
0.71798011153
0.575601612426
0.238050128985
0.452942904164
0.910271764697
0.99
0.589011901129
0.0863422739546
0.99
0.0214403790965
0.0163544233506
0.304648200653
0.165935871308
0.0749654989151
0.24622071172
0.0233552333529
0.0133987753483
0.00563697180741
0.918512590312
0.99
0.515636879291
0.703798234276
0.370706168713
0.815317759385
0.930144318881
0.459151773831
0.633139227387
0.702922893711
0.830195599994
0.835744629655
0.0767052718467
0.99
0.818147071298
0.705031897601
0.705488339281
0.0218162545645
0.99
0.855735779045
0.249889959285
0.120509392128
0.0381833926065
0.123153852173
0.891881977427
0.268097527943
0.922694220546
0.783862042678
0.134076481963
0.479710918131
0.0690041212237
0.900515253424
0.00386202830235
0.269815015381
0.0309582207635
0.422625256882
0.757679867544
0.99
0.0104031274458
0.851680796666
0.930141129722
0.99
0.26762612806
0.934446899997
0.287692973175
0.78320091111
0.513093010041
0.832905322052
0.0818145049833
0.88281338042
0.326365951109
0.00693277636787
0.443294744312
0.99
0.316045848114
0.947683843658
0.0579053681282
0.99
0.0248660607423
0.00464310453998
0.638900637327
0.00352372890756
0.931787191077
0.99
0.943366327083
0.0811597034942
0.294145944349
0.220889861075
0.878548837201
0.613256427036
0.0214956182634
0.0377338724026
0.360613901982
0.627383903415
0.564924791415
0.205349728222
0.714902538819
0.869860287883
0.206850025725
0.536012859541
0.935345461858
0.0529675930435
0.593034268299
0.704104364866
0.872091361228
0.272823070816
0.949627153212
0.0208780846956
0.29832140303
0.412959071243
0.0885108881246
0.0412971287932
0.749097290362
0.844988118377
0.0169750513325
0.408610350492
0.148197160294
0.451956663538
0.725353342074
0.0438205392716
0.0128020737512
0.484641658374
0.916035869234
0.945587655103
0.0386506542339
0.936794603993
0.844109903063
0.00532753126729
0.552264059167
0.99
0.34370050357
0.16154677126
0.946572822067
0.693302563968
0.99
0.0804176341237
0.154280435305
0.487037806884
0.688769520778
0.0980924787202
0.641142845034
0.99
0.0215655418933
0.8691169293
0.85836539701
0.0718789222387
0.324822633581
0.99
0.883916944998
0.614390499813
0.385003372987
0.894617920832
0.79053815194
0.938301052652
0.364325778021
0.462389482589
0.121773332961
0.0505612555523
0.919507839259
0.523069707627
0.277960933459
0.00192203438891
0.831193281041
0.146314261567
0.42243821765
0.94947760489
0.615875658301
0.430008676188
0.0133606579788
0.115392845455
0.539457323181
0.616278409271
0.99
0.892568334283
0.00578573026481
0.120920662215
0.509377023388
0.449902160544
0.0206307859455
0.390176234832
0.00887048165542
0.295299256769
0.99
0.491912691774
0.366840124986
0.66778361422
0.672534402006
0.99
0.0426192173625
0.438913301528
0.148996438444
0.45437382422
0.542733239257
0.99
0.0276420183005
0.862963765159
0.715181366112
0.590457361068
0.746966029456
0.914027786057
0.938470918573
0.0553176306356
0.99
0.568844282129
0.113436541574
0.415533908239
0.396901103405
0.769169752222
0.0994455421074
0.0944013225435
0.173350615092
0.99
0.83978283544
0.353902810861
0.0121233107956
0.47545945906
0.752199277208
0.06592016741
0.312138403219
0.99
0.99
0.0162142834297
0.512743361535
0.781791395206
0.242427763505
0.365557220357
0.0352432207043
0.539875033392
0.99
0.122653092877
0.355732142468
0.376388860053
0.425655564869
0.642926497368
0.575347062589
0.811115860735
0.93775866846
0.652343138071
0.873535773743
0.280131849875
0.0569848510715
0.0451519642507
0.0614510384123
0.844997111541
0.99
0.102635097389
0.99
0.577054442495
0.99
0.317340946206
0.073761341026
0.900409105178
0.609430259616
0.19131710511
0.615818111517
0.0121260101918
0.312083626039
0.240273509182
0.883975115899
0.442063788646
0.19411685977
0.755196347891
0.934770280436
0.72028504354
0.679833396574
0.528038019333
0.183840291645
0.069686064764
0.439129754775
0.227642721817
0.224327208596
0.906422851539
0.934850108168
0.450522127782
0.101784069197
0.0783189573486
0.353393968362
0.0447431629712
0.672393469301
0.12323849471
0.99
0.0269535509734
0.0922476216629
0.99
0.99
0.53208287282
0.47172512249
0.4849938466
0.826531422254
0.385460308505
0.0745708671152
0.353731901292
0.89479214051
0.755067038538
0.690606469908
0.0881234682791
0.287571890437
0.883444835096
0.99
0.255674495756
0.043647482941
0.0237251571263
0.0481905744518
0.926283065921
0.779642349651
0.03509493506
0.614934726448
0.477097169374
0.337721234945
0.316692919706
0.896684619321
0.608416035029
0.505453725737
0.478602506977
0.857125248562
0.619549731069
0.903648342116
0.99
0.251212472806
0.880885931882
0.99
0.0707953988734
0.295930633596
0.253616578555
0.325731230125
0.946382160926
0.030743020537
0.34348897375
0.0088806074771
0.677176657324
0.828125673444
0.277960933459
0.811583849313
0.0632863803674
0.899737247678
0.99
0.99
0.202879534664
0.733404067895
0.935025331713
0.877557519674
0.0148174203838
0.4039471487
0.324128430108
0.174456707942
0.0270403823019
0.272224952204
0.99
0.99
0.539576518677
0.00637602240102
0.53105371856
0.574595005706
0.744262170552
0.99
0.99
0.99
0.252022643363
0.756410358789
0.904800606242
0.914239835494
0.876722722594
0.732640621795
0.883013821692
0.446448642103
0.146397927063
0.00925069302932
0.745994591678
0.0228930430815
0.603073541613
0.99
0.919340850077
0.373740100419
0.940081604839
0.00844325570783
0.548796026356
0.99
0.0217273702011
0.99
0.99
0.0785703744859
0.931781913084
0.704845368508
0.814612171816
0.77322796482
0.99
0.171422866817
0.99
0.185941067783
0.237692930724
0.206807053016
0.921087810791
0.113507395619
0.863016454096
0.506537501095
0.864413228066
0.0306371082969
0.832603919992
0.275478638163
0.166584608092
0.0186529436378
0.0503591270567
0.0339712392052
0.350825648187
0.893415545523
0.924237638857
0.657925690437
0.343582699219
0.63036226589
0.56777285302
0.168917689007
0.539820115396
0.99
0.642431081952
0.729899949069
0.766167911724
0.0178039128013
0.0466229329382
0.189322713033
0.260547956081
0.232940995092
0.722124707395
0.808060504051
0.906124026012
0.0446660661656
0.0653200759891
0.134379980336
0.064160935753
0.190062181888
0.421592873937
0.99
0.0165852852859
0.52274277414
0.104915985785
0.118544570997
0.164768359887
0.753049127619
0.727899762793
0.256398959897
0.526247214758
0.0886845408892
0.948332001699
0.119080891309
0.0124382799221
0.99
0.293689190805
0.00299654586433
0.583779634531
0.329842208661
0.2940129765
0.136634188247
0.0326440011599
0.391175119513
0.163444782635
0.790357251516
0.464582369942
0.56777285302
0.0468103174183
0.90290926094
0.819749084077
0.020117479121
0.905109288917
0.31268432977
0.99
0.624897855269
0.99
0.0392395324907
0.878384341998
0.860511739472
0.904832453227
0.613180999275
0.19822994938
0.927848036904
0.682139744845
0.719357146337
0.711032783735
0.85257171193
0.358367271269
0.119715690674
0.306108988537
0.12157548572
0.99
0.935868606603
0.726261325174
0.381209901568
0.0984800209339
0.613477466012
0.99
0.015807856223
0.692321421159
0.237692930724
0.887054184977
0.402025741508
0.707816905074
0.667397505107
0.911367219581
0.0577917294029
0.183711743975
0.814931969176
0.947367187834
0.669799607782
0.694989453082
0.557398671887
0.99
0.014132073761
0.99
0.384693691582
0.937939316065
0.634613221899
0.490896353095
0.99
0.99
0.874280095023
0.99
0.595594497784
0.210056337239
0.496547779095
0.0982475603253
0.99
0.0368291470519
0.550421577585
0.921814649738
0.220442022158
0.418589691158
0.0994000720993
0.669953616634
0.109635264817
0.857386428175
0.203968042918
0.0710845297608
0.0313456484174
0.0252173319735
0.831648677934
0.110267055186
0.707114013258
0.99
0.720935728211
0.99
0.0672218119946
0.741351231745
0.689910163851
0.444262298639
0.418225847643
0.248402325072
0.93669551067
0.830984729338
0.300349454703
0.631132420821
0.690155329519
0.118309874559
0.130223405347
0.943963585273
0.826781198471
0.99
0.381321893334
0.203252085439
0.398981272046
0.0544268813609
0.508257946941
0.25384351968
0.937276017049
0.00261310890607
0.99
0.873471896166
0.0624706076937
0.855952976529
0.868725662048
0.231413540161
0.850596990198
0.831045224673
0.54817559791
0.768443326619
0.799919904167
0.99
0.99
0.0792455893361
0.168605569761
0.380234704773
0.592593881231
0.805336814094
0.366632294461
0.0183833925007
0.0120662979697
0.99
0.0698175992127
0.314119296967
0.00793986045077
0.103017416466
0.517787994052
0.00956839589735
0.388010709585
0.0695334048988
0.99
0.553883396071
0.790203803031
0.618532190338
0.901010109436
0.0270403823019
0.938569337331
0.677888949636
0.949873018516
0.99
0.99
0.873020883259
0.416629731351
0.785188945985
0.99
0.810633531539
0.0768008769076
0.901110011549
0.0381772488623
0.116719628271
0.386476798485
0.0950356245248
0.72173187685
0.0557090114221
0.515196332416
0.166602294262
0.716735242954
0.0114190418353
0.394872380771
0.0752079991043
0.302409361677
0.913218663441
0.631784042653
0.018988174424
0.788517808973
0.488286386177
0.335904147856
0.618207912913
0.389930338575
0.0277393438108
0.297614986404
0.0994000720993
0.904800606242
0.0915390760397
0.947532119589
0.462012037392
0.0291597067209
0.215797005005
0.871804719475
0.89822633594
0.198997263853
0.772611370321
0.671443661442
0.191212634747
0.0586483938095
0.99
0.826202750321
0.949351533586
0.37532174955
0.639804785974
0.442348634177
0.138680162388
0.527815142118
0.790851518813
0.336444734454
0.88419881645
0.88190579532
0.150774165391
0.400689075009
0.560488085328
0.932086550077
0.0765932692461
0.606990167078
0.208053679968
0.502921200917
0.99
0.00547771929812
0.0268160278706
0.6635029191
0.334428770969
0.0389586630366
0.266397313793
0.0630351315543
0.117980102692
0.111269512823
0.935963518281
0.207377146562
0.609875712177
0.00310308700437
0.213764885826
0.806385742928
0.881880591818
0.207424911894
0.99
0.783792431474
0.461486869671
0.0653556715789
0.104433902288
0.0312686903864
0.934177107881
0.0372371777763
0.26811467195
0.572521338
0.927306001612
0.99
0.751799487979
0.896374851343
0.426291041198
0.688034215845
0.890158278813
0.779443951079
0.365358945841
0.0558025523527
0.99
0.937165510731
0.99
0.220419913703
0.458736143757
0.018353456063
0.644664632246
0.640415384934
0.130991267695
0.311684460297
0.415531194055
0.143925581349
0.661457449249
0.216933220577
0.99
0.236982752291
0.923985055533
0.99
0.875431776525
0.918404457648
0.877387158866
0.0575647887297
0.357502043467
0.897657207346
0.691627792559
0.154310860557
0.635470372613
0.99
0.537879744312
0.667986556659
0.711288132361
0.510592618023
0.61283333301
0.683636315623
0.0327684421564
0.313229749058
0.00380319220141
0.358772003442
0.0285942707976
0.0181140403427
0.106086168692
0.71395021987
0.46264421746
0.533019935048
0.606333889947
0.681263972659
0.99
0.895125503297
0.467728630562
0.268097527943
0.29879689778
0.948205893572
0.335064576559
0.99
0.99
0.99
0.843059093672
0.450725552183
0.99
0.0637202001695
0.564050240041
0.192543601778
0.355057134514
0.182517340979
0.99
0.571696984706
0.942603334174
0.99
0.258601295746
0.877354956195
0.708829420706
0.578453094835
0.065750011905
0.145220450085
0.773850152885
0.417353584744
0.859462527467
0.672533904589
0.0705564011961
0.152526558362
0.99
0.217966501226
0.377575087551
0.89296337912
0.394817274284
0.99
0.192675130241
0.250821736919
0.904560545583
0.0994413009901
0.0528261939219
0.39047667266
0.99
0.99
0.0483615232484
0.154654658526
0.204977870553
0.99
0.0405178319865
0.00615619444522
0.861975729132
0.474672830797
0.733646139683
0.650534790976
0.658382802254
0.0408727662364
0.782953255591
0.101771096294
0.733777709488
0.0337984739792
0.0594204718257
0.542671035408
0.0358002798218
0.892665740794
0.99
0.763831223423
0.99
0.99
0.887326172122
0.687898171502
0.113630086215
0.262002876776
0.0725314350932
0.926233183039
0.0316169175065
0.137739753611
0.0534054990802
0.681146573896
0.010450339743
0.99
0.815003066292
0.99
0.99
0.0325297102374
0.818186111412
0.0236798888285
0.28676002903
0.654268968971
0.0183711972233
0.401969327246
0.131821962245
0.0457967785302
0.99
0.580551702757
0.0627775750934
0.352866608197
0.669257321163
0.99
0.255984430068
0.23175731089
0.573032093578
0.61942740194
0.157586329996
0.465245831114
0.0614528861689
0.912827075783
0.311936744448
0.689736369841
0.99
0.741694395829
0.99
0.389728151935
0.916718601178
0.440719588405
0.852487197388
0.0524622642701
0.0698175992127
0.99
0.320031447333
0.0682055806324
0.724335718705
0.714594951789
0.900010519665
0.888184908229
0.0467610816823
0.933497225926
0.668900489075
0.284964284184
0.21708115904
0.30635738563
0.505058291912
0.0790171586219
0.0264258693831
0.681027405179
0.273454699177
0.683725818625
0.99
0.234461296565
0.00371127380236
0.738895321559
0.99
0.299832344167
0.41448849708
0.945280197319
0.218423970831
0.256921532253
0.99
0.505921322532
0.184024413036
0.558452754606
0.595253608927
0.166583999499
0.810788768824
0.865643634954
0.99
0.141059204976
0.309134708291
0.919761605149
0.914809161326
0.008541670184
0.0497864781216
0.0176997200845
0.372006853303
0.99
0.99
0.459813679587
0.646831505857
0.474358470048
0.505888517115
0.0422522708745
0.0158476562688
0.256978948715
0.99
0.601723813927
0.78892847718
0.00338100907306
0.900313573789
0.797410670443
0.928070066231
0.909186423186
0.0464216213128
0.401395773032
0.87914344921
0.864142336939
0.407675878481
0.621318907996
0.913247385548
0.605848126885
0.806354566258
0.315625725191
0.945669268449
0.157057549199
0.99
0.868536175723
0.763106202866
0.47434562357
0.179648844086
0.477431539047
0.0477566456703
0.627289521395
0.847998291512
0.144870392966
0.106699120065
0.870318132384
0.595175894483
0.872032955746
0.0857700203315
0.182887364291
0.594588925839
0.468886351326
0.608191460458
0.342245093088
0.0113795588015
0.744398202717
0.275645037207
0.344772035663
0.99
0.887720687919
0.266467667222
0.0614206501937
0.633216983105
0.723716924329
0.99
0.730602061695
0.0435200498787
0.889060317255
0.744861125659
0.896819534878
0.696136762629
0.99
0.0959483211119
0.99
0.20251381811
0.05515151943
0.99
0.870852983299
0.812066274189
0.643038631218
0.645272061149
0.493374876644
0.742025771114
0.820375053297
0.0793549860157
0.815664037207
0.99
0.059477073483
0.919884884995
0.38396703847
0.297346442417
0.236725059759
0.800421409702
0.99
0.749810314574
0.391998135682
0.927499021557
0.99
0.150678215829
0.830521686468
0.0676903527093
0.933286631888
0.99
0.37581220486
0.933694272297
0.533327160509
0.540215674133
0.666533369376
0.599891959692
0.790218908187
0.175952473308
0.753958177423
0.99
0.490670866412
0.65518692249
0.695676323244
0.0222395626952
0.525116010927
0.99
0.675496378936
0.653565221836
0.676140034974
0.420690047719
0.176679267453
0.912068928034
0.310921720431
0.00425643986353
0.463674465241
0.99
0.134422637875
0.74979967018
0.0656683140855
0.0660242561307
0.900821479476
0.99
0.647043246123
0.556020330502
0.286688275324
0.597171831057
0.0438856925195
0.782471579167
0.0923765961715
0.99
0.724313347533
0.334272771826
0.0297696376687
0.0746508125842
0.99
0.515315873572
0.370326069653
0.740674808099
0.0427619230947
0.348361688189
0.667480563456
0.191915728984
0.0815031071091
0.99
0.99
0.00801682438016
0.886912633208
0.842968071383
0.0114286916575
0.7293422397
0.581251484835
0.898262575424
0.657243030516
0.0276567803732
0.219601494001
0.237696639932
0.23564270895
0.15901356805
0.869722931824
0.845623839687
0.011749205505
0.211245537867
0.00926136515065
0.85257171193
0.498421480365
0.680018025257
0.873542741243
0.470977750646
0.879697775882
0.882285410097
0.809179814133
0.105101879163
0.660384633929
0.782605847591
0.535037867926
0.187395647796
0.497500309974
0.0646743715532
0.93518485234
0.361845696681
0.945660187323
0.107263774696
0.0163970721175
0.843673258781
0.610571515834
0.00423241927871
0.88004818482
0.724156120997
0.843069518269
0.00531456391856
0.906851033634
0.0266743829455
0.353201788262
0.924694194302
0.560991921241
0.907330748396
0.289614302054
0.906212121166
0.0604311010722
0.173560125312
0.371397777495
0.433517266119
0.99
0.186316487494
0.99
0.0669375970034
0.700166808316
0.99
0.371233744465
0.24450544278
0.236320960274
0.99
0.481797005312
0.0223458792472
0.784973247972
0.301474570341
0.596190071061
0.99
0.99
0.476590317872
0.728263518142
0.755009067215
0.935382248302
0.872197400502
0.99
0.50530611133
0.201538589837
0.0782218377929
0.99
0.49787746505
0.561098595604
0.921536798089
0.916125029619
0.574040535049
0.704506645406
0.0544847316993
0.122473040296
0.709451965165
0.99
0.0199917802721
0.99
0.940684183295
0.579474819192
0.111875545562
0.0911592352424
0.131061228367
0.392839026606
0.82902613413
0.99
0.533418162993
0.380918178646
0.779543716476
0.258619095762
0.497955502974
0.809529552972
0.920887836168
0.0438800340589
0.694416510494
0.917826256456
0.71377248737
0.548289246308
0.154056539936
0.830377934758
0.833268893366
0.0616220409148
0.611058854155
0.0247016924172
0.941028387298
0.301459882767
0.925597655223
0.227867734745
0.62845763165
0.453683950262
0.0347633557305
0.444971394983
0.8215276525
0.732290557671
0.911164496668
0.224739271898
0.784597993098
0.942788667346
0.251659308334
0.209721859156
0.0498960459763
0.474409604583
0.632835470476
0.130407942135
0.878594150945
0.102847567769
0.590970253785
0.887054184977
0.690936382189
0.99
0.928910143802
0.748281742793
0.560811446745
0.99
0.269104558259
0.00607326015142
0.0229670380808
0.0298784701278
0.0855141209041
0.837133140142
0.340263599627
0.815664037207
0.766521510398
0.775026864742
0.0289571276337
0.0264447624762
0.0178181269916
0.244081770573
0.551210717485
0.932937349214
0.759919330155
0.522543574363
0.169383809776
0.298436609945
0.754635226528
0.861229127931
0.840823536648
0.375963266142
0.724813397888
0.99
0.854855377689
0.676904758781
0.402160246722
0.224609001612
0.844175689145
0.363531596834
0.852637242013
0.514272913247
0.286412807807
0.90467124398
0.937480327303
0.275246273042
0.246264944147
0.482508444068
0.780202166286
0.907532374167
0.163563434597
0.00926136515065
0.182252868882
0.99
0.364666270352
0.944755117172
0.571447663295
0.0292761063028
0.772601247207
0.283251331647
0.303277604557
0.729942463006
0.99
0.47545945906
0.2671568727
0.316332411356
0.811232355892
0.00491779271606
0.265256375725
0.466117829206
0.99
0.00937982788626
0.0208691745553
0.251389662908
0.257851701551
0.894157675165
0.469254765368
0.566769926501
0.223742773944
0.503040653104
0.99
0.0483811843498
0.99
0.99
0.834556234234
0.335503503989
0.0163960930693
0.189330653951
0.228500568149
0.99
0.902261961615
0.99
0.283195468201
0.770245411267
0.899958308863
0.902878046779
0.99
0.0602022880398
0.426938339488
0.94217225687
0.196718755899
0.791384813168
0.00416724332511
0.0931111139864
0.0957109247412
0.863241437448
0.412885861068
0.924686275168
0.851399140996
0.454545085258
0.223956047335
0.804016393262
0.734420946547
0.99
0.99
0.335082966761
0.27314572339
0.681994993625
0.0409784926595
0.222341753181
0.864636191291
0.216740644005
0.0396071961283
0.88195719965
0.937566512954
0.294341022278
0.0531765243594
0.84719891633
0.99
0.00386363940107
0.92092111005
0.0440872857424
0.99
0.00513876849898
0.494204136977
0.0877485350528
0.0421602130139
0.832139708628
0.224784824285
0.878531816122
0.0568853153568
0.368758735064
0.0327104897272
0.367691612055
0.0520063448042
0.503420437299
0.197729154598
0.99
0.99
0.612769692082
0.904432748714
0.550461251529
0.99
0.156153048005
0.128157958314
0.0287213321906
0.99
0.236277527311
0.891827202944
0.16851137688
0.286873327115
0.311256951276
0.91402318204
0.0879438514841
0.597122906442
0.0379520678322
0.0179928924712
0.228848175576
0.674781181113
0.216282007957
0.392150220309
0.169217095782
0.0662953542941
0.937494535249
0.610162289661
0.265769964222
0.078224633774
0.927010800802
0.704649714014
0.514284784681
0.168263070325
0.655576244565
0.612522870397
0.162175922418
0.0929157865149
0.99
0.704290282053
0.402277421482
0.518798812823
0.384653796026
0.0880687970197
0.0274340643743
0.0632071971275
0.768935257541
0.878374714929
0.135873167208
0.826835006342
0.0250034950762
0.125178454193
0.171926197183
0.156108889988
0.578927254035
0.44564603089
0.387308254934
0.72809160635
0.71847589484
0.0165865856819
0.0265754367818
0.606994317179
0.585304712943
0.102024097976
0.680347268082
0.0508360155247
0.101093162672
0.234955998389
0.693491257512
0.99
0.99
0.647603294982
0.916577256479
0.99
0.468574490649
0.589622489795
0.935382248302
0.99
0.465602017443
0.583177298055
0.763419423979
0.99
0.0195562286354
0.929659038343
0.0532441790752
0.720223446846
0.686060094685
0.99
0.0829151632577
0.0398033962161
0.61582665065
0.319230149638
0.166583999499
0.0195474707466
0.849372561334
0.652960101792
0.407679809327
0.883427251226
0.077771714802
0.763315452404
0.849647681562
0.0199809982024
0.208381437195
0.639671302923
0.425917775018
0.00565273265713
0.0731079740289
0.909278787047
0.405106022592
0.244927518052
0.629434519439
0.397599110916
0.925055899124
0.22938282219
0.415378106481
0.114361101715
0.0833326009952
0.872027303487
0.499769953874
0.99
0.99
0.18055161129
0.0194434715128
0.433116560416
0.888846995593
0.99
0.147264750024
0.99
0.907710960498
0.211115968203
0.79088281187
0.286822549498
0.693425579154
0.0164475602599
0.438348807412
0.673054474203
0.550945105912
0.441401709421
0.99
0.0287009100722
0.261606384775
0.0533075703032
0.750625650884
0.896094966604
0.0637531806712
0.925334344431
0.508720185872
0.555866618099
0.41933700773
0.157602005891
0.735443172165
0.947977150233
0.0952118452012
0.51100644881
0.99
0.914780337914
0.00996264712053
0.825474577757
0.934724006986
0.44059711379
0.0143515650386
0.900323487499
0.99
0.1388751945
0.0925112097368
0.0230281994847
0.99
0.440371996527
0.435705546688
0.270697685674
0.99
0.0278863009167
0.940394865701
0.99
0.481971227009
0.99
0.00463777096364
0.307379885906
0.662770832273
0.553751844203
0.300739550672
0.335957673635
0.99
0.759125132777
0.180262000594
0.45992285356
0.673845523051
0.99
0.918740146558
0.99
0.0987389108348
0.786385375372
0.99
0.010745047535
0.763560580759
0.847743279917
0.772961332241
0.0151138531259
0.430308600623
0.343671118012
0.648542130254
0.0176510871646
0.460248032907
0.615121581454
0.99
0.99
0.842968071383
0.99
0.580928012131
0.498885723164
0.358276408251
0.0416955262152
0.0967126547163
0.534072797361
0.946374109889
0.0269213916626
0.673317493331
0.882618662839
0.0458360860858
0.870050051367
0.99
0.913974341761
0.442205474609
0.99
0.107225910048
0.167619682834
0.263124163447
0.94038964945
0.449902160544
0.320855641668
0.478366957095
0.761452946093
0.038291222297
0.0754013589847
0.491301151976
0.098495981179
0.193780935153
0.754146364807
0.99
0.594588925839
0.78865727229
0.184867981234
0.86680797267
0.493228657123
0.571952686477
0.548982075146
0.87215764848
0.574337290042
0.278747033881
0.818558461397
0.198017859236
0.464175294988
0.234406151817
0.305565694407
0.220997270654
0.473146895525
0.229298587966
0.189927879311
0.173307990873
0.71944399183
0.0214866087104
0.0551910334836
0.775058659561
0.112738170134
0.726628696728
0.255187719377
0.00945832240906
0.249248590004
0.99
0.891363228413
0.0254412556063
0.032663378737
0.0335935352274
0.159103459846
0.647213590219
0.99
0.158722245949
0.00576617935531
0.810105334982
0.914827567463
0.336210687798
0.941870261163
0.416800955457
0.277587854388
0.0637632329218
0.909764549791
0.263173248202
0.714443142864
0.870190734991
0.0180026844775
0.654085080496
0.663781469918
0.041787592103
0.190112575673
0.217426680095
0.409019925474
0.124804928693
0.0212201705243
0.271327597196
0.801323718894
0.127123606862
0.619317067504
0.168731523573
0.142336490673
0.625989123305
0.431227300427
0.99
0.900680166649
0.313146281301
0.406642216187
0.94162300928
0.251982645502
0.138598412828
0.408286910288
0.625098702574
0.885814195862
0.0103575955846
0.097553754728
0.459655960351
0.678063867483
0.513259795937
0.225733509556
0.0655510404529
0.0294524608538
0.477180453451
0.0451205079597
0.707720455955
0.155783828464
0.0506534400083
0.631663490763
0.00871367904035
0.334215037583
0.442831728162
0.99
0.99
0.421430205644
0.0318258144295
0.819650470965
0.237669554407
0.0386423166991
0.93518485234
0.884463906597
0.813453975065
0.702416586107
0.99
0.0957698085237
0.319221581323
0.86644633714
0.682137462399
0.516016926917
0.768866787349
0.203124462074
0.599231929219
0.294616414644
0.383145129123
0.902548322867
0.426908857635
0.88175914651
0.125179545987
0.99
0.99
0.423037861989
0.99
0.237101668747
0.855071500916
0.0233075504986
0.374729926977
0.0222845927583
0.0384928479277
0.418322041692
0.685178903546
0.771580781978
0.625479060173
0.845288523692
0.731433156341
0.704633568133
0.479679447117
0.913430271873
0.0803765983622
0.78484848797
0.852665220645
0.99
0.353308057807
0.938568021767
0.351527103314
0.20912131791
0.759899038361
0.99
0.844331427682
0.169545667432
0.99
0.849709173359
0.486324968531
0.163821941607
0.38410792901
0.916803642332
0.500867163887
0.0689018243396
0.894808805944
0.297346442417
0.772305538468
0.146417469114
0.434677600794
0.872304708813
0.873901097672
0.00371127380236
0.252437375834
0.0295112831741
0.885981231357
0.99
0.157099856206
0.0873170500594
0.380922371053
0.99
0.99
0.99
0.339523676223
0.0260605484877
0.16992291923
0.560173158621
0.99
0.0402676058003
0.745287651485
0.776384109481
0.218427861782
0.917594964167
0.198755423371
0.0978950875091
0.417697814673
0.0837970179162
0.0842142555316
0.30159439852
0.931508280601
0.159210705216
0.129794807331
0.565116765796
0.187664573554
0.572022718614
0.567172625881
0.645040590516
0.371632809724
0.606469269214
0.99
0.99
0.21527631946
0.907299047375
0.095699324712
0.547832764814
0.37399430329
0.317422542528
0.344686702208
0.018013460885
0.0114185964252
0.501943092105
0.33714942663
0.179639376677
0.943519012833
0.754268877201
0.799476284826
0.216875583714
0.0922476216629
0.99
0.305774236781
0.421470078698
0.822094170167
0.479710918131
0.632361208268
0.738704284262
0.658407286888
0.437710782321
0.711735392602
0.038191874193
0.0178181269916
0.224400350612
0.933638958911
0.923402737086
0.725174178841
0.99
0.938790303076
0.041258113219
0.329729912053
0.852161337898
0.260858568727
0.6318298402
0.99
0.465604608721
0.270526055931
0.105431911626
0.157066861421
0.817386134709
0.99
0.158699735966
0.369798174447
0.00498506183766
0.613590780757
0.99
0.99
0.81155454247
0.99
0.648675671977
0.819516772658
0.99
0.909899623933
0.90806278172
0.675755484388
0.685153989993
0.0654178530699
0.296410258686
0.99
0.99
0.270999924732
0.99
0.865724560748
0.228685176063
0.280971724796
0.786096025639
0.788011358047
0.854126798985
0.160847829843
0.895460582993
0.121866513169
0.99
0.485280303251
0.0129145483848
0.271460971833
0.0327104897272
0.916447649383
0.99
0.689688568094
0.226238579936
0.217114216082
0.258673606941
0.078941186071
0.735508151049
0.924821881163
0.217611588495
0.181964355427
0.597600034634
0.0134927453499
0.0368613399468
0.945227951939
0.578927254035
0.631785893019
0.0765105859523
0.99
0.383643335657
0.399718102453
0.902111679304
0.0144104850292
0.0346596054206
0.0515727454896
0.310611707357
0.0120219457315
0.713650104754
0.464580134485
0.813416660974
0.0836975946698
0.597235366782
0.889586442687
0.1080012933
0.52064028712
0.497813769534
0.197115070119
0.0159686912683
0.40872530249
0.420407843743
0.207802103847
0.925339701734
0.839568769433
0.507533943645
0.313677039377
0.807030025619
0.0556361647525
0.211528756468
0.99
0.919779123854
0.825169852417
0.840713433168
0.0658526733241
0.467846254771
0.135399333957
0.900455107927
0.938317103719
0.109135521088
0.99
0.831384836329
0.0285717152338
0.100480522517
0.585316078502
0.352962742587
0.56747276673
0.0316865671481
0.31770152732
0.555804501397
0.99
0.100117980156
0.633110262809
0.725045749435
0.162719286778
0.99
0.99
0.850932146446
0.451956663538
0.99
0.258209306111
0.743150977861
0.560121636764
0.0398333076557
0.99
0.397284977964
0.21151731804
0.648691615674
0.557068983794
0.99
0.722301029566
0.322882674488
0.99
0.99
0.669149755351
0.0244056984535
0.99
0.486311401079
0.048541204406
0.736947146003
0.755341242058
0.946627822482
0.0616075017885
0.99
0.0264984576265
0.108756899403
0.99
0.877481171409
0.822613244467
0.711937439246
0.843691257468
0.00279375690879
0.682621975824
0.0035622046653
0.32434267243
0.376118194889
0.344686702208
0.107193337851
0.598516887943
0.0352556740334
0.99
0.0537320534639
0.390304392498
0.0478813869256
0.668307891552
0.790692988948
0.712525688725
0.116719628271
0.625708988273
0.607181008611
0.0188887041647
0.681915419137
0.00961002641765
0.71830055831
0.405310590867
0.012620300275
0.93875881127
0.906282481596
0.122602538807
0.452993057172
0.0258572949486
0.898860838987
0.0492220889766
0.00593043599584
0.99
0.113818731141
0.61837133502
0.639179165773
0.525451549165
0.28748023999
0.99
0.723638667703
0.406877589066
0.871320599716
0.946482616822
0.793416798505
0.546446712732
0.602929479056
0.318081342679
0.936986904452
0.599054051453
0.0332868983183
0.00993040132541
0.289813616389
0.619373872713
0.99
0.469584543426
0.486624946865
0.99
0.642796254555
0.99
0.702231201236
0.656091141915
0.43061588859
0.468652668755
0.0605592345014
0.84402892521
0.102024097976
0.104960648676
0.0425517983694
0.0482797023588
0.81752935594
0.64312253099
0.394644251317
0.0464136744195
0.72950376391
0.92980781414
0.510370460444
0.99
0.248242587046
0.363432164689
0.311248341408
0.15147395959
0.791968032908
0.0686341181956
0.909775904844
0.606990167078
0.871544785583
0.123587962407
0.523580771602
0.797305991179
0.414978727083
0.400618362677
0.505921322532
0.931743530373
0.272224952204
0.884561337836
0.893841608542
0.99
0.0902711590501
0.212209552155
0.766258750744
0.906251769526
0.285735939618
0.0604444761637
0.0547705991161
0.668959688493
0.99
0.0589986543213
0.432805356701
0.99
0.359296118971
0.145399169146
0.0491525814196
0.0169642680383
0.474071288528
0.578552307609
0.867771924106
0.902686506276
0.228498379777
0.99
0.10298887721
0.109941746297
0.286873327115
0.422871899612
0.713883297102
0.380905464855
0.0212643563503
0.99
0.681708781091
0.0365769930875
0.454330183508
0.648396922912
0.783206550055
0.0358291562665
0.937916372363
0.809764945024
0.99
0.478553955472
0.392354709827
0.151012098335
0.735557467722
0.99
0.0132876398722
0.607248531953
0.0071056766731
0.611721894317
0.845148579867
0.012701726506
0.0159565115187
0.662775246287
0.350683903988
0.836151977662
0.723000686392
0.245825765564
0.535727955235
0.146456735725
0.99
0.495604403642
0.918391629501
0.161530299053
0.633859111338
0.900144968972
0.86278949846
0.699452787994
0.707483984297
0.621233852983
0.99
0.887458142142
0.024464846926
0.775118069194
0.600435588741
0.0836644416728
0.321030404428
0.565864384371
0.13926871789
0.0694652819388
0.920015221734
0.195922802227
0.348883245859
0.240445080118
0.44179997778
0.0975426334846
0.433457126305
0.0475402915666
0.457006462744
0.0941387999213
0.737514975841
0.0832723470409
0.525881540268
0.711288132361
0.326142587619
0.216331468063
0.152953109332
0.99
0.0072163317246
0.256618939522
0.99
0.99
0.350616062344
0.00628860777387
0.261530997485
0.442029670269
0.0505376864897
0.99
0.99
0.683447991878
0.658788311974
0.0291567582737
0.793605240709
0.926798094404
0.363534923008
0.426790866472
0.403314521621
0.99
0.0359518659163
0.707714604371
0.265598762741
0.86618204954
0.930402809244
0.557809450562
0.353997288987
0.00823937355428
0.212638159824
0.890414695946
0.613298399794
0.224324150369
0.828805525147
0.821091185678
0.427819088156
0.0217839476829
0.100900711937
0.81707928099
0.99
0.99
0.034465645577
0.751256187606
0.458754376077
0.894566822911
0.769781525916
0.0268044039183
0.206661419708
0.388121260861
0.99
0.340625793172
0.0530868619368
0.842420477069
0.860876083338
0.914966168499
0.214430190053
0.925124476215
0.745400267556
0.169399458169
0.99
0.99
0.048156504631
0.604537650838
0.916467598331
0.133299019937
0.21942640463
0.411999642344
0.0775875978203
0.928605964317
0.833684712222
0.111971833122
0.99
0.228389076353
0.0935824322307
0.351236351755
0.855140882718
0.195407841407
0.0753387119521
0.826571656643
0.633054426072
0.899808962351
0.815695806704
0.301474570341
0.750245629107
0.0530868619368
0.901302613039
0.11089482266
0.814030962604
0.203006303164
0.814245550854
0.2243674612
0.0507680217577
0.99
0.419854012617
0.165796621111
0.617750419191
0.0625551185801
0.669953616634
0.723149456633
0.0490444162564
0.512904822296
0.933943587696
0.874379867935
0.0261487761112
0.0159276612821
0.74699855511
0.0942571933481
0.775679127118
0.366698415167
0.14795505802
0.392839026606
0.834733653206
0.482761882592
0.405597453072
0.518133439103
0.0300910172019
0.709493969323
0.891993484764
0.838368180613
0.436791096559
0.0101909134528
0.624098597552
0.826468580599
0.00406216294525
0.554008296456
0.99
0.99
0.69259664385
0.517878551846
0.581034702479
0.99
0.608804346274
0.106080097415
0.428419504823
0.0485645271371
0.99
0.709331636529
0.908467677948
0.511136527146
0.361826358998
0.209369343396
0.0246619574729
0.533362980494
0.41185910769
0.99
0.248882754769
0.123480102154
0.385350075788
0.56284795398
0.99
0.0286780357837
0.127249141409
0.772990674319
0.47571140468
0.124599689973
0.703808564105
0.0362152363846
0.864090868839
0.641017515022
0.785225753204
0.107326379565
0.99
0.88660646256
0.99
0.936843436488
0.0676054389038
0.99
0.129308444498
0.99
0.260213246631
0.99
0.00283816383651
0.416952934843
0.515996566122
0.364626634659
0.525642362856
0.667712418077
0.85004531048
0.99
0.931508280601
0.922155923921
0.195702252394
0.245937230194
0.920679607533
0.213522861995
0.426098601958
0.694939597462
0.621735085792
0.109915392488
0.523996825053
0.758923486518
0.909748566301
0.719034762419
0.664818242537
0.352679828791
0.0316805091694
0.145900905704
0.0202883054352
0.556677965216
0.228739415757
0.0102718034423
0.500457436406
0.99
0.288405526373
0.659805243295
0.597448897188
0.415749402931
0.678609105548
0.00728125753389
0.800940410472
0.769972342418
0.45213308709
0.99
0.00356422147023
0.0287239378626
0.866598292686
0.897989201223
0.460372100186
0.838816919321
0.807335192657
0.807860575293
0.99
0.659901004112
0.492142739301
0.577441016948
0.0403208342758
0.925184923822
0.0848699816108
0.163244737898
0.861951068088
0.435109403458
0.876922249933
0.593899181261
0.555348869735
0.798337452086
0.593951688261
0.511922070991
0.704314917905
0.353077437494
0.240389175285
0.923604992594
0.382229864675
0.0697653368109
0.768295666408
0.39112625852
0.99
0.231968197529
0.585630809696
0.239560509369
0.240016843206
0.242974534772
0.317671402646
0.99
0.774833196465
0.143019591829
0.60484582273
0.00985540876381
0.99
0.0172652758092
0.685177218727
0.678172537814
0.99
0.211245537867
0.858596646694
0.868224500842
0.122298401522
0.729263344717
0.203265025695
0.660651146574
0.906915220865
0.179610741135
0.645623460207
0.664106743057
0.271303700576
0.208827457968
0.365964396283
0.922940733051
0.818190339281
0.365189070909
0.0495356426577
0.163955842541
0.176327576143
0.917267145893
0.225075322945
0.926010427471
0.260449677399
0.578859658298
0.00917771848257
0.411105089868
0.827556971471
0.846177338387
0.919230377547
0.108776893617
0.755983791664
0.0133960311
0.0211920216164
0.91660320456
0.694580444408
0.204017517079
0.386154864103
0.0140436882445
0.615514334171
0.363665878836
0.318581838967
0.0307617781274
0.0892858081873
0.461752335119
0.562481576882
0.478795840386
0.99
0.439129754775
0.495370351573
0.0567191231742
0.0567191231742
0.494034113317
0.60984252431
0.0498960459763
0.854709727166
0.563280414853
0.0596810125883
0.99
0.891827202944
0.567418219593
0.752069429358
0.99
0.213522861995
0.94441836832
0.161160404499
0.360265270915
0.221942754719
0.94844104132
0.642926497368
0.65662922092
0.783737882292
0.300971349512
0.99
0.85986573862
0.209416893475
0.842928779078
0.428052998511
0.99
0.948780115187
0.55433863993
0.935794794652
0.99
0.947290212548
0.0184484009193
0.87372331908
0.827554811298
0.524272867803
0.139401481749
0.524775087492
0.840414433461
0.2243674612
0.511493304831
0.99
0.253284730445
0.396069344207
0.99
0.655497740748
0.99
0.940582104083
0.44754388481
0.0260605484877
0.940684183295
0.915294960824
0.99
0.140913098049
0.134215116445
0.840832096243
0.344151994136
0.99
0.99
0.938770002864
0.142641067857
0.014815711046
0.176679267453
0.77548866525
0.947732442547
0.871263317934
0.931284022533
0.0614528861689
0.602454332127
0.156777471399
0.99
0.183166221047
0.337751055415
0.0124358095938
0.99
0.0270403823019
0.99
0.99
0.99
0.310475078166
0.800940410472
0.42830321737
0.520373467661
0.937677670987
0.246942429341
0.99
0.0615041248445
0.286954726627
0.71011270947
0.105936566485
0.99
0.594588925839
0.69522946721
0.0833608578927
0.139267746374
0.500662890771
0.99
0.597956198615
0.61018820077
0.765456430534
0.044432258975
0.197426541369
0.266287418595
0.99
0.010885912136
0.00780418151241
0.0456442675551
0.0887902799203
0.53855539747
0.910910807762
0.36784544771
0.459003122025
0.720125762308
0.364284071566
0.709255833872
0.26560195016
0.0852117567009
0.928102604756
0.930149088878
0.29442931895
0.230435854221
0.498190090759
0.118846714155
0.0174893097362
0.668226569802
0.849239861359
0.528513067707
0.99
0.928434988144
0.406718904287
0.943673899201
0.99
0.918391629501
0.726346363072
0.9454548933
0.811271621258
0.89980156525
0.129794807331
0.0256980383154
0.815858255428
0.203252085439
0.940658781829
0.831547996757
0.0593580853113
0.258691958256
0.99
0.477352651291
0.165098586836
0.849488901951
0.0795761039032
0.99
0.587137044221
0.797665668401
0.104890990851
0.115086703782
0.99
0.481646150908
0.0137786379724
0.69995055001
0.733801744203
0.935110288553
0.297287428889
0.466273271503
0.709836600025
0.27307688104
0.932397209763
0.916720382408
0.187802288309
0.852263980953
0.89238441268
0.529756632832
0.0131920926824
0.848980201229
0.385014718061
0.065750011905
0.885102624685
0.295914045894
0.889864582989
0.176350929121
0.596837981463
0.70875528847
0.0433518808486
0.51052791426
0.0224021169325
0.040031645272
0.693516546805
0.44730120188
0.361805835863
0.99
0.005796373921
0.641717854346
0.940624268075
0.0179860663414
0.526576473458
0.858639428785
0.647404015642
0.420163679209
0.409249963873
0.0217405861905
0.99
0.575874208554
0.0254164588351
0.24830309898
0.363893027837
0.177866129608
0.909464609471
0.734938819555
0.99
0.736947146003
0.644421292595
0.547618394467
0.758315113266
0.903859309284
0.318560590504
0.622460699744
0.128182593028
0.458824549363
0.0538398073365
0.39897358428
0.117146443303
0.94919252685
0.587478362496
0.755432483098
0.0888223220643
0.418858091378
0.655181492098
0.192788418026
0.608354974724
0.859636005529
0.0219494423292
0.133390442185
0.19371518763
0.279773082819
0.838455093844
0.00560113164122
0.657525559368
0.210381725865
0.00297335856193
0.128896971787
0.0975862494794
0.889424558611
0.322224781666
0.763321513864
0.864636191291
0.245270491642
0.99
0.817717951113
0.710466352283
0.99
0.99
0.00142973583397
0.420004364616
0.99
0.303024100305
0.99
0.00622718082279
0.347881881845
0.397257050486
0.626300853352
0.707446705309
0.725216866699
0.364904872759
0.0901486772164
0.720185192835
0.00411257221404
0.667529570289
0.99
0.369341529744
0.0483811843498
0.103708834155
0.0819105953409
0.414693926013
0.601734115439
0.811470609694
0.0301881387705
0.710771651031
0.874849642386
0.619856732152
0.99
0.99
0.859991036878
0.835059391105
0.43461169028
0.99
0.131839137221
0.017129633827
0.571146474082
0.428219079225
0.211201722437
0.99
0.239856744291
0.99
0.3393949089
0.664366038427
0.273861228747
0.99
0.623633173339
0.182362218793
0.261208137884
0.462268761871
0.093096741862
0.408286910288
0.15293212057
0.0360897406244
0.00871367904035
0.0892000106483
0.718814549026
0.938696849876
0.23910654949
0.150924227905
0.602505842334
0.99
0.359941064405
0.861345870928
0.844188151949
0.346884397346
0.99
0.51370223282
0.416888673922
0.305824086148
0.290027839394
0.406489520102
0.190067010247
0.899197110145
0.920481242295
0.680347268082
0.542393366479
0.118424863866
0.139500290143
0.414752375096
0.0316124692227
0.668621839564
0.407818385334
0.139540318923
0.809791222461
0.0245750740998
0.0783680976088
0.890871357159
0.268835641374
0.028622357743
0.69586726804
0.218030147017
0.896040254344
0.189554296681
0.276486535627
0.0929809220648
0.295167176473
0.472589945966
0.902725049555
0.48557993213
0.99
0.852716591825
0.460860138453
0.13268152916
0.99
0.936689083862
0.581426605375
0.686409924931
0.99
0.040257582391
0.529597025957
0.949984572724
0.0397477905732
0.0978950875091
0.625479060173
0.700576200649
0.207784504409
0.632375352999
0.636853407057
0.99
0.268619733266
0.99
0.0274538666338
0.806054937863
0.295305351697
0.331559577157
0.643106592842
0.832286096237
0.150044450709
0.890864706126
0.00649955821734
0.102327342432
0.810788768824
0.73804176702
0.0648293068227
0.886357512175
0.684098542544
0.665665633138
0.667653942122
0.639179165773
0.0958173753573
0.99
0.560413518047
0.376388860053
0.99
0.340256373357
0.0723042379617
0.805949843007
0.567371519709
0.845688217772
0.247516661264
0.0181145638925
0.376118194889
0.99
0.0505642519581
0.672016763411
0.577689723627
0.765565413019
0.711760813084
0.99
0.678172537814
0.788543852621
0.99
0.883427251226
0.861319636127
0.521021179909
0.696901326962
0.677323331748
0.132738619491
0.791035802295
0.65849770025
0.179691447487
0.99
0.0226658089578
0.477511013472
0.489068044146
0.99
0.362431134177
0.216325676192
0.99
0.831384836329
0.861695487573
0.0300262164347
0.449084395612
0.0394290444593
0.757040149924
0.0608667246796
0.868727711818
0.0856919074331
0.947955950568
0.00407028863142
0.0618275203594
0.0724967991126
0.919261304569
0.678253695297
0.504990338227
0.0351749323819
0.186407435709
0.514816299929
0.840311988935
0.894391036044
0.0351426283709
0.0441129463302
0.0604744541225
0.430354196627
0.99
0.99
0.866707211023
0.629588394686
0.944736672016
0.323006038579
0.0185961323633
0.72826832062
0.0811029361573
0.787718933252
0.682419244705
0.0132202908146
0.745394814445
0.0286845096853
0.0483835455788
0.91834613847
0.400044969061
0.390685594323
0.788142016589
0.908401037607
0.295671457685
0.0678134661265
0.598280299338
0.00828161057015
0.115863894866
0.0262253936949
0.897846132764
0.704042499163
0.150654729871
0.921881844616
0.0454838042728
0.645551004331
0.020183838524
0.768866787349
0.580917983975
0.99
0.641858830506
0.39313795004
0.0346276511962
0.392368299235
0.19743594454
0.99
0.0278224708522
0.305912967869
0.0321280625474
0.171973880175
0.0284683699607
0.409655566858
0.717818168791
0.856808112137
0.183166221047
0.508007550155
0.99
0.481635729948
0.241346090484
0.858266987236
0.0184031833695
0.00427247339921
0.751075331416
0.77135872654
0.759901254072
0.148480528461
0.0446740091254
0.406625250078
0.103967420689
0.562734683078
0.261035645748
0.676944501362
0.103762806698
0.0370175442777
0.292460841674
0.531272086719
0.731666865169
0.52406991848
0.426601116518
0.99
0.0100581850014
0.9273070217
0.894127111402
0.672834241524
0.944546533453
0.179623313365
0.99
0.141491062004
0.99
0.112151643552
0.171271000345
0.196327957703
0.99
0.195336285281
0.408361696129
0.756792252973
0.697482549489
0.39047667266
0.00396411612689
0.635529333029
0.191981529677
0.296410258686
0.441253096442
0.933104671524
0.875993718997
0.545485565998
0.490457513947
0.436260048353
0.315928311733
0.0216935048243
0.738128436149
0.202778743411
0.025436433173
0.332671568252
0.593143579735
0.945873959453
0.99
0.0112455451533
0.94947760489
0.99
0.493958205465
0.948994096533
0.291724560636
0.216338211814
0.0811052817126
0.397696601768
0.449401795335
0.37895631956
0.261021699513
0.806963030773
0.99
0.930511866051
0.928633714804
0.0481289412076
0.316408074938
0.841321025243
0.17891462237
0.756307601673
0.880725974549
0.0260936749337
0.130089927014
0.25684661523
0.579580618617
0.621098352995
0.277984168269
0.863768571924
0.0495095357541
0.137855972753
0.204181359663
0.17707238138
0.918917374491
0.181026583075
0.73046591434
0.39984280927
0.777629289196
0.322129507832
0.0300910172019
0.748844228231
0.432885480539
0.0186606651256
0.320695449161
0.896572840348
0.545485565998
0.786774393982
0.872642775006
0.830252785981
0.884308205717
0.00497648511651
0.652014433837
0.0114286916575
0.771751776661
0.99
0.596637871371
0.739725003961
0.319092032584
0.00181748578642
0.943773032841
0.0541955566234
0.927499021557
0.118544570997
0.204337680341
0.933559270568
0.913439609047
0.692244791862
0.752014551061
0.841054268371
0.106236376442
0.895884020256
0.529405009136
0.99
0.163882974237
0.906282481596
0.0855734641447
0.250674075711
0.395739408708
0.826934934042
0.646147884195
0.787519816155
0.122314653053
0.87941338969
0.275155819953
0.0992676898121
0.512904822296
0.467007887322
0.908474519164
0.906514044042
0.0980709087604
0.88663161991
0.766150252826
0.14483770949
0.602305150191
0.839700026144
0.99
0.314005429301
0.581460418409
0.0529560088981
0.0283293064208
0.142234245669
0.160133397808
0.562279823761
0.200434101556
0.0279686340867
0.852470863687
0.823486855798
0.0130820375831
0.99
0.130960739494
0.99
0.54954577028
0.160346960494
0.675696449141
0.197197356723
0.802631110256
0.34206303967
0.70413352607
0.859205040475
0.694831752776
0.428471458006
0.00671981118861
0.413072464222
0.807307523918
0.81748455278
0.730783794081
0.287692973175
0.0501485861444
0.448429463509
0.99
0.749692546489
0.99
0.321146065548
0.887199079135
0.0567227595803
0.948222608131
0.827051305414
0.298681664325
0.99
0.854171321083
0.0399074273253
0.515315873572
0.722798107559
0.755293274037
0.361066437611
0.944215311291
0.85508953872
0.00392701911175
0.888858105756
0.707327906462
0.887396928388
0.358772003442
0.563705217115
0.926573362591
0.291018404103
0.0562244685247
0.0534054990802
0.0156937147356
0.0594353536893
0.99
0.99
0.939073928847
0.0164538203566
0.338171109905
0.865873550273
0.943353734489
0.165315539609
0.0594204718257
0.19242065634
0.818463956656
0.253718612234
0.352748812773
0.0192300999208
0.181707867922
0.802247740317
0.99
0.321956071219
0.860248745322
0.118272895669
0.803401048783
0.706948673795
0.00761773043938
0.011072493692
0.337971075793
0.801393371792
0.0545906079332
0.114631422386
0.0646396885614
0.99
0.00131986092677
0.582995998042
0.0442671509785
0.232940995092
0.302117834333
0.946627822482
0.466744342045
0.674957434161
0.599610490812
0.830881996844
0.055453237008
0.783040997982
0.0379400268367
0.261077027802
0.597600034634
0.0197985265029
0.700165795576
0.941966235353
0.61308786602
0.732022942359
0.396818761127
0.343467915983
0.815205308227
0.549704854881
0.508675064622
0.724854304139
0.0409406625178
0.204483822239
0.715326821263
0.662892747598
0.633517778279
0.50567823921
0.933247481716
0.707951058437
0.0536786136966
0.040158577962
0.99
0.00763600930885
0.906066988316
0.361456334116
0.296840701578
0.858927919014
0.838302258414
0.127769825358
0.0505612555523
0.668517775128
0.99
0.810710384893
0.99
0.143218757875
0.243325393003
0.822406173457
0.559531309392
0.399650295209
0.533360356943
0.112622811738
0.949769182277
0.99
0.99
0.788800815289
0.136090053907
0.99
0.201286806781
0.26180235378
0.545406370519
0.787645346543
0.270358291293
0.947692761127
0.99
0.170204096635
0.538167960614
0.109818610687
0.99
0.99
0.109255015585
0.111373281207
0.526959428617
0.915193711516
0.0798776740736
0.820522659624
0.0256623903875
0.100492206407
0.0233162413143
0.813761009296
0.711628429392
0.00810656247585
0.063428535692
0.455805951089
0.602477452753
0.706413049859
0.298727729467
0.811200777281
0.424854381066
0.851002011482
0.68289133607
0.638988739857
0.914855922519
0.220133584618
0.926190209769
0.0214866087104
0.796274775681
0.915918345268
0.688308288207
0.99
0.560572246139
0.99
0.412885861068
0.944197431386
0.411111384797
0.929545566856
0.43668082489
0.886311320256
0.159765215521
0.99
0.778620379865
0.79661441371
0.883444835096
0.915642201321
0.917723249976
0.748293819574
0.0117908070363
0.369188790661
0.948990304817
0.908880086848
0.282865312766
0.630817421035
0.99
0.48454745722
0.99
0.931194295567
0.424656179004
0.0141989401165
0.768806164989
0.372006212071
0.855247180668
0.185719499506
0.768734442546
0.623632355625
0.938301052652
0.80904076002
0.182921162114
0.99
0.907965408909
0.278295778949
0.547279822534
0.99
0.182461493221
0.312630271072
0.0823156356635
0.0727343551328
0.944473899357
0.0670086091017
0.99
0.1528875046
0.582076063176
0.106064198049
0.99
0.621856661144
0.99
0.118255234097
0.45986306371
0.130342545029
0.166563321036
0.174857044102
0.919341996796
0.831680726073
0.501943092105
0.920481242295
0.538084802467
0.819765173199
0.100174504252
0.0547525306989
0.0625592732646
0.0309733431904
0.789372315175
0.0641971326042
0.0283327023825
0.0320860581131
0.19053184649
0.99
0.281054711741
0.153186074972
0.0597985258693
0.948726181972
0.375928565755
0.625098702574
0.0720511109054
0.0688897839895
0.237454911551
0.669494461694
0.489493457124
0.99
0.621028439023
0.827400789273
0.201143811106
0.599052556338
0.75900145381
0.311222886038
0.99
0.0952189123364
0.00516287288359
0.745494066399
0.818751658567
0.558452754606
0.582094463113
0.927704598257
0.736959519824
0.138394415813
0.929430892225
0.151375572648
0.507466382728
0.0530930091699
0.0228386537493
0.509214305835
0.0127465486945
0.824273427376
0.921650126356
0.783552039267
0.0218386683526
0.92667377893
0.534618157648
0.645551015514
0.0114418939629
0.946096495847
0.747755925457
0.0482483491385
0.123646498765
0.378206565083
0.99
0.200362640704
0.0773107828542
0.99
0.020619537208
0.278407911137
0.330038275436
0.84084390004
0.838455093844
0.615583004631
0.884767982387
0.99
0.0754523902257
0.0178586785623
0.0426521530848
0.174534733724
0.494563629481
0.145956432885
0.173266010806
0.518520223097
0.21779917311
0.6411578258
0.379165677499
0.99
0.359531795308
0.122369328172
0.704314917905
0.494965163568
0.0512601843421
0.329636357013
0.0463189667897
0.258610161238
0.0215655418933
0.198643034756
0.815514476607
0.868595788029
0.375549716119
0.706857686255
0.245243587014
0.453401558034
0.921996302042
0.636677757536
0.553290523613
0.656251655557
0.99
0.0498960459763
0.722972327621
0.0157609764432
0.490690643001
0.858306033411
0.403925506377
0.99
0.661767686388
0.550775394791
0.00672498941831
0.00148240391578
0.260329638705
0.346473319036
0.864676074555
0.232540701456
0.99
0.00693421038891
0.746074379609
0.825210733751
0.783120623502
0.812996892424
0.303411153029
0.0732998142689
0.99
0.881864561764
0.99
0.29977915628
0.223260654965
0.216966010325
0.99
0.154513179369
0.887955671613
0.618167286802
0.18863014035
0.111147843613
0.715647701141
0.0724029148726
0.267146933916
0.837928126735
0.0294411894907
0.935800714323
0.0830595357168
0.99
0.874849642386
0.722299772967
0.0744600482665
0.433499940832
0.93751972986
0.341527319983
0.129261285282
0.525165118603
0.443170130641
0.36784544771
0.0576716324976
0.90515035911
0.759750054106
0.599274565293
0.806631088512
0.99
0.415364166463
0.668947816521
0.70962475607
0.634382822336
0.811135221803
0.53293780238
0.681552110498
0.487335413518
0.766390765043
0.99
0.564870230486
0.409683848503
0.806068704469
0.914608560957
0.264115209297
0.910310371466
0.0483397025823
0.668662982525
0.717468853425
0.788285414826
0.99
0.944021074815
0.99
0.889897183908
0.931590750457
0.882043222269
0.158465574419
0.693460132641
0.99
0.0220147927929
0.128206540038
0.0385924511633
0.267483561701
0.99
0.469920815536
0.738285821125
0.741068007238
0.932456758523
0.0656300135257
0.936792307357
0.99
0.870362295914
0.829106005658
0.184267927908
0.611610402489
0.0647840524677
0.00767224922337
0.110667744084
0.0447455200771
0.904301992265
0.812950816392
0.0167529292183
0.0500847398678
0.676140034974
0.299129259969
0.77351239527
0.865821180401
0.99
0.0286052003354
0.99
0.527662632768
0.0138642936844
0.859792306075
0.0305773894
0.912956343808
0.145556314329
0.752506137573
0.942171573607
0.724014770411
0.384362195813
0.0517674476341
0.0332434768052
0.507644574677
0.116556049916
0.911818763872
0.858383778762
0.475433481365
0.015572497544
0.0463323685197
0.494209070953
0.204424825977
0.573246758876
0.437985607769
0.157984587689
0.164437300179
0.02666853693
0.208145362809
0.99
0.519053533015
0.0347633557305
0.99
0.99
0.556546031526
0.0592204851278
0.99
0.775433738533
0.630677806887
0.560355760777
0.21993627939
0.244762093375
0.0547068517637
0.0214766701444
0.780058076148
0.0789096583542
0.509040205559
0.945170302099
0.230411845339
0.568892536307
0.658592364506
0.2769863705
0.196948440533
0.431435310199
0.571474092907
0.219803070098
0.479719785099
0.438301290469
0.553260291017
0.830961608473
0.78775810001
0.391046424781
0.646335587305
0.393649937804
0.574935481435
0.864403084651
0.339035295517
0.295505196081
0.944510021397
0.0129022657758
0.99
0.99
0.16609447563
0.99
0.925703449653
0.830264589966
0.062907742447
0.0542383034561
0.180355741304
0.306656096549
0.0121130160293
0.492828308365
0.22128982018
0.13840283109
0.754227170864
0.567214137432
0.686689149214
0.878424136324
0.770588183826
0.436487540912
0.56322191676
0.0235461606792
0.0680628308551
0.0400851117893
0.99
0.0397389555988
0.0595793764299
0.99
0.635980435516
0.99
0.628229193085
0.267647743999
0.307702111417
0.99
0.893746991934
0.646281357767
0.0133111617995
0.0171447363098
0.848623083105
0.899315536681
0.781504402726
0.766928914261
0.343050913612
0.712926932395
0.432119360344
0.324157370485
0.754213910073
0.220494628059
0.99
0.362431134177
0.853977888169
0.0182582302505
0.99
0.791323608676
0.383943407823
0.229144130009
0.421293864566
0.350863307897
0.682554880933
0.248890284586
0.224314454538
0.50283006501
0.554490706971
0.300494035071
0.034812918358
0.85286051979
0.99
0.99
0.99
0.99
0.610592489242
0.99
0.0663758275697
0.45623291207
0.0358017251293
0.780247653294
0.734524719571
0.545348696794
0.903946774233
0.99
0.99
0.99
0.99
0.99
0.99
0.586639982225
0.349229679887
0.888613097314
0.938699479032
0.0436069486323
0.0354394480352
0.0752127036287
0.339848391367
0.86622495475
0.01091546672
0.0159809400202
0.427879127669
0.946559331382
0.377613577829
0.768784682997
0.194764825568
0.36749488025
0.0725596734064
0.139289991058
0.533337942113
0.242283562149
0.753898643477
0.749726465658
0.460200184785
0.307521851859
0.150498053132
0.178713052368
0.272871741788
0.99
0.99
0.461819873428
0.99
0.482012224205
0.406243171802
0.99
0.660341183251
0.0739034656185
0.99
0.287981156667
0.21006388558
0.702163419882
0.412689073191
0.151680881143
0.0510164224071
0.311350804255
0.661688560866
0.889652794473
0.931407841636
0.661286500836
0.693093672573
0.249752338771
0.81816868316
0.238976173317
0.146887053643
0.814537874428
0.99
0.0111742379787
0.413163032305
0.508762634497
0.0909841477022
0.913420311336
0.740577728129
0.911813265839
0.47766157023
0.173650910493
0.0246646796579
0.0317134274994
0.468599078301
0.207529333733
0.526877652708
0.99
0.939073928847
0.16947045903
0.786286528657
0.885688994751
0.903321033041
0.0255747547078
0.916049098222
0.710499240442
0.15113814141
0.472574869574
0.503028688055
0.302127392426
0.675696449141
0.99
0.99
0.121569684628
0.228238851526
0.0271285021699
0.250790755505
0.0749482860351
0.928502685643
0.851664028812
0.99
0.69995055001
0.882376173055
0.99
0.949362416493
0.109179980462
0.0687181390705
0.807936263672
0.897529361495
0.507628259047
0.0175503649965
0.755101387759
0.726274143326
0.837766725631
0.336743176399
0.832999665727
0.728013106004
0.947889106408
0.0390471178405
0.632585702487
0.621060258939
0.99
0.472134930513
0.682229955884
0.99
0.402223714122
0.131562584952
0.289349064771
0.804211600748
0.515836218542
0.99
0.895379698028
0.0503763163392
0.117496940888
0.908227234196
0.199015602397
0.504090338015
0.99
0.637907119889
0.0515612180484
0.833321114009
0.733643475079
0.32335043659
0.99
0.99
0.204677482263
0.581747502321
0.0764882941332
0.99
0.547279822534
0.669131258997
0.41963645993
0.00830573958799
0.713206638796
0.084686558853
0.898292399235
0.456889498846
0.99
0.737915173754
0.253641912227
0.943791163547
0.83863712609
0.0556126663738
0.387449999968
0.939349056835
0.855487378183
0.00417279135896
0.696665589695
0.99
0.0210632193766
0.538522771337
0.129302833049
0.687900986991
0.908105242855
0.343899295449
0.33429449086
0.811047925495
0.052989071995
0.82113116307
0.719872432077
0.285119409007
0.322284080355
0.883893481968
0.0592059044616
0.99
0.253634994294
0.837165043041
0.241466884116
0.812889408622
0.0983210625565
0.884456621667
0.446505649201
0.014125151449
0.162408825841
0.99
0.870889608939
0.559085108755
0.380385699229
0.666893655634
0.456141447571
0.0297114170543
0.0279633417466
0.376420020835
0.907814934718
0.99
0.872486194399
0.16814933508
0.12848466983
0.11574546271
0.99
0.596358918903
0.159540138124
0.838816919321
0.644167392779
0.99
0.0503750997159
0.276421883739
0.610802897396
0.0351385747264
0.586450184217
0.1080012933
0.656864379709
0.17458229875
0.438538817458
0.631966409992
0.99
0.380559873977
0.929701279669
0.617500011698
0.0912076481157
0.404196449082
0.180046508889
0.684201569714
0.794927744356
0.702687583189
0.252374352059
0.818017099917
0.464727546963
0.0419151027409
0.820373357677
0.41524921536
0.794007149189
0.99
0.0100692658629
0.738137960302
0.921079773004
0.0823216285194
0.765310130122
0.789953982587
0.0691545709457
0.00259283316473
0.140267217425
0.22688565736
0.102050300319
0.806903007487
0.320332364071
0.0407555181443
0.105241560673
0.218689601716
0.99
0.130375085113
0.859444004928
0.431473469181
0.0448985490762
0.94217225687
0.496881563771
0.0347633557305
0.0556265713643
0.269741397471
0.99
0.711779613179
0.753185081598
0.279603414035
0.31770152732
0.262088914285
0.492055789368
0.0427012884486
0.931697371345
0.0202397902278
0.903455981781
0.625989123305
0.435620874731
0.0977729814167
0.0199582468085
0.017129633827
0.329319778362
0.189834652077
0.251084179959
0.829906058014
0.818436350807
0.746136108795
0.65949210579
0.615151608723
0.356575731498
0.195323662724
0.99
0.20822244992
0.99
0.99
0.317312154407
0.942283434979
0.498266668253
0.55378434099
0.0353791522575
0.0329242545485
0.922804895368
0.0222595177313
0.0343955752407
0.430697605534
0.660620371864
0.188751480543
0.323325496572
0.213468720469
0.543869254787
0.0768449488178
0.0978328856399
0.836539748722
0.486140492522
0.441639615882
0.101629587557
0.283877228349
0.504090338015
0.825225485826
0.878679568333
0.225058644294
0.251178710246
0.88838739514
0.0410132151799
0.448148180923
0.603286497512
0.99
0.937005346925
0.899609412786
0.402223714122
0.703490639932
0.922607741527
0.0739744242152
0.482198824609
0.246054855784
0.99
0.263988925763
0.0440735785719
0.519352535849
0.0255605309477
0.940137054066
0.823678849924
0.0212201705243
0.0685584226562
0.168537945908
0.32540070746
0.99
0.0906287178749
0.548290415034
0.99
0.99
0.99
0.19674458137
0.0143073192933
0.876955525499
0.264088388669
0.113148982609
0.935179124747
0.0496668539909
0.99
0.0411313672503
0.511808789676
0.280284977001
0.437562895971
0.0601836015245
0.99
0.99
0.686927076039
0.0990835768243
0.0395512110615
0.228703827117
0.0785667435999
0.99
0.219219687346
0.146281756509
0.0409707215683
0.874969851966
0.770375619169
0.37560268444
0.898262575424
0.893364276619
0.596797535792
0.151038432772
0.310756441299
0.856067118043
0.31278014325
0.949223868766
0.99
0.99
0.754430991553
0.140228785769
0.944745663955
0.0866502764171
0.301773327467
0.123825508289
0.697457910714
0.322003442506
0.255010050022
0.670329210411
0.040015543295
0.0359518659163
0.92114223625
0.850080885925
0.808663955809
0.795786787599
0.189674719733
0.712546402827
0.158746457
0.830960743651
0.74551168411
0.99
0.532719360359
0.403925506377
0.856201262433
0.0210008093168
0.25408433626
0.0550877916708
0.780504431405
0.321563976574
0.937214406044
0.0259359006399
0.825367685968
0.0198581642721
0.00692670879512
0.99
0.578998162043
0.171531660105
0.773848844472
0.186517702654
0.946036089391
0.134671404295
0.87941378114
0.936499402562
0.861167502805
0.841904913237
0.273258331985
0.136253085082
0.062865954619
0.415686990498
0.120313615853
0.0538562852899
0.633048324685
0.0386181299976
0.90933999235
0.00772598304515
0.337346090509
0.927093498816
0.693447041305
0.768417448027
0.0330693672109
0.648653118849
0.891601792956
0.697248136124
0.0402114851904
0.99
0.99
0.942178407632
0.793416798505
0.8920728799
0.537098896152
0.331265904353
0.120896297609
0.288638844449
0.471671944645
0.845970754684
0.168145814999
0.99
0.310373593802
0.909573059933
0.99
0.121775592468
0.99
0.04075122262
0.124864512234
0.81149727749
0.99
0.487495924602
0.869870760619
0.0867491303282
0.325509520418
0.0839518054735
0.113048100188
0.33109388623
0.565619091577
0.372423212774
0.907338270596
0.677960608053
0.0204426177578
0.105420042849
0.908942219037
0.0458820890238
0.99
0.522552256752
0.617230232157
0.0388674789042
0.753756255607
0.699130241356
0.531322117924
0.0758174723808
0.932880338264
0.858207472165
0.167808622033
0.356910163336
0.54717322287
0.907035018741
0.15690559033
0.35757064391
0.795581106569
0.126818382822
0.914639633497
0.515467929659
0.493238357154
0.0740602282199
0.510678857307
0.103195974223
0.0151138531259
0.424432355906
0.0368264749648
0.0573794668436
0.640809072331
0.250780953712
0.99
0.0768922578547
0.819975708986
0.0192300999208
0.594784244342
0.713718478949
0.123961349921
0.99
0.00767039080446
0.75634408379
0.401970624909
0.487335413518
0.216618182949
0.198693273418
0.831247583321
0.938993072838
0.231293365188
0.875345096706
0.0491511594187
0.507920597664
0.634613221899
0.581277160842
0.269221023614
0.921893325867
0.0286391454534
0.760544380016
0.499769953874
0.446747540152
0.131917695024
0.229461385866
0.99
0.687318570205
0.187798275579
0.733879529559
0.0671608264656
0.947630971583
0.99
0.483413480766
0.403266783563
0.16608505357
0.944786002261
0.47447162177
0.816805580876
0.414656113064
0.47434562357
0.17458229875
0.657261305433
0.947311513019
0.5109716856
0.857470359824
0.264436715996
0.497431904303
0.0692203759557
0.0896304415601
0.370987529196
0.335437063482
0.356598346968
0.896490742273
0.732402374249
0.905423094249
0.43434584136
0.527575686427
0.628138429029
0.128700426217
0.0218416945295
0.204483822239
0.401419615439
0.0308914030186
0.281962982617
0.760684140248
0.690280846822
0.133312327619
0.279411264772
0.0355065628005
0.46789821444
0.443594105502
0.99
0.247365534446
0.99
0.0582458864027
0.99
0.946043758543
0.498366848261
0.179007298349
0.830381208023
0.192879163318
0.86284461571
0.753185081598
0.869542357172
0.418364583304
0.873151272624
0.922894778029
0.262385811887
0.74999888813
0.906003833009
0.834160196231
0.21673465712
0.77007170665
0.455586337531
0.99
0.576339057577
0.99
0.234883207935
0.057190269561
0.525482012565
0.134237833462
0.99
0.370931450568
0.532959007047
0.381808784061
0.884480657277
0.948080230886
0.472301517723
0.938013428856
0.635629305702
0.0779660820725
0.621233746485
0.112888688881
0.0161518260432
0.935303789248
0.99
0.946005518382
0.0956692796574
0.574097463596
0.174199967813
0.346990019132
0.542223193793
0.864243068624
0.0701110328258
0.192215935832
0.0660646806803
0.0135211466053
0.918674342306
0.99
0.134353715646
0.0365694652176
0.173334375177
0.936747945143
0.313935325258
0.99
0.00787723129458
0.883482402655
0.915352779111
0.159539861035
0.0279060026965
0.904450566231
0.113591482735
0.650711152041
0.99
0.558669154978
0.808287924446
0.99
0.920904202875
0.890683875157
0.206574351383
0.22297793544
0.91866106619
0.615602414448
0.714547341789
0.410596799392
0.472083859676
0.689867056542
0.00259645991766
0.119126183924
0.0402434020497
0.99
0.927386218255
0.57115837253
0.0528397145358
0.187802288309
0.674181973583
0.109230000751
0.47825093524
0.0283327023825
0.892503413204
0.630197630085
0.0909036773577
0.72950376391
0.318684397957
0.99
0.25499041008
0.882447697814
0.75051644302
0.748844228231
0.287575084448
0.670029029505
0.829246099482
0.616959512348
0.0226723948083
0.99
0.859135808974
0.0649680119921
0.189850890465
0.221565841227
0.0572645583028
0.234742590173
0.822480999661
0.293332482096
0.520816402445
0.99
0.43261701286
0.563316336366
0.240819134598
0.772565543461
0.700321486825
0.0775354293941
0.245176768062
0.632064238928
0.0449406719815
0.653501115223
0.67481806789
0.73189718381
0.662101303316
0.483875457846
0.0885832183652
0.430931049529
0.233651158596
0.26782707779
0.624011686049
0.0798433259
0.495389881549
0.321863360894
0.99
0.0759517876207
0.429127085552
0.932565187513
0.411861467276
0.756464537916
0.152043655961
0.758252547821
0.897209506845
0.739559788687
0.99
0.0563099416194
0.694894409437
0.99
0.904749712265
0.99
0.600056948464
0.901582175448
0.565510831441
0.265355844242
0.31250649819
0.896679331518
0.239746455847
0.0218837011038
0.430362283286
0.390446680315
0.99
0.0138292704689
0.99
0.940561175578
0.239013839197
0.0528031716857
0.410596799392
0.371984109722
0.305350628781
0.0197845859018
0.486672652877
0.496038592595
0.891993484764
0.0224137210266
0.873983929742
0.420495951046
0.875775825527
0.0503633793676
0.873075307471
0.0680698146856
0.99
0.552046150777
0.500258575377
0.197617409088
0.554680796624
0.99
0.99
0.242864736953
0.0646195974628
0.371347048302
0.94409182575
0.484344828393
0.99
0.99
0.478795840386
0.888206762939
0.99
0.362508622975
0.273249198855
0.0242711110022
0.153628572174
0.623477231015
0.56091489159
0.720448889577
0.99
0.705030333995
0.99
0.506251974719
0.627725519656
0.99
0.99
0.531603051538
0.99
0.373407770479
0.313950303097
0.18709556578
0.99
0.357692875047
0.18709556578
0.0403208342758
0.454127409028
0.286873327115
0.127810893458
0.628978746566
0.364274710044
0.11897314809
0.847947730442
0.677521719955
0.730720127804
0.94844104132
0.99
0.170806511927
0.0190962026236
0.14943887773
0.907133079084
0.506195295255
0.0199738480009
0.262254184221
0.730164188904
0.0248550978339
0.0124661815828
0.101771096294
0.85523526398
0.99
0.99
0.19831777879
0.940674593642
0.211340406315
0.99
0.338018901455
0.824480074292
0.43867910118
0.590948183852
0.256137301729
0.91186382789
0.625800481415
0.593869762723
0.294822747543
0.916541937934
0.760256822796
0.682229955884
0.101683579589
0.930144318881
0.937812797978
0.111955811385
0.158451990044
0.99
0.68290685223
0.510197773796
0.82930315155
0.0110536045536
0.74527211181
0.514151219746
0.186160696887
0.756048652856
0.692542980542
0.99
0.591354981352
0.911986349485
0.94125636426
0.484125691593
0.647902325291
0.99
0.10162636864
0.925480870911
0.420767955144
0.763423176185
0.218821043033
0.693206226866
0.74954902142
0.0527464409197
0.44284942378
0.154005956935
0.441485571515
0.534202802868
0.11650123302
0.502247185657
0.459513490087
0.00882170198651
0.99
0.233950513497
0.137244262156
0.599087007297
0.195409647248
0.90348122865
0.99
0.784434670483
0.99
0.326692394424
0.00803333083833
0.124295272667
0.0504240429218
0.938953526415
0.55700296354
0.794608717504
0.678779095685
0.0419202312418
0.99
0.900860877574
0.634020116775
0.898316961679
0.0324846818704
0.874441939284
0.302839012518
0.861167502805
0.531595553293
0.591637351065
0.99
0.152590753772
0.170001363606
0.467651707517
0.929334432649
0.481804600424
0.397976211139
0.26624375001
0.99
0.81492349976
0.99
0.029021420762
0.815944877738
0.0317595662275
0.246740214457
0.129054674474
0.632951307434
0.396375649513
0.0604430215006
0.313345196144
0.548168495849
0.10379054491
0.0111346998558
0.99
0.653617834999
0.712235567782
0.00376930050615
0.897575075354
0.73970021191
0.99
0.941124749854
0.789919227889
0.446645314752
0.99
0.124270633452
0.587493252076
0.0554962246535
0.696068605771
0.0278268387725
0.99
0.14807313891
0.37624029558
0.921604300864
0.0941911458218
0.0488079141553
0.876655264077
0.99
0.463761354143
0.865449206668
0.947406423118
0.75682923961
0.168936437801
0.554586434336
0.471048219131
0.877891055808
0.458001687969
0.638767007527
0.558692155753
0.294004338072
0.744847533316
0.54930515694
0.818999227715
0.4115350295
0.0416973980767
0.908517250152
0.435891258945
0.801991504924
0.923026898638
0.298195531149
0.565250044747
0.759850818873
0.876481896249
0.0576219168215
0.99
0.930939207932
0.942178407632
0.9133376928
0.99
0.413072464222
0.145276063192
0.0805222031263
0.0630009169887
0.99
0.483216156486
0.470746165638
0.326916135896
0.075894489622
0.102437048999
0.130678963078
0.059005924594
0.124009006002
0.99
0.0115930416847
0.30052415126
0.420794431242
0.590679890129
0.106243959054
0.774655633942
0.0975941081909
0.228531600894
0.0969609125538
0.99
0.0116205011043
0.0354313799864
0.383643335657
0.48777751868
0.205896185995
0.0168952428383
0.705704602707
0.232817551613
0.610657811126
0.740913100472
0.923479793186
0.0031089781954
0.592520663279
0.444971394983
0.8348818624
0.0507680217577
0.721975288083
0.178489642669
0.412904188507
0.99
0.0380964344646
0.361670800988
0.597584633509
0.0762235400982
0.246909512872
0.151299850266
0.869475553878
0.516150843328
0.335103174019
0.416952934843
0.190747355737
0.943198219
0.810302264776
0.0404974866472
0.545659910227
0.816710596636
0.845177583006
0.139108011873
0.0528429098807
0.669202898127
0.881550496931
0.0169391611781
0.201385974574
0.948789319358
0.497933844009
0.34656714259
0.0742341672926
0.895555119639
0.949733973014
0.676913060556
0.857003829393
0.0861284666736
0.275104162838
0.205912920413
0.584354876356
0.160200464343
0.4119732672
0.99
0.512394367119
0.281650433229
0.492597905315
0.546050565493
0.750832196896
0.824657731988
0.0305325457114
0.397582954742
0.99
0.178792768701
0.489100139844
0.197712232744
0.674352898345
0.750813155117
0.296342435098
0.581018662802
0.772990674319
0.397307923542
0.0187340425655
0.285918518808
0.566408850893
0.99
0.939512829863
0.0225347875418
0.924751131804
0.248477938235
0.810532652853
0.420877714055
0.723736513553
0.751925292517
0.99
0.712134006289
0.792611787791
0.99
0.752370056463
0.170098390526
0.502187274332
0.156851446098
0.847507328986
0.223878473292
0.0169642680383
0.0722971889217
0.787262805051
0.112950517057
0.883602836722
0.636517575133
0.99
0.398188139065
0.99
0.0104912202318
0.239853659972
0.783040997982
0.45642902261
0.304661605411
0.18077394423
0.503140729943
0.57474573076
0.840966729442
0.782308855806
0.0970115587236
0.0421539563606
0.0704515141753
0.772916749255
0.103678771496
0.0906142108148
0.106579059265
0.131342370841
0.106556889126
0.489706342839
0.0146436096109
0.0128104825789
0.99
0.935770149375
0.314736323933
0.476216851155
0.948931718033
0.137678588968
0.0525596027898
0.0126105739202
0.293689190805
0.0189304394624
0.363482325858
0.711668017514
0.941308888678
0.508836170359
0.762265188963
0.698777505261
0.75922004504
0.161698362934
0.761889031541
0.899677979701
0.83504724966
0.743535178167
0.517414142045
0.0922562378714
0.0746508125842
0.28817740659
0.0611901461096
0.99
0.946637302686
0.740364655192
0.065719525787
0.495576525385
0.420407843743
0.125211156249
0.600338448855
0.597584633509
0.710927834391
0.220411708134
0.99
0.511914404241
0.183711743975
0.0381408675463
0.209454897582
0.447480575051
0.737214628936
0.946627822482
0.818890156982
0.693827560958
0.00957658036634
0.937916372363
0.21873373349
0.134254921443
0.0213568420588
0.105198073869
0.62108509312
0.431857739455
0.198278279572
0.0483397025823
0.061411903399
0.0310314557893
0.99
0.278747033881
0.0316570742027
0.506931603196
0.00576825897967
0.99
0.0450574905177
0.673497778441
0.908178907876
0.136326661416
0.700175983984
0.949305511502
0.99
0.493129505315
0.799662636248
0.668182955738
0.700128331372
0.267187170163
0.290972983011
0.140229885418
0.0671588895126
0.490649234241
0.237998144774
0.535287820265
0.99
0.448985867725
0.824456474507
0.99
0.163430552267
0.161639516661
0.909585250991
0.00605083008362
0.772266676733
0.357530017869
0.451849429918
0.99
0.919190552324
0.946077259401
0.677225603097
0.500944474221
0.927425767683
0.726615645388
0.478003697938
0.326440101543
0.640308597638
0.781138124719
0.656460678383
0.362431134177
0.257940822541
0.99
0.015675585475
0.883427251226
0.687198366685
0.99
0.583403558814
0.436236488973
0.00442905985073
0.99
0.819098191899
0.688769520778
0.140169922145
0.0131920926824
0.57543992747
0.0140789931584
0.710675292353
0.020619537208
0.856048792839
0.144006573056
0.629667465572
0.173533043483
0.436450342097
0.820847176193
0.0139741068986
0.287575084448
0.0764882941332
0.517799792475
0.526597544359
0.99
0.702330961632
0.99
0.847622886832
0.352597957339
0.0914069928434
0.0334261956287
0.5548868663
0.584149805265
0.0661132884925
0.717426967033
0.193930938487
0.820507176526
0.697648920294
0.430038315778
0.565032416436
0.581876044917
0.99
0.99
0.0892000106483
0.310033641828
0.69620380679
0.389362707128
0.913136432456
0.237250640442
0.804606093156
0.782522653988
0.344087888753
0.568083015248
0.847168996779
0.561900287509
0.408610350492
0.127913076545
0.854716945504
0.427134446642
0.323683749511
0.653458114784
0.890877466419
0.353201788262
0.174574585194
0.636181890027
0.206386228738
0.99
0.395258694749
0.80728447026
0.334648411829
0.753629913224
0.743652903471
0.0866174436332
0.206553488122
0.00560113164122
0.99
0.720448889577
0.850194621833
0.790017045874
0.581742434273
0.141375550608
0.777205616381
0.186506947257
0.204446778728
0.99
0.918663585904
0.834350587677
0.821964350665
0.944473899357
0.754568326532
0.786067698783
0.726060646261
0.0884773643052
0.818419255598
0.864751019986
0.199935313119
0.389012223026
0.828173678513
0.920732177332
0.358354313972
0.888024489213
0.156542574681
0.432701402171
0.670794045589
0.99
0.618215607826
0.346295191226
0.745553421169
0.0357374285591
0.205582015915
0.461777494262
0.0807479374965
0.494473655964
0.81149727749
0.534175225208
0.927930201338
0.765508090146
0.211496350138
0.497162852287
0.150774165391
0.483827735316
0.748482699621
0.500258575377
0.566587644826
0.759899038361
0.459513490087
0.118050454275
0.26575643668
0.915590166342
0.757465900483
0.0321772214118
0.364256017887
0.99
0.859596389111
0.336932018743
0.99
0.860898377752
0.99
0.450656667503
0.853015189632
0.906838523315
0.543718476776
0.0618256814198
0.99
0.768381488693
0.252878294295
0.925805194339
0.732720618551
0.902725049555
0.99
0.321146065548
0.863236143886
0.26068779096
0.897777971019
0.897982784401
0.0564559462275
0.99
0.161664234364
0.176609491324
0.718944887033
0.99
0.99
0.67611959381
0.929265322018
0.0239575427378
0.99
0.406359970686
0.0552107196686
0.732735987507
0.931083694716
0.094845582856
0.262471563134
0.506491137705
0.910307120596
0.0339712392052
0.99
0.0352643870055
0.640386055679
0.894312688637
0.99
0.648750158063
0.99
0.016225281215
0.321716257569
0.314429106309
0.0375605039833
0.069055752242
0.452077551557
0.13044988987
0.129584270903
0.89552128864
0.63923449488
0.439109252052
0.556365844605
0.675110675237
0.936141084762
0.64486040775
0.99
0.409870550361
0.757466928755
0.93748006086
0.436096942445
0.72252995133
0.188070842585
0.753804726854
0.57442301011
0.502060039451
0.943323249801
0.648168126897
0.233619950793
0.895982649138
0.257231408266
0.787299120262
0.829540954345
0.00587061582129
0.926864216644
0.643829848029
0.0450574905177
0.749713318056
0.00697787552868
0.0614683103009
0.945873959453
0.99
0.282704973974
0.00586075551949
0.0277768829354
0.123023130643
0.796491731228
0.503028688055
0.53360499094
0.715365021765
0.434412247171
0.754161909399
0.99
0.574040535049
0.333496498585
0.0117280543466
0.839225427369
0.847476553509
0.0125373494398
0.0580143379478
0.791176098398
0.99
0.193650715896
0.0213880087098
0.155929344805
0.507097289385
0.0132606389547
0.0887132537345
0.99
0.740438738672
0.0073114704814
0.80792859509
0.39524852947
0.160773726735
0.481732815101
0.0531900699335
0.589000175376
0.0413336176365
0.121506524116
0.895982649138
0.0364968569973
0.12975456183
0.0890966761852
0.894157675165
0.503118112449
0.78865727229
0.100039641992
0.00761349386121
0.99
0.00777081188203
0.830591019907
0.490039739408
0.673320043083
0.830960743651
0.758639219445
0.713116558909
0.835541200704
0.903254120623
0.99
0.99
0.311248341408
0.883128077217
0.99
0.928460558845
0.178123392888
0.616806218606
0.99
0.752194618445
0.908103272936
0.246744121395
0.838606973158
0.110552525143
0.834362166333
0.0185708081192
0.99
0.0219908080541
0.088064201891
0.789864220567
0.339848391367
0.915010545672
0.0537454603637
0.0191133591851
0.99
0.184779838302
0.464858803101
0.375358248317
0.756366881515
0.172902390633
0.622383731718
0.11046476919
0.0440072266776
0.88465154565
0.793371652845
0.0981662280189
0.00348827907708
0.99
0.99
0.749713318056
0.455247458832
0.059477073483
0.317759765744
0.0260338464778
0.598059403636
0.818937616494
0.154704905797
0.643408288023
0.609007225075
0.295056890444
0.699585211288
0.694816479243
0.99
0.456889498846
0.564782528854
0.929920292898
0.703483772181
0.0299946406749
0.931637498891
0.04968862376
0.498266668253
0.768253028263
0.0925429380436
0.845921237522
0.0262017898922
0.882158891869
0.0586317516286
0.851169604768
0.940693604956
0.0802123700442
0.869567795539
0.0778067748306
0.920265577541
0.561909338532
0.46738024991
0.606751295745
0.211734120685
0.0144104850292
0.0233668526803
0.837316589464
0.0130318391221
0.895389510503
0.415852431165
0.00817536164416
0.119120987541
0.888858105756
0.209143862696
0.425655564869
0.22332043309
0.478376264221
0.651466733645
0.510069652759
0.348362557272