0.298401732335
0.746096970216
0.0449005240239
0.177431336727
0.582499475263
0.163914886298
0.5768796574
0.986416072619
0.0274621266866
0.922236065719
0.275082534743
0.922235837637
0.577526711289
0.450293073644
0.956038078631
0.78165348432
0.981196090544
0.379791056153
0.927798354044
0.492842722956
0.716957344542
0.0339890481194
0.803858933495
0.716569655188
0.0877770041478
0.0202564109542
0.12633451368
0.300320632929
0.0554809591388
0.648534394624
0.182375728102
0.966585979949
0.778623344585
0.722298039594
0.746493425374
0.478572503571
0.479261757848
0.271262631427
0.720931292589
0.643289707814
0.76154913435
0.118861436119
0.178026354457
0.993800049347
0.0721677865201
0.526854961381
0.624055468437
0.02846300341
0.117304795747
0.483795100527
0.126744495665
0.119062617176
0.0654280742756
0.425267429575
0.97876198515
0.180551032957
0.151264635064
0.583952529315
0.0591992125181
0.992372821563
0.118254248354
0.511815329589
0.118988909175
0.58427364417
0.676435737132
0.0794518926174
0.475001944021
0.310610890175
0.312744803449
0.52081381572
0.872361947851
0.331611823911
0.236848245518
0.690834376206
0.720742377886
0.868321421142
0.369208939064
0.555752376379
0.292269171915
0.0019640448763
0.26009454942
0.01586194604
0.158522235751
0.647961067419
0.586501281337
0.265763768731
0.5730634906
0.228411906103
0.883442339234
0.692468684628
0.230814723531
0.0811869025996
0.94881553925
0.877094763568
0.204392207146
0.164896796311
0.951495833075
0.502052066199
0.72047680205
0.580762830327
0.430901991649
0.943621374111
0.908941980986
0.474019267587
0.374821486414
0.450521044659
0.163919937355
0.666568711513
0.21638187256
0.843060406306
0.363333820537
0.237824664833
0.938393804001
0.407198685854
0.983535798556
0.542755610458
0.768435276312
0.974259684493
0.911608322092
0.922105204244
0.927623025564
0.923034826135
0.010454598983
0.710469588682
0.72902888703
0.965637035503
0.66459100007
0.0251722001331
0.685636770197
0.895755502428
0.585542124992
0.177738238353
0.0670482981199
0.876878699401
0.0669233483746
0.640428671416
0.959689654161
0.323178278755
0.806675313712
0.172287081014
0.964946907421
0.940880325782
0.668173527144
0.958305448529
0.358272522787
0.00279114594357
0.178248975043
0.00809090676256
0.241996167237
0.900290442017
0.201232883446
0.107804516628
0.960456984033
0.971634790762
0.399224643005
0.0751024136353
0.77035516501
0.982609150402
0.593091651494
0.363734516015
0.770030473619
0.332812734147
0.796198695406
0.502105146252
0.753487794762
0.454808033496
0.950799283211
0.959043749219
0.224900375241
0.0767600157419
0.513585101568
0.463459678176
0.107538764725
0.802803772664
0.239249019345
0.0408947086719
0.517540443213
0.995500940099
0.512782913614
0.963340378873
0.586142728139
0.334743744797
0.888467645705
0.486472613426
0.332718770014
0.806087480288
0.46901981359
0.117522187628
0.445528854645
0.898530537867
0.829391893034
0.816375631768
0.00938808020527
0.779836843308
0.854241271285
0.92846557506
0.237815389346
0.917515247717
0.9265118219
0.795565273742
0.713715480205
0.96095889434
0.26081869014
0.321762878445
0.966158790852
0.0944330749023
0.126241016178
0.906699713154
0.00100897814831
0.0367315414635
0.988657190817
0.729101544393
0.774193910069
0.79817478984
0.953072784622
0.292269171915
0.730827060236
0.968929040784
0.866992924556
0.0143917565953
0.649710877522
0.882744015216
0.576335300265
0.0544346013687
0.272747574456
0.548229069543
0.977606584159
0.00420077830867
0.879641242198
0.365846869138
0.00463738065358
0.0825701840375
0.0434031603209
0.907441966928
0.796081704977
0.657378874019
0.0322122648062
0.658046329402
0.307958516795
0.765662535147
0.971250072175
0.459456188641
0.411639104052
0.892571893228
0.00443683902224
0.755497057453
0.00410519172239
0.97735031706
0.959067890975
0.352894075069
0.986271994322
0.982764160002
0.57968175729
0.542531930793
0.0243300454617
0.0410499190601
0.204235501277
0.139684574386
0.409021013954
0.871595858532
0.0740654748194
0.982870515014
0.723865818589
0.940439454131
0.884494838718
0.512573279648
0.773467366176
0.375802218621
0.60826928733
0.829074422901
0.682112169286
0.964115888348
0.569060555771
0.0562967555947
0.91913830019
0.302174347705
0.979692959057
0.966799138133
0.697531068592
0.328845336229
0.154039691203
0.673859671013
0.865359599767
0.860383813573
0.598056663215
0.610106022294
0.676870084341
0.969969983331
0.650935486488
0.0899108966156
0.934556752417
0.886532309527
0.857927806714
0.029473442175
0.888104300673
0.359087395806
0.871873275082
0.940625748321
0.962825014449
0.918283158772
0.00559007445503
0.586501281337
0.691133171418
0.266518662769
0.956823531304
0.151277893676
0.00353913437252
0.604167570032
0.736971044677
0.0734398481231
0.336530645524
0.108881450347
0.328125044036
0.525227218572
0.724088955689
0.824282330049
0.974112645052
0.175116576315
0.319065852387
0.634928723717
0.32732730873
0.745362863136
0.00780510389746
0.906236181109
0.973866466826
0.0322996868518
0.239225276755
0.578911162737
0.970974237995
0.475001944021
0.203383681658
0.0721677865201
0.898280594281
0.0193520463917
0.800156551332
0.91167300417
0.642096843935
0.731998229056
0.741039014039
0.824863322354
0.983969344883
0.876099687383
0.843601291497
0.0149950497973
0.537643231651
0.1077828736
0.921191367247
0.426179872296
0.382150771085
0.0443297261499
0.85984701923
0.465309727537
0.568269530458
0.00738906300525
0.447327421418
0.911150902747
0.898918517142
0.616753985904
0.0510216744822
0.972996003703
0.576587567154
0.919978048752
0.639030946532
0.0753143138477
0.861329848591
0.0630168092876
0.0617152402489
0.490693850586
0.904054455647
0.933973494126
0.21959069329
0.165447527544
0.476034159644
0.379832118773
0.725614889871
0.892036994823
0.784090761328
0.521011948789
0.099066895656
0.579971486813
0.0255229077915
0.639254060573
0.970566327576
0.375695848497
0.072561493323
0.498818677115
0.314782321974
0.395388991319
0.563176093733
0.938147747778
0.826567711913
0.146707395417
0.0440913242334
0.0867470332539
0.261496143212
0.470457602577
0.507376797475
0.438432686289
0.599400877361
0.00494700453475
0.811919372541
0.550412444916
0.0738300001331
0.113988909175
0.605924412902
0.971599449019
0.626498985456
0.964686512583
0.604896133988
0.0233068283128
0.0223654622144
0.629458286615
0.691397062122
0.691095280499
0.527530949212
0.01968137842
0.445464320324
0.017854158912
0.933679414815
0.940696743223
0.112217683481
0.255565436772
0.878380254112
0.156065375504
0.00203805645155
0.19919247788
0.25521694481
0.520303098848
0.89219530519
0.680917905142
0.0363422940655
0.150804011506
0.823776950463
0.120598163233
0.468006849403
0.90387479181
0.714947910341
0.586502768132
0.188207754963
0.847979100002
0.447959613167
0.587405844469
0.156576064742
0.52476117038
0.591908981517
0.94180799736
0.0907909790428
0.512059627759
0.379014335631
0.461620503962
0.476505557586
0.730129000614
0.819819966471
0.81271037285
0.84948612757
0.0939635110047
0.135123496553
0.134228331919
0.0388892714819
0.205158310333
0.620630205881
0.909410572971
0.154706956384
0.204936217031
0.00732111772519
0.0330333195115
0.186618035872
0.564067770207
0.897340832238
0.954187326105
0.84681855613
0.942089645234
0.884358705116
0.11477461929
0.311099144088
0.0105494479709
0.74562495977
0.901662192798
0.75458162554
0.871873275082
0.747246133879
0.994015012068
0.0502875654134
0.869144578498
0.523781384499
0.0421280102203
0.0649223049264
0.282595468505
0.942240563879
0.605003962036
0.0844899257144
0.0236601054751
0.96873917929
0.370181759467
0.92747976355
0.863135193681
0.674237436881
0.713043029323
0.776460847659
0.749095311416
0.516586958205
0.182280396763
0.372914283553
0.899700155402
0.990243403482
0.708984828491
0.282782862671
0.951568563834
0.0193346491716
0.0177401798215
0.392738892916
0.0913029008443
0.0532570975337
0.287179768528
0.0303241337507
0.0209730563492
0.00869782305763
0.901497287162
0.97875958062
0.364878876896
0.73619270204
0.405556794708
0.846100823126
0.831784538804
0.563013955667
0.625588167755
0.581883489828
0.681046072873
0.865230673835
0.107618537032
0.903676604175
0.799415911525
0.617812605717
0.79344483752
0.0122229494187
0.973766852443
0.531788208468
0.344550118125
0.21982548232
0.0330869203855
0.0914590806374
0.811505170019
0.46582004227
0.918012915411
0.838439408407
0.0976374291923
0.574865487955
0.131273184047
0.935010439446
0.00156483150696
0.256658520983
0.0194866483025
0.45204692998
0.660707932184
0.973196646351
0.00443683902224
0.917643937686
0.942852273565
0.958899028116
0.305303738977
0.933195702919
0.184042610334
0.783875331387
0.584863616695
0.857927806714
0.11463720902
0.938323545874
0.399818927493
0.0115408411275
0.580028998869
0.94377058435
0.394199858125
0.955548085531
0.0634869564899
0.992991685033
0.0307923799051
0.00282631350093
0.62385703505
0.00131500573043
0.91957784665
0.982223544085
0.841576472019
0.219923252812
0.229970984742
0.30400657375
0.876395041768
0.435720170554
0.0414245235976
0.0624825626813
0.222368538079
0.490096374412
0.573303439838
0.253315470605
0.554981794669
0.893475406828
0.351699579978
0.497831893906
0.944787381161
0.0397125670229
0.580498451563
0.758500691608
0.775475988254
0.318153335704
0.823549982615
0.00699956575982
0.320129896116
0.41449699935
0.178818284972
0.0966172532081
0.845363711172
0.795331345769
0.0179742961173
0.322755143798
0.262619268616
0.516924464849
0.64795053219
0.0324070312019
0.0105976707255
0.424204609276
0.938353299363
0.906699713154
0.0465840250363
0.753681691526
0.807451346556
0.00431993008311
0.480315615659
0.994628215288
0.272782808518
0.221889185344
0.946674502193
0.648918034385
0.968048798638
0.08278616729
0.148677885757
0.756281199817
0.740426774005
0.0718641488531
0.633730543422
0.99640671927
0.0159459046596
0.810908496612
0.732273023491
0.103162995306
0.303701324519
0.967518846209
0.835456204892
0.583689464763
0.358520406351
0.939373643197
0.734020133793
0.890517138979
0.416540782922
0.472956996927
0.367114164557
0.0276804245358
0.889663357057
0.506646847467
0.253820384307
0.000771904518897
0.836901034618
0.229546684638
0.43873640385
0.933463778421
0.516777840577
0.425103079418
0.010285566973
0.178769429391
0.461861283208
0.627748150168
0.994131221649
0.83621718398
0.00319105325166
0.217850675949
0.493947943633
0.520831163299
0.0193150645047
0.549285001151
0.00672665591315
0.373040963506
0.976566011854
0.707288998607
0.327030969217
0.667306646699
0.621677661261
0.897765504118
0.052700202806
0.510532330236
0.131977400863
0.503855019111
0.46004347248
0.982095311955
0.0137793507444
0.805474149397
0.607410509674
0.585118199384
0.714229044351
0.918049667943
0.869491270579
0.101811408898
0.930007566184
0.454741380068
0.117533173272
0.416289291562
0.408523305356
0.697094649831
0.172306168699
0.0554612885068
0.217979836191
0.946428301747
0.860326351186
0.350902810017
0.0247283320637
0.315713050101
0.5839817313
0.0574848104717
0.432409790368
0.983121716755
0.943003921806
0.0392420087877
0.534031406042
0.766676378605
0.221577076543
0.297954070266
0.0267904426727
0.50914499857
0.978405463738
0.0732277186767
0.259081010382
0.43416096781
0.346542638766
0.568273530536
0.383982722353
0.858502396032
0.963652767567
0.569441373554
0.761658688983
0.454398247567
0.0655572913877
0.055378064242
0.0725278253003
0.797928083362
0.849883999779
0.115876529071
0.992949543476
0.70183139189
0.973977268717
0.349306668053
0.088279731917
0.850534059444
0.544874891151
0.323583628523
0.542967468005
0.0109704479126
0.577901143597
0.241494467527
0.872646327846
0.415838695338
0.317330625648
0.655849990457
0.929947385958
0.699366558451
0.670125738146
0.472802448073
0.166718393338
0.0793228585207
0.426177169889
0.274555507345
0.176595969549
0.952675551088
0.952786985425
0.439303693938
0.121749369431
0.109512334093
0.404460723687
0.0994663982668
0.629321075839
0.248848941192
0.976169499723
0.0259539856234
0.0536681970389
0.970016226986
0.987925428888
0.54654028849
0.398780618007
0.673259053609
0.832269263204
0.488171131376
0.118671167872
0.336254360153
0.878731356619
0.817320218092
0.7139044809
0.118186025478
0.266330433798
0.851707446133
0.989240908197
0.124283154882
0.0365641463435
0.073108126969
0.0587739348494
0.961708410579
0.594749937793
0.0291419637414
0.771967500827
0.467145687939
0.354269412496
0.312252057252
0.907203711315
0.494050836805
0.454440000012
0.427481344381
0.855916242786
0.474518249472
0.910029232118
0.963050856991
0.286605807898
0.904498426583
0.975006346142
0.0715657630588
0.23841638948
0.279589089484
0.338448306268
0.965598328957
0.033563166594
0.318940458332
0.00646455782736
0.5442610487
0.854655080473
0.253820384307
0.856960994338
0.0828045866537
0.915142012686
0.943355005407
0.986031906382
0.335622508841
0.636675805394
0.966493330796
0.797321711546
0.0134593638618
0.320911412045
0.413424144766
0.193944772675
0.0360174603378
0.181726919799
0.976298500509
0.959549033803
0.550787555699
0.00454364855741
0.619878679402
0.551693298731
0.601470593227
0.954534387199
0.894231349041
0.95790074438
0.41648415799
0.6731264261
0.822422679874
0.936961249533
0.764643603693
0.677458300947
0.85477795487
0.413570771423
0.340792999816
0.0262712725785
0.573896854157
0.010304313584
0.675863190835
0.946031925012
0.918076545531
0.378168247611
0.891946491149
0.0111357815164
0.63357709565
0.934006566606
0.0311065920309
0.975976256434
0.969805684454
0.111765972237
0.979023054046
0.690895481863
0.80906630141
0.858583109347
0.970333995262
0.187643184681
0.993387602117
0.123771196509
0.251442131455
0.258921847215
0.922765559593
0.141934841078
0.781590622482
0.38692711646
0.872555031197
0.0318811308329
0.865327083934
0.283335111801
0.179858505101
0.012035116158
0.0705384993074
0.0346907161924
0.391160240957
0.755687794067
0.922832007367
0.738781588582
0.340554519858
0.658588238577
0.579129136708
0.252396847165
0.518159630033
0.98939122227
0.758769536937
0.715398178857
0.690043453854
0.0289349885748
0.127589548623
0.295281712375
0.292118059913
0.350769009276
0.667725189683
0.755633514659
0.932698000986
0.0429445655281
0.124500696976
0.0968810094865
0.0490184952904
0.272550416087
0.562602064631
0.856767666044
0.0148948627808
0.637653932718
0.21311702944
0.132928534862
0.406469525641
0.530825809634
0.733738669561
0.20451772613
0.458070035547
0.0510216744822
0.959661035871
0.0562278062963
0.00832300586199
0.956439229104
0.218493761002
0.0050747006818
0.423571509778
0.424642266788
0.332645539023
0.158029923585
0.0424743712471
0.399163562676
0.166699967388
0.764403772866
0.32016171157
0.579129136708
0.0505674034535
0.920979710718
0.748295193257
0.0368987362236
0.874420319984
0.288837563753
0.985018992548
0.570809440451
0.968677073117
0.0878969750437
0.827737269399
0.830643078825
0.923847708467
0.515742474883
0.307675757463
0.898900247964
0.524274469396
0.770432195157
0.733843007387
0.87629889938
0.396871217037
0.104244892945
0.35997723915
0.159425212772
0.904299286393
0.832818627797
0.659820981366
0.363033209691
0.101778019185
0.500204168731
0.987242971126
0.0146185581809
0.695916627619
0.251442131455
0.920283521227
0.542658173081
0.654822309014
0.692791708634
0.863811020721
0.0382297853223
0.270203279369
0.769463250426
0.856577966623
0.676848598933
0.822551207962
0.454982296272
0.969262294551
0.00803210383606
0.969202883408
0.459573038759
0.941371038092
0.707812763889
0.44274327959
0.852713937889
0.951916532915
0.937599369327
0.976587821013
0.586475803285
0.241689516163
0.353813313484
0.176281234839
0.967628298251
0.0368718170922
0.48060407715
0.824058723595
0.296873510974
0.515568235359
0.183001675713
0.586921553099
0.141030538489
0.84756654044
0.26925860169
0.0344725857654
0.0191804713127
0.0491684309124
0.682112169286
0.160216689138
0.597105948592
0.964490657922
0.76940735473
0.984813335745
0.18217617588
0.791209756676
0.676466969453
0.578954244995
0.502614494787
0.222371035977
0.908410467009
0.74382184601
0.275150920601
0.533220153272
0.656313077521
0.234562083646
0.117545074497
0.806856133405
0.836377848572
0.971734257963
0.485570427672
0.256674936102
0.436594919035
0.0808219771581
0.490215935469
0.274227098915
0.952759250369
0.00126914950008
0.957881766243
0.857835759406
0.140276940993
0.857828509071
0.895496428709
0.329982034002
0.791718228953
0.706663693117
0.490822197048
0.598763981235
0.656350815621
0.952824190804
0.921848537519
0.168632105026
0.150268348078
0.430014568717
0.658703558934
0.789290810202
0.508041941339
0.0868482852477
0.0101088216293
0.963228869797
0.078972034537
0.251584483738
0.00294993730001
0.136716731325
0.555348824895
0.0140995868207
0.476078592512
0.0359000143956
0.964009847914
0.519557216202
0.784597361687
0.662573490912
0.758689311992
0.0360174603378
0.972868415229
0.572512728766
0.973363249874
0.968149936574
0.994999456997
0.879623084011
0.397104828253
0.726955599625
0.993094811733
0.742586167863
0.107848906142
0.874837015729
0.0263204756699
0.0837418218537
0.344986371115
0.114603305823
0.722570032603
0.033663609298
0.407378898071
0.271434285681
0.638090772139
0.00920016544809
0.370181759467
0.141536242896
0.278224025875
0.92777621241
0.558105401319
0.0145540178858
0.651437624846
0.492249958282
0.41168806649
0.628907258622
0.48067398828
0.0174694993745
0.347065287725
0.183001675713
0.822422679874
0.103418984303
0.961777099185
0.478428905868
0.0389945275886
0.256529169604
0.63181383467
0.881070659596
0.204392207146
0.681111789126
0.478898461738
0.159673660162
0.0560906525939
0.994753386402
0.814060672026
0.944364787439
0.380861583852
0.57795158143
0.465749006033
0.159229488629
0.311029495371
0.805685872515
0.434137809049
0.692846409455
0.808041562207
0.204820936535
0.347841753996
0.595827255349
0.912595742684
0.102834197536
0.482495372746
0.290112992418
0.553622968356
0.938839953992
0.00240424355848
0.0395762475364
0.494850519455
0.365983147969
0.0373469863884
0.169433446906
0.158565455082
0.167800731723
0.107407866172
0.863568659835
0.283522562141
0.622482498391
0.00169249088208
0.47283522982
0.751669489185
0.934118980537
0.406490135077
0.991144352084
0.723316317125
0.452559360373
0.0705049003463
0.229526478044
0.062677645548
0.953932900966
0.0581476500749
0.328361543506
0.558640666631
0.954227905245
0.985225516255
0.594151628683
0.874188790116
0.332605188439
0.632600964261
0.814137609111
0.77035516501
0.453566217427
0.0380299919532
0.968121000438
0.949474065938
0.981847102825
0.357842078756
0.288761671492
0.0109647230456
0.476916789067
0.618509396016
0.136627540312
0.30606095229
0.444379264301
0.155951495391
0.605229878685
0.208297555222
0.902849487489
0.155413149649
0.965966328651
0.942690365615
0.874280657971
0.825779649383
0.855014716994
0.0697043016524
0.502123052738
0.937174232464
0.632707174083
0.169130755268
0.509804608804
0.983032776817
0.409665710362
0.658058748686
0.621564419043
0.763206201808
0.681806163722
0.592028777997
0.0577192625688
0.181818191787
0.00224530222485
0.471244234051
0.0279512267325
0.0138688061719
0.106831848811
0.670339285984
0.657264552662
0.45760862513
0.74004459814
0.701686655032
0.977453720753
0.804014074673
0.426558603728
0.46582004227
0.279084314758
0.924417987001
0.205852409176
0.965734500019
0.993174369983
0.992786831007
0.861695689936
0.381748255768
0.954333607752
0.099685334799
0.522853202505
0.186519551633
0.26270223494
0.170408590179
0.98722997423
0.682790794695
0.868124914928
0.965692715536
0.288052582271
0.820434574195
0.710950244378
0.550675338207
0.0578319585454
0.106947610635
0.674538996881
0.413370723513
0.815317181208
0.684129633403
0.0821940592725
0.0929625506016
0.950146178427
0.274566261541
0.446632409253
0.81462755163
0.220363184048
0.998713253747
0.219008804639
0.273443780189
0.73593639468
0.143144490984
0.0615272221788
0.431566340005
0.97431262995
0.953136844668
0.0346337735344
0.133131163285
0.17774375635
0.915353247959
0.0917314795258
0.0127228891634
0.785056924405
0.531652630815
0.753595954002
0.685383526327
0.702125807637
0.0293232136538
0.743784466292
0.0938882385085
0.642384737711
0.0252443252683
0.0666596904059
0.598175032492
0.0422434493748
0.918125471428
0.890994709369
0.811764661542
0.947070811145
0.964110841098
0.881695898977
0.694503702097
0.116121344414
0.2521568943
0.152896124476
0.938550403669
0.0213525231638
0.154218036926
0.0335535310918
0.573431662701
0.00841068639152
0.917515247717
0.803220380502
0.933282594907
0.987186482191
0.0602001518843
0.851204300065
0.0159089406077
0.30813489719
0.543994502406
0.0200065168593
0.457722231866
0.148298586054
0.0397593934722
0.926632281839
0.528226562328
0.0824022506624
0.226065817057
0.687743599421
0.967921510816
0.527188484272
0.189788682893
0.462509374634
0.508823574684
0.215645881978
0.304838103712
0.067783063876
0.864430957151
0.306688713798
0.627131492592
0.972564912553
0.720139547441
0.966242033234
0.389774767043
0.922839584642
0.422697792237
0.851847850016
0.0450123563669
0.078972034537
0.936892999816
0.279724259157
0.0877770041478
0.566765076713
0.774048242521
0.890271970267
0.885131612573
0.0533586783866
0.92160983826
0.581303193225
0.358246773774
0.270361970393
0.487293044607
0.456504829134
0.0744342102296
0.0554927431905
0.488296572369
0.298633668932
0.61917469127
0.966556460843
0.26003783912
0.00321551983326
0.62949329765
0.937425096085
0.240648379788
0.392272970756
0.940692695107
0.201718568597
0.412486076682
0.994060978293
0.460904755268
0.286697604776
0.675340820194
0.630664890502
0.207347126857
0.703771558719
0.886775137546
0.952258939034
0.21038370359
0.332186025342
0.788154870425
0.786748218227
0.0285047533964
0.0734398481231
0.0416866728515
0.437629450548
0.985863862259
0.961821608033
0.313401255718
0.640232269076
0.552596516492
0.524895280946
0.0410054053238
0.00786125596513
0.301379896379
0.952159725456
0.65119508069
0.821095507945
0.00105604317597
0.857176489636
0.776640209832
0.925585651694
0.923266799129
0.0262087545449
0.433574674183
0.77980682172
0.832479203625
0.301084448474
0.725608802722
0.933988382065
0.669478447133
0.650151755218
0.250975903464
0.884255621854
0.147016116974
0.988865547842
0.916667296815
0.792802424891
0.537680395761
0.162904842046
0.542179525881
0.0513056059507
0.50799902564
0.846778427747
0.144501122666
0.122255297631
0.797890639425
0.483359243017
0.866268400434
0.157588914075
0.310499649267
0.691319106123
0.57696863946
0.579724550118
0.507409888105
0.0253193164725
0.766021005577
0.367079770525
0.32808927475
0.974873618366
0.933509422323
0.338594656794
0.139546323801
0.541264356159
0.653472480154
0.989342552852
0.793450716076
0.0247978616674
0.955933765331
0.710623778774
0.882510853148
0.587008567196
0.982786757153
0.133471564932
0.966477300776
0.270818632438
0.0627940971822
0.987673282209
0.852626869109
0.855902376184
0.60596155676
0.496494543261
0.553624861837
0.831543938663
0.847582666782
0.114025263309
0.745496782603
0.95550654106
0.0817375984447
0.922223324342
0.309772110258
0.3211465134
0.196545606032
0.870992416921
0.96675941569
0.73046505271
0.574700995972
0.903146423817
0.997527933765
0.208129403125
0.866314151011
0.0562466719145
0.938892078397
0.953576194413
0.379466278154
0.940232276542
0.523403537792
0.572300529418
0.549877772138
0.642197524146
0.69694036222
0.123035245388
0.692307775106
0.964720180561
0.504056355922
0.602348532498
0.750897832662
0.0103439730071
0.516195578559
0.919244398407
0.658683728269
0.712053925617
0.600390088984
0.451002307394
0.156724473294
0.904684328659
0.437100394631
0.00459655016996
0.418877889424
0.978819773808
0.226153784018
0.66502626192
0.0773590769589
0.100622977343
0.862605157965
0.959298106747
0.609858180522
0.471652835608
0.39799231534
0.676844852329
0.0556153560927
0.789549784854
0.158293737934
0.986593061626
0.536243534963
0.358875141233
0.0288142015427
0.139068968323
0.975800522476
0.545443056015
0.413785648682
0.497670056218
0.0340815216192
0.388869760622
0.533306714383
0.176613365608
0.0712251397543
0.915478989298
0.92401443106
0.00849026242919
0.818449694747
0.828088794828
0.0123972023538
0.713514803958
0.627928927721
0.886793674596
0.678141281947
0.0586575579469
0.174462669946
0.209080387284
0.304721910012
0.13136937833
0.828232482526
0.798150167831
0.00794100194114
0.34810423658
0.00872890038845
0.87629889938
0.559539056015
0.63148698747
0.801294934924
0.406235059522
0.794640322272
0.816942820111
0.734982965513
0.10912662889
0.70211197801
0.711836790661
0.698603031356
0.165832919506
0.567377718057
0.0764758039024
0.945456147189
0.410067814465
0.955780552899
0.0825638349997
0.00691961360044
0.818022367403
0.648169394435
0.00222984090367
0.786065375123
0.673136719824
0.858719131116
0.00499157520339
0.870720168888
0.0339739551107
0.4220381091
0.858523297958
0.552584452371
0.938880855778
0.283209296612
0.832797980077
0.0699777633644
0.250143593536
0.422010772676
0.431071018767
0.96850828085
0.239866247187
0.941977139526
0.0671535909243
0.57871574129
0.951995854279
0.514051668542
0.254949715906
0.356269441548
0.987916161832
0.549728414228
0.0202666860548
0.83673083237
0.133676857957
0.654772186682
0.989371223546
0.984209833655
0.546571146224
0.686858976226
0.61592011968
0.976716640787
0.865233454981
0.992310658506
0.553597644303
0.169423896719
0.0929803678967
0.992850822752
0.578532623575
0.65438836772
0.8686516443
0.912391973968
0.579102498408
0.658378958496
0.0835815328145
0.178488241803
0.719747347493
0.989330465696
0.0140064389767
0.968955513921
0.95470430988
0.693905924426
0.120479542853
0.0896578145144
0.113154968065
0.508697601263
0.692616583109
0.975696917296
0.437380334339
0.290139796689
0.844129972043
0.373006974694
0.328556538165
0.754338462619
0.836299765596
0.0464755238575
0.504525860145
0.958537419963
0.613101648583
0.386586961949
0.119904222895
0.792984894664
0.684256898328
0.12694528907
0.625036040778
0.0260040322399
0.95316660157
0.251351930924
0.88153746884
0.208424431125
0.652009283362
0.472172465895
0.0513996376002
0.25897715533
0.794534757812
0.70408141251
0.81103231677
0.305514571711
0.652778365053
0.933863694729
0.404218726437
0.281612246051
0.0914651675854
0.43196693251
0.486588397423
0.200784694211
0.892744557537
0.138018074019
0.56210785528
0.920283521227
0.651939707437
0.975144308086
0.930770371985
0.548243040539
0.478885589409
0.980336105627
0.234986665728
0.00454086345751
0.0226009378045
0.0318307211463
0.235117657792
0.773278461644
0.350295543768
0.745496782603
0.779836843308
0.717326746674
0.018737813189
0.0476601344753
0.0376793540258
0.345567792877
0.599935639301
0.837604094355
0.822518120915
0.531986119882
0.227762254759
0.38580034333
0.694005463309
0.858132555656
0.802691225032
0.355274432105
0.655009707342
0.942482519753
0.759797384213
0.745094248981
0.39781840988
0.186181764129
0.77756857454
0.347145331357
0.816605101512
0.52200112628
0.291056727218
0.896598868435
0.880314447995
0.336327725388
0.199069562141
0.568727064073
0.741608880557
0.746706650802
0.292109417915
0.00872890038845
0.101989065632
0.938305472197
0.354990917651
0.948662704758
0.567338550783
0.013415833023
0.752630936656
0.269773600983
0.413972417789
0.584341109996
0.944982660065
0.315713050101
0.333949110282
0.283475119558
0.753307497465
0.00282383079938
0.209159395112
0.395402403903
0.99929392795
0.00854585549064
0.0307491350058
0.301764077471
0.405945482224
0.880052209814
0.683328667916
0.571470024984
0.290887715266
0.524825923309
0.932885238143
0.0301120738986
0.98323726279
0.962118208384
0.876267524198
0.30543990384
0.0110692700121
0.1842940367
0.343466787796
0.977119801261
0.81814842459
0.992418770877
0.254552117806
0.706393317039
0.874829302354
0.942301828555
0.968898170453
0.104878208265
0.492438150496
0.963532911131
0.503135186132
0.773927116387
0.00233921702675
0.111950841638
0.0480306338639
0.854699808986
0.34833953162
0.942089645234
0.800173833362
0.384891127311
0.26668192516
0.845627853637
0.769776016308
0.971525837542
0.973977268717
0.535039517433
0.221691357481
0.674173176818
0.0311807326026
0.333275641601
0.875809888709
0.332742253925
0.046904591599
0.939164690386
0.939423146212
0.305498457784
0.0821437441505
0.835254761369
0.941893161496
0.00216331897451
0.917901174689
0.0609430189524
0.931300629026
0.00588194105662
0.373430054203
0.135681528669
0.0270980137602
0.764576585104
0.249409705959
0.748559175258
0.0520189438626
0.394972480257
0.0204795465597
0.26905339436
0.0626439372102
0.295748585176
0.354856069849
0.869870655797
0.836332463547
0.572174288035
0.870842026839
0.508334880213
0.978180052096
0.188364524693
0.242978798096
0.0341406495411
0.983701447271
0.15047580635
0.93832529022
0.304035122632
0.209141370809
0.420214831657
0.904442923869
0.167274030074
0.584503781218
0.138962758698
0.0123154818733
0.234100714616
0.687857655844
0.243011090658
0.428027763141
0.261440183379
0.178984878868
0.936400361033
0.590735252198
0.370126907936
0.0490508024643
0.888667156929
0.597491127501
0.519942313737
0.16264351252
0.567625108702
0.695674892535
0.135081471326
0.0573880318778
0.987264387604
0.710035655937
0.561170734372
0.550731769195
0.416198724046
0.113374037847
0.0327549584111
0.0435863232572
0.704965049506
0.870667993317
0.167538334683
0.807443418899
0.0313417552086
0.0578621941196
0.237555206609
0.247977892319
0.547939178287
0.497418836212
0.439527361473
0.673032742828
0.678254493954
0.0131279795047
0.0653463092338
0.66533861065
0.488950754094
0.154929556063
0.50888055875
0.0377787033628
0.103035148144
0.243531774229
0.654791481252
0.958551868422
0.978321370688
0.576985070686
0.921516642624
0.967153352229
0.376028005918
0.600154762995
0.976716640787
0.938415552598
0.58146242017
0.609704739438
0.825067833441
0.93906266342
0.0348956997133
0.879746430668
0.043174769997
0.659387928171
0.648869315891
0.904790485227
0.114370970298
0.0200468068583
0.399805126915
0.408475609419
0.207347126857
0.00789737747962
0.75209529071
0.569661874264
0.465705378876
0.798165274139
0.219510468779
0.645952629838
0.758714878752
0.0234275832836
0.448723375505
0.783294996922
0.362599517733
0.00545898496165
0.242281689601
0.879859374516
0.378396215623
0.344028429355
0.631114270875
0.353977077103
0.8818419923
0.212707045081
0.486897470004
0.134645796887
0.10210467658
0.907933318453
0.429743263174
0.97960242742
0.992372821563
0.233395506833
0.0206704158804
0.242780405167
0.899862079154
0.938949834269
0.194368993368
0.96405321104
0.937850882491
0.167065375114
0.869182408466
0.29289679332
0.678801028634
0.0128543018823
0.398002606473
0.783979356155
0.598413537471
0.45528532114
0.981864239981
0.035337544679
0.342213790808
0.0921293477312
0.594996862555
0.782834401601
0.111150087233
0.839848584512
0.434408176567
0.54396379963
0.373718653748
0.26327021709
0.852113199165
0.899387229113
0.0688723611496
0.578635013109
0.958161241452
0.930161342234
0.00612351228759
0.824135100374
0.937289069917
0.428129975447
0.0131386498439
0.819393358099
0.983469457069
0.132104864345
0.1594654743
0.0139633381167
0.985882822581
0.454829213693
0.496252788084
0.428277253489
0.991552410437
0.0277691558385
0.942477568133
0.971570098293
0.489153320359
0.949012433228
0.00351093439893
0.268794220931
0.536607166068
0.523897992698
0.335740530928
0.344933932558
0.994346309023
0.691240769204
0.199472005461
0.4182560588
0.68034108072
0.980656825295
0.891614719876
0.966580184247
0.148156650164
0.702606428481
0.85785047671
0.00599847852677
0.729970055481
0.839121840643
0.751671618858
0.0196681496979
0.393402285441
0.478972931039
0.602283995026
0.0134959255744
0.534039278855
0.625575846047
0.802869582571
0.95889467894
0.828088794828
0.980298111008
0.554828962311
0.455184302599
0.323378845999
0.0386746792064
0.153367445397
0.531599055748
0.968883028507
0.0504166278832
0.603666348528
0.879218317044
0.0758690831524
0.902069841403
0.953799875992
0.939518577437
0.416122429163
0.961826135773
0.149225285218
0.217055348751
0.315348129078
0.911816351208
0.520831163299
0.343163673068
0.500546032195
0.638080851131
0.130211261724
0.0683737372289
0.601331487033
0.117089260385
0.205964142418
0.564208530418
0.921811622757
0.691319106123
0.80344865093
0.168564161701
0.821308118897
0.503717680675
0.658754656471
0.525456359647
0.832955937457
0.537650869099
0.295275920843
0.727327043542
0.255691204505
0.455742173014
0.240062263844
0.380636975602
0.303078025926
0.506902683681
0.355193572455
0.154779919067
0.229829951074
0.600667108712
0.0237138725869
0.0851500790449
0.789956852417
0.120787220493
0.672873703408
0.360233003768
0.0337303881026
0.252274338912
0.988223459559
0.904351026454
0.0163934810745
0.0212304141506
0.0185972934258
0.330780247751
0.583578090714
0.963482465262
0.200057148959
0.00419266818684
0.576968701401
0.908551328516
0.49663245421
0.905393767052
0.321753887424
0.277997163295
0.0477290391609
0.8801646998
0.276410613658
0.729515411531
0.907145047751
0.0242037111043
0.62825611701
0.630894561528
0.0372484642043
0.369884032761
0.252755390538
0.489811879881
0.0618722939679
0.0148621291404
0.400853010628
0.741312727372
0.13979484218
0.782429685792
0.157386360763
0.184402169703
0.710539804396
0.510205603213
0.990613314471
0.776024745957
0.291187909095
0.446446004571
0.89092001091
0.192842668486
0.159373762067
0.452927523664
0.644420151045
0.888469076911
0.014356425336
0.0741285680811
0.554591168063
0.646909912896
0.377322761095
0.235711249784
0.108310675137
0.0399450468165
0.34075195523
0.0529864203562
0.632344351498
0.118082140623
0.0774046387745
0.55574439218
0.0143743271219
0.262705991801
0.31558150824
0.987241125932
0.975704571936
0.328730406982
0.0198612644482
0.802699224041
0.252177143402
0.0279024051268
0.945456147189
0.87628744845
0.73131115652
0.616803581895
0.994764919294
0.0813243244154
0.266576475381
0.821967073609
0.754593215558
0.451763591742
0.712089007471
0.248272605462
0.561272717276
0.354372179722
0.383369180818
0.852690571525
0.307055032392
0.904364019535
0.204090499174
0.954382605873
0.991274754553
0.419809932752
0.973305930193
0.497736639738
0.766015479892
0.0257720236944
0.405391832268
0.00877896843578
0.0174096063945
0.315278348355
0.724814907463
0.801702149957
0.535940213321
0.834909417326
0.688628377885
0.751372064843
0.457539942564
0.841683755827
0.201281798534
0.825359327652
0.82619275394
0.932593234551
0.41297354875
0.946773539437
0.360438011679
0.129648742803
0.744179093101
0.988508089247
0.800902435429
0.17308818754
0.972068080152
0.869092748952
0.523661651028
0.173416101123
0.336911415682
0.943140594127
0.470791357792
0.0774722840551
0.945594710549
0.3211465134
0.763687518278
0.104483928631
0.370678997369
0.947407213987
0.859883134487
0.00321551983326
0.283020754555
0.0194033052866
0.901563257361
0.968117089204
0.326972250424
0.1442303814
0.343146567736
0.965030958932
0.920441984397
0.985309350821
0.407446431329
0.0379141407621
0.220180509574
0.611254020819
0.994867946385
0.088410078791
0.707708692954
0.688449558603
0.22860255476
0.902371596384
0.261742341902
0.139001915392
0.37568939811
0.0868422116413
0.117638207569
0.352592213554
0.912645575899
0.206504675122
0.153542439921
0.66927987452
0.1175848461
0.583363401353
0.46833346365
0.465308960776
0.420511114537
0.506016951346
0.993750471651
0.975590856449
0.327601317595
0.876611777257
0.0763595280987
0.729885403964
0.518885638356
0.4714181515
0.264742378688
0.027649214605
0.0139107183822
0.36680574831
0.294954514656
0.202147291574
0.924860151646
0.729307623355
0.699196000479
0.224379946754
0.0536681970389
0.92207578775
0.326270746711
0.409109889019
0.915397176474
0.574865487955
0.648216847058
0.621297553755
0.678876418606
0.449630998671
0.727525431006
0.131366421524
0.0376793540258
0.300493616965
0.944420789115
0.886747370978
0.68856268276
0.946180584178
0.941319951014
0.0792997061826
0.238943417358
0.805647437559
0.298086629864
0.55193527438
0.985944496706
0.374087459873
0.307201619394
0.0971147062216
0.223504056331
0.745706946132
0.930569246456
0.11570782226
0.430326453294
0.0127516765059
0.63918951569
0.845880766898
0.984189165061
0.841670281189
0.950076731367
0.624541591318
0.713216891141
0.891260469747
0.859136413986
0.890082506206
0.599306350846
0.381775207793
0.0850242282677
0.283871394824
0.843403013464
0.94576689471
0.367617284945
0.979832940992
0.802079004424
0.173061497331
0.256230643606
0.804675673734
0.609457761472
0.625974605575
0.209793227834
0.917916638119
0.131757656098
0.976102294772
0.466956780346
0.0114107365167
0.285115733207
0.0204795465597
0.952798233308
0.972936457408
0.60479613358
0.245023423592
0.183856199417
0.286510829619
0.0523296692982
0.783493381253
0.925659770277
0.22440104497
0.205055497926
0.570541651426
0.00533450552205
0.0341448659847
0.960179930354
0.547939178287
0.397116290318
0.101753523558
0.973084730827
0.369721557406
0.286578157852
0.755610281475
0.0130317257794
0.0819209904075
0.0443161690575
0.360001228269
0.0106093314825
0.597910761819
0.513529217058
0.868806541148
0.206161600093
0.559818227364
0.853357602109
0.163161276468
0.367266223526
0.408255682693
0.175301297828
0.0226360930845
0.42141734659
0.461937422048
0.288377527913
0.922779026183
0.88174867342
0.631248611562
0.37279258901
0.860193963541
0.151456911801
0.398675205248
0.962649917532
0.903780499789
0.7737437102
0.726364752151
0.0929052296199
0.620635881524
0.143545205133
0.855081371293
0.953783745039
0.152072939995
0.99786980891
0.764414766659
0.0244326625925
0.141083773553
0.523529867949
0.452126577604
0.566752194205
0.0337291930294
0.312697522254
0.433715037926
0.99334899952
0.109409906114
0.619805948889
0.660707649307
0.12628782673
0.958667532049
0.9917904605
0.789735325012
0.516924464849
0.965633314854
0.194752079754
0.741039014039
0.515534990402
0.0676104653968
0.947036236359
0.33117612096
0.198349123725
0.623856369521
0.543848266979
0.925496153289
0.751478175311
0.330107351515
0.970097952389
0.958737958123
0.653194104385
0.0155191721759
0.983313364862
0.412667209876
0.0803361985336
0.732085944071
0.693341870147
0.953922352594
0.112433129265
0.955389011046
0.0642173047015
0.209634056632
0.91835883012
0.782681621449
0.749458871321
0.714634770784
0.814451442614
0.00239552102639
0.793583374004
0.00254691024885
0.315362398556
0.412681692736
0.264742378688
0.0595474378781
0.660548511566
0.0248412401084
0.988086643565
0.0678917456504
0.476436567296
0.0749590725732
0.742079798708
0.858240206354
0.502132046238
0.0837418218537
0.720966155683
0.609299284021
0.015878638359
0.751302128687
0.00844238276393
0.498778508781
0.336976709658
0.0191213901228
0.834152864269
0.927116867279
0.243127158246
0.538636928694
0.029602649437
0.87973627875
0.0723327306976
0.00373957862137
0.976554463805
0.132474323487
0.563020168169
0.586410175342
0.772039150171
0.440529558556
0.949012433228
0.698158812137
0.417519578765
0.866943749549
0.77762685823
0.747513593617
0.402072839129
0.578379866184
0.494938601429
0.920832306023
0.439924030371
0.03450525542
0.0136875569558
0.263657798378
0.517115601412
0.964490657922
0.545591092365
0.418893481673
0.993093380658
0.63272322802
0.973199799282
0.798925807013
0.638107199879
0.557137839977
0.622595461494
0.0680925636507
0.693555551877
0.154929556063
0.189195857002
0.0457428159385
0.0486430463341
0.735954837811
0.62902974625
0.37628799549
0.0728300514636
0.646405963386
0.881366053946
0.515378676528
0.970266760057
0.290387959908
0.411471978358
0.323920840192
0.130451581722
0.768576272798
0.126998764174
0.93000592593
0.482495372746
0.801970133725
0.166021623351
0.523276140921
0.832034823281
0.65123963881
0.483519509075
0.460904755268
0.942424205022
0.181726919799
0.748889268048
0.890811826476
0.985177766747
0.202371267066
0.440903180008
0.838187934482
0.79878101386
0.249160021895
0.057191306366
0.0484026042877
0.759570382392
0.971035489582
0.132482784679
0.555364097249
0.987186482191
0.471401458724
0.284997864568
0.119413728448
0.0114702855473
0.557383607356
0.448767741528
0.866486804476
0.861802304829
0.173217089749
0.979426385698
0.107263901159
0.14800035812
0.209141370809
0.450521044659
0.582741062681
0.415602119954
0.0515328242705
0.950611673319
0.659571417755
0.0412304268483
0.333834485916
0.632503660063
0.731335823375
0.0479159805752
0.74429798836
0.72374593255
0.924771026188
0.485365082777
0.393341563504
0.227776598977
0.785813435195
0.993157010016
0.0145830458173
0.587520026374
0.00430992729645
0.684380110544
0.906003378368
0.00879173888227
0.00773460396194
0.602657046327
0.408773660812
0.756298205678
0.661391829775
0.181382448438
0.572479349447
0.120920096653
0.986160843776
0.467776344914
0.889067070457
0.242485263223
0.711053153921
0.881635800294
0.886868595772
0.547862903757
0.521375892327
0.409021013954
0.966198295818
0.882472954219
0.0274009597317
0.751332987344
0.522090201204
0.138367052791
0.254770398502
0.676582057077
0.0648706911621
0.101652025512
0.948964699368
0.194525316626
0.26001461889
0.417902829269
0.344832038272
0.120583733129
0.50074878307
0.0861802634623
0.337150614992
0.136999252258
0.648136330287
0.103603728752
0.303624870446
0.621564419043
0.386568390243
0.184017617501
0.206433870402
0.98274854746
0.0157179477793
0.336573711633
0.946574911466
0.986497177154
0.37093261787
0.00387133539135
0.410223159827
0.468697403309
0.0869739437665
0.980177996968
0.962464884222
0.704313261967
0.634195314074
0.058297111841
0.758653227565
0.876924720546
0.470758197336
0.405944496601
0.473440556012
0.946621103074
0.0775404007238
0.630867860588
0.201289423653
0.80225444176
0.909127567563
0.545895428553
0.23633025899
0.00635063827727
0.12128567317
0.817624007549
0.654601660206
0.31115862044
0.687947891742
0.675321695961
0.363343372989
0.0401160596689
0.203137520674
0.86223629725
0.970646799922
0.980264547364
0.0183763539544
0.623608136393
0.468237685547
0.964694723089
0.661203673518
0.0346402817099
0.467913702557
0.424245860253
0.974807580613
0.253999931249
0.0849107924089
0.793689576804
0.856165738964
0.895652005317
0.337984930892
0.929841123395
0.549632326514
0.188137444272
0.892462599834
0.985606302567
0.0343733451499
0.562391409445
0.933572649665
0.125142256766
0.21392971707
0.319244023025
0.0946296718589
0.889840215333
0.828920186363
0.170743668949
0.998011957345
0.367048483194
0.0970999632946
0.292748408309
0.888887921738
0.288006108995
0.0998227387185
0.731693360995
0.639321931314
0.909600269544
0.800932097547
0.133676857957
0.613072407101
0.0849107924089
0.920008574074
0.217170957652
0.850466760171
0.133666253075
0.729967606317
0.21638187256
0.0557017121232
0.980298111008
0.472986606041
0.174319370808
0.591686677391
0.0370064408523
0.586921553099
0.491614598885
0.0551448354218
0.749665574414
0.89604376859
0.811257479763
0.0250614716162
0.0377020009716
0.730790161815
0.215876786303
0.658652127263
0.436317088724
0.229592123611
0.508697601263
0.806816934449
0.415561992516
0.439058546932
0.482858414945
0.0192696646705
0.726664953414
0.861981071492
0.837697747041
0.536594253983
0.00917681288654
0.659945021458
0.757878223906
0.00313002343615
0.690145420781
0.965047989399
0.966616403087
0.613479039007
0.6518061621
0.583278898812
0.984793031953
0.538374567866
0.120441231658
0.434813073436
0.0298524278435
0.996435561282
0.725669489363
0.817658926542
0.608939890056
0.414618934162
0.302442262775
0.0231783926138
0.602562174774
0.308481395666
0.984874222664
0.245625613307
0.314320173064
0.399799485158
0.621772579542
0.97193078776
0.0303486843787
0.16358302883
0.66631555563
0.471988398252
0.132845396493
0.702009087962
0.0394455664697
0.723813215854
0.595402528676
0.850916741292
0.116854021541
0.975006346142
0.910377457606
0.949758945746
0.949887529078
0.0694293686142
0.979015094874
0.314108905146
0.99735615862
0.389339830366
0.938037012173
0.00310150221268
0.420560319081
0.578586307568
0.450960589593
0.541771956054
0.594708065226
0.859703114305
0.973030481399
0.912645575899
0.893081551549
0.174977349013
0.229495234805
0.933987312837
0.216289554701
0.339011510611
0.709893389375
0.524808353032
0.204250379786
0.286088947961
0.731516739712
0.925637480983
0.640281198429
0.552649940467
0.337672326088
0.0442394035972
0.287168133276
0.0204106287832
0.548013565148
0.239508658884
0.0099778355372
0.450928308078
0.980595904684
0.466422502566
0.508331343489
0.588437690714
0.378336283244
0.459887149238
0.0135321708265
0.875591403087
0.687819542461
0.386547845817
0.903788981022
0.00241742537815
0.0267355503137
0.687301883716
0.824474590416
0.273477953101
0.781045903305
0.807867267279
0.855833591198
0.997898092904
0.664081445254
0.658885267771
0.492183838392
0.0887987308406
0.94270638265
0.167718910114
0.19766759339
0.818140914203
0.437195256531
0.840355910708
0.620858416205
0.472446864163
0.724938787127
0.694784261196
0.429121254237
0.705230341275
0.428671580749
0.378529056607
0.942931372099
0.207140236802
0.0613515935004
0.732792720107
0.378629351848
0.974775738583
0.333051007294
0.698718513912
0.296863054011
0.210517004488
0.228841188968
0.307264002805
0.970534063917
0.723574191702
0.179137222606
0.521878117301
0.0126731628346
0.962014483114
0.018204443252
0.668173527144
0.580148243794
0.953865596264
0.34810423658
0.760162086073
0.857020321431
0.166055955683
0.726699586482
0.254152704926
0.784344324933
0.81345777886
0.202829250155
0.770207282812
0.73500371244
0.292621389876
0.260519941913
0.545748600923
0.910863121854
0.908165352313
0.27655512331
0.0878389217375
0.219450516908
0.169950004944
0.778376516084
0.275369097926
0.848552568683
0.222026125579
0.526886873468
0.0071881382836
0.337334252168
0.766499598603
0.800424184214
0.86557564753
0.0836547096319
0.705554437802
0.0108137716309
0.0098016587688
0.976063984928
0.598515673253
0.330540853598
0.421405015011
0.0131826914641
0.486435412925
0.47870593496
0.345781557588
0.0430853386941
0.218183100206
0.42709916794
0.554083482866
0.362679385858
0.850084660014
0.426177169889
0.400459401302
0.149805649412
0.149805649412
0.307819325047
0.506672738881
0.0914651675854
0.803184411586
0.659923614911
0.0907100132624
0.965795161724
0.93832529022
0.575692941352
0.768558110568
0.928994708368
0.216289554701
0.900996510328
0.152505880086
0.304119847081
0.282725356977
0.859275150456
0.568273530536
0.759968376389
0.800770495729
0.484397120648
0.979753089462
0.719615620649
0.192263610971
0.745241954398
0.614476453166
0.973579497623
0.960215359891
0.467959595307
0.907015910382
0.96468283515
0.925014899313
0.0124578704352
0.901918371362
0.788217640008
0.483075883977
0.174610268278
0.526386350574
0.877117710925
0.21638187256
0.407857503257
0.760342235168
0.278559526815
0.493819799374
0.986499302463
0.731608903303
0.990196022454
0.95135000953
0.356521850713
0.0379141407621
0.95470430988
0.890654271467
0.95187084017
0.200566836071
0.15231849793
0.691319064314
0.362449875607
0.98075737531
0.902569338088
0.835323386874
0.220772440981
0.0468968814707
0.156724473294
0.773935900246
0.937585176863
0.840084504876
0.93717940135
0.067783063876
0.559512542077
0.196444926433
0.957010117343
0.211783763368
0.272215571085
0.0160074148055
0.978225708024
0.0360174603378
0.992328496403
0.988996467309
0.979770143616
0.273547636304
0.875591403087
0.332336976949
0.535010986964
0.855709949751
0.321248137729
0.983364434969
0.0748814011513
0.175680850653
0.712394975065
0.0819367599896
0.996409355339
0.691319106123
0.693760836929
0.144881327683
0.128122364702
0.615074450093
0.994880148085
0.612075112607
0.52089870115
0.822643143274
0.078713729494
0.176340504815
0.210830520872
0.974372760937
0.0121262088609
0.0172000598781
0.0563008029548
0.114025397696
0.544786204428
0.925598805402
0.507249825331
0.610375455573
0.829327270247
0.403570446981
0.7452721118
0.220462825467
0.199709065051
0.951293832584
0.876514026018
0.280556935815
0.220019907059
0.535303678865
0.257261686062
0.0200214372837
0.587198373543
0.914702600579
0.49819889559
0.835674982615
0.866424442096
0.372167254348
0.86123381072
0.954674246053
0.889067070457
0.808083535925
0.93637304433
0.817583943076
0.792033591051
0.153542439921
0.0262904481698
0.811369471788
0.256674936102
0.946751815738
0.778100094665
0.0418132253812
0.165171354302
0.982129879308
0.418860211488
0.21959069329
0.834114265733
0.0632862139055
0.945504305498
0.608906904234
0.645856092007
0.0736539309027
0.162517721006
0.974333754675
0.570107258525
0.0051952758517
0.624066230938
0.604981827496
0.941090010006
0.292103541587
0.510751328247
0.672523734433
0.336881098775
0.91104579927
0.909423857086
0.281825836249
0.684843884469
0.905023993639
0.592696869475
0.0126433743204
0.945656763405
0.468993630433
0.0578319585454
0.94315668456
0.2790270146
0.918519811299
0.163028655304
0.578283964718
0.731894964689
0.0682034847253
0.271262631427
0.011866282664
0.071760398246
0.690472756639
0.422936531431
0.312214261046
0.979111590172
0.00340166990103
0.570300812981
0.944272010963
0.0358868095047
0.595999842118
0.780085229067
0.63602713891
0.382094147054
0.423036623139
0.0313521316621
0.963545489426
0.526652271234
0.065782087941
0.213179973585
0.370595063092
0.205045783123
0.804793703132
0.701576048243
0.983156524587
0.732085944071
0.494139715947
0.520098866196
0.731015930976
0.890555461472
0.185554497102
0.638097023558
0.203925300233
0.425267429575
0.0288138869934
0.503919637973
0.124558759522
0.913019538934
0.563001606393
0.674683150283
0.133746821313
0.438831803221
0.606426265282
0.182760369151
0.707463131768
0.760543185706
0.0411521220155
0.163558758273
0.271256905901
0.278752588155
0.804613299966
0.00477093098463
0.615204763498
0.293342060573
0.00214318519757
0.165481292122
0.233191600381
0.877431861457
0.43056813056
0.808625690957
0.875809888709
0.30776429197
0.932505669702
0.874713852116
0.790398970219
0.96728244737
0.870116102879
0.000709231476049
0.495716767093
0.99431370782
0.305658069684
0.968244110093
0.00441613734127
0.46884405555
0.31775423652
0.629911272803
0.59053960315
0.650473090442
0.496155722103
0.106712207944
0.696390197612
0.00517765851951
0.661130981853
0.972841028705
0.543808771685
0.0301120738986
0.195292639992
0.0531105873862
0.355517345606
0.470641003867
0.809514072155
0.0347787932024
0.74265350422
0.789121735009
0.537123804014
0.978333246838
0.972063506078
0.865312439132
0.790110347361
0.582731758313
0.983107424227
0.2054012732
0.0203159932477
0.409658190843
0.481080377455
0.23320184511
0.992121753977
0.227399484305
0.988146392093
0.497808864542
0.549461907317
0.268031621173
0.978039082092
0.612986328182
0.172339386113
0.270058433254
0.398287742192
0.0909051967764
0.452927523664
0.140772630549
0.0354328233998
0.0143743271219
0.0944342694257
0.552188493574
0.931348544074
0.532790918953
0.17172536045
0.69790006424
0.948885127954
0.298818891922
0.860278945758
0.846675719304
0.276995808791
0.974281650744
0.673219545831
0.577143078304
0.259179569007
0.315441457824
0.426179872296
0.314471555779
0.904221355254
0.969159389246
0.50888055875
0.493195321239
0.134860726875
0.286830641718
0.454417422718
0.0371193969421
0.562678071951
0.568502332883
0.112700291931
0.802146482858
0.0359118965524
0.156481786304
0.887857743401
0.254223464518
0.0305269040424
0.639420808356
0.167116728701
0.885586330759
0.285065624525
0.401683428763
0.0865186040861
0.351575781648
0.642958153103
0.874570511932
0.614692792003
0.942638193504
0.86046920748
0.379169458184
0.0723937173117
0.958165617636
0.956350814233
0.601369612118
0.567795055427
0.922665018453
0.0252843583852
0.490087420221
0.952440294172
0.122301598812
0.139001915392
0.535940213321
0.684084959612
0.23600069275
0.550332212604
0.521047604697
0.957619493431
0.243550489597
0.982960217985
0.0163135102473
0.939051168199
0.326599302001
0.392908357739
0.514730011263
0.834611187731
0.138896089351
0.861776710203
0.00499628990287
0.177485806047
0.703771558719
0.808860577473
0.108123970093
0.852605175319
0.673800698971
0.707505851819
0.483084150408
0.586410175342
0.253325215215
0.959131187768
0.553524607646
0.43416096781
0.989247985636
0.37213440765
0.155359863145
0.753264653535
0.462021443244
0.735781766673
0.283320369409
0.0208830070543
0.412681692736
0.967876731088
0.0742498446683
0.566737323988
0.487531822259
0.816845216233
0.709095490211
0.993080468589
0.580148243794
0.735323038018
0.956866376559
0.798165274139
0.856626075695
0.723326093181
0.753150121042
0.553095355334
0.241090862544
0.614633811627
0.563281655299
0.340505044363
0.964143404997
0.0128804950236
0.382245394462
0.424082991
0.983954028333
0.48770378759
0.29442287805
0.987307785933
0.764414766659
0.798272352036
0.0813687624183
0.487461059584
0.0276621422164
0.809940602635
0.0854596594568
0.748688327522
0.125872991178
0.944848962199
0.00316904359807
0.0482767985669
0.0674631026158
0.875538762191
0.539010950605
0.38948979663
0.0417189856607
0.160830610935
0.384149824598
0.874925872196
0.826203463567
0.0273115224978
0.0918235533109
0.0681628055421
0.403306238021
0.867440269473
0.992402656134
0.798756280714
0.480111852323
0.922584665562
0.322445989849
0.0210049387935
0.776624680639
0.0770846786486
0.675335053095
0.592195562566
0.0195748643859
0.683515300027
0.10486901565
0.149604682251
0.93494342906
0.385772139029
0.499344671179
0.793622308452
0.894643075116
0.265325912853
0.0346800687643
0.581190958709
0.00906804577116
0.207319300701
0.0217237316987
0.904792048744
0.63229571788
0.127179881703
0.923001588535
0.0491583381741
0.66609806891
0.0212517033622
0.712089007471
0.569313413401
0.976924033283
0.677460133618
0.708808276154
0.0803912347211
0.383514693357
0.247581299562
0.92207578775
0.0363422940655
0.3868560336
0.0270730412927
0.17854890643
0.0223543887444
0.451516201357
0.736124881495
0.900316490545
0.211783763368
0.492426185036
0.922919917311
0.3507738593
0.264089319171
0.884069152823
0.0441786974658
0.00319807183494
0.687522026332
0.649386489352
0.779814783432
0.263936156864
0.0345630408811
0.49041699455
0.227882596391
0.530938978903
0.255805449574
0.611620103505
0.131526831968
0.0655431646321
0.334972399222
0.684468409319
0.451942920142
0.552485507548
0.50615872988
0.974822186861
0.0150521139434
0.873257104811
0.875377670419
0.671299857399
0.914238862213
0.168877243388
0.949333209083
0.132350168892
0.990354957243
0.110592586728
0.175800769112
0.314475853987
0.968811279381
0.273428682132
0.394406629985
0.560336155418
0.776261789835
0.431566340005
0.00448092932704
0.775186725506
0.279633054863
0.283871394824
0.375009036018
0.93329072317
0.802094444209
0.613148218753
0.474740615105
0.481753002165
0.294684106032
0.0246785369471
0.610448944188
0.266584009443
0.081072637697
0.656554271503
0.59149591541
0.84565253668
0.959780322562
0.0138636797168
0.933463778421
0.953510534824
0.518504215403
0.924807235825
0.449080646561
0.218165675872
0.051474025759
0.495644944681
0.629576937565
0.319113522597
0.22548128187
0.796491013143
0.980850231596
0.956842042414
0.934535899311
0.0754889421476
0.319583473366
0.824899064383
0.326251373952
0.735023068568
0.563360670727
0.0311922409016
0.162198460576
0.293990092476
0.526835740836
0.4677064094
0.386557725694
0.870661202777
0.126006643372
0.148787084799
0.268255386113
0.198024273028
0.873047759277
0.32510651973
0.662927179518
0.346717177254
0.733873201604
0.221552676311
0.0192696646705
0.738048857705
0.566249267304
0.0232529445367
0.430732397851
0.758425320038
0.613148218753
0.81949527176
0.88021746768
0.853706604251
0.907167250041
0.00477155322813
0.614992120943
0.0123972023538
0.803720564785
0.957443134033
0.622172613447
0.811375405415
0.274539335626
0.00181282265114
0.939210166584
0.093675970145
0.903146423817
0.132928534862
0.231684835636
0.943409447174
0.903398505736
0.719228065862
0.539378066589
0.911443797297
0.0990258594778
0.819083610059
0.468563378651
0.991144352084
0.220598192059
0.927116867279
0.208407286797
0.255788393071
0.390903785766
0.861322323146
0.735020792759
0.765275902581
0.0570405135262
0.924010498603
0.259820596468
0.103438409752
0.749665574414
0.508775804565
0.919441711233
0.913301478873
0.117728035397
0.894322157002
0.74016891906
0.271697293352
0.596486473758
0.807948549628
0.941385679796
0.351680816313
0.645111131195
0.0759986771186
0.0273617765812
0.112535676738
0.432498996089
0.559064885111
0.274947178808
0.0582146144481
0.862161482473
0.773337902377
0.00680453928497
0.977471536159
0.142515082812
0.961886337836
0.556904137917
0.215150388175
0.532005044801
0.295736283792
0.76541144373
0.494802154645
0.673635529336
0.68308856359
0.622917099822
0.338135600441
0.00409803124861
0.440582818492
0.708999941086
0.759884709044
0.509401891481
0.184042610334
0.0653725125301
0.445563837866
0.992568149653
0.79771207243
0.938348842064
0.382757283858
0.869407367771
0.0952425007549
0.86407275517
0.751226233536
0.320482915989
0.994834023013
0.698575400885
0.081576971446
0.545443056015
0.710118271501
0.737137558068
0.401440988764
0.965160269446
0.771573574567
0.00598093073239
0.850020575628
0.747884281191
0.914943660354
0.471244234051
0.610673472811
0.890922206128
0.198684761256
0.0631353055134
0.0335535310918
0.0226297628784
0.102748995137
0.957036900568
0.986271994322
0.896333204847
0.0139205117771
0.408143179847
0.874842661233
0.949691904863
0.2637297369
0.0666596904059
0.25837722791
0.815730990614
0.249098773126
0.430407720439
0.0221017847008
0.281445111414
0.807364513692
0.941647125486
0.453238861946
0.857140257278
0.0777510611354
0.734041125815
0.586308801507
0.00463738065358
0.00615383471431
0.398700230789
0.836532000689
0.0670907871055
0.240100933678
0.106459877316
0.966431496693
0.000603457292096
0.567458662814
0.0492408342925
0.350769009276
0.265669789315
0.953922352594
0.445752321843
0.696333125303
0.652462271378
0.75783449774
0.0941142312096
0.586283953958
0.0298543255179
0.330630510368
0.570541651426
0.0211341895814
0.79937800427
0.93790125074
0.489676977952
0.828007443585
0.530779044232
0.375108013541
0.792242758375
0.56029390022
0.501292659551
0.736982977796
0.0234308663641
0.232941205536
0.663352991547
0.625402123135
0.73795042349
0.443206868592
0.782850609838
0.715969940576
0.074228703279
0.033877888633
0.988680438377
0.00703854740657
0.904059604564
0.357672905529
0.178053757572
0.823011000532
0.816729572662
0.257802404012
0.0276804245358
0.595859323972
0.96192781194
0.771805994461
0.96035990865
0.249315150105
0.212783345661
0.793448230499
0.487672132924
0.44128969842
0.43253901856
0.151296736901
0.934723365114
0.915405312824
0.971884305221
0.749326681689
0.116900269043
0.979424845604
0.272469734095
0.221417121794
0.554214932119
0.608856329919
0.267813174519
0.909064495942
0.948682534968
0.207895438494
0.770499082792
0.232704443203
0.938540649063
0.982609150402
0.194261152442
0.0884896827308
0.478603253695
0.892262752592
0.079956633424
0.776407599763
0.0221836898997
0.129974550255
0.0473054375783
0.880377001252
0.59965244459
0.00448575670233
0.106861895161
0.49605140202
0.604680583042
0.686127015849
0.542545815916
0.839858557538
0.320882609191
0.886479635136
0.737507642897
0.511956865397
0.873622990107
0.221084403839
0.922202905632
0.0237138725869
0.635197692752
0.825543934444
0.409151588365
0.988086643565
0.618864946847
0.993529587197
0.34833953162
0.950711005226
0.425867922149
0.936574831484
0.371050871283
0.869439276192
0.29658239341
0.989795224685
0.856297454626
0.806994792966
0.851707446133
0.927605928391
0.915302955443
0.547413155616
0.0107281814828
0.296200307004
0.917411568132
0.796853588919
0.365348481924
0.696516508573
0.964038143122
0.369717376704
0.982658199286
0.868689645307
0.462694163727
0.0130070425519
0.797071863181
0.34785280431
0.760543726558
0.107285386351
0.796264393095
0.61233148205
0.890517138979
0.832254067759
0.233348975049
0.925198760715
0.864607905758
0.241996167237
0.542860276031
0.950685171879
0.257825207555
0.48627401652
0.139369524834
0.0858504951901
0.91175891036
0.0610584839738
0.953448349205
0.185994084453
0.59708495318
0.153082489771
0.98943285421
0.549309448137
0.973250900848
0.0834867802787
0.45093050206
0.182768016205
0.151137898077
0.121808758896
0.865891951655
0.811649882534
0.36680574831
0.969159389246
0.612253299648
0.769812338874
0.0500427584396
0.115873128013
0.0642012889641
0.0364578714586
0.74502734348
0.111866238959
0.034674571061
0.049382058276
0.217195979232
0.960139027358
0.358518987973
0.151800259386
0.0576146068516
0.941124762363
0.558994281753
0.644420151045
0.0947947528903
0.0646287497697
0.198085409149
0.659555753213
0.42125672029
0.957864506293
0.677734108199
0.816531169393
0.2826555497
0.614837192293
0.790481394898
0.267593096603
0.963647601338
0.141972290085
0.0140843950995
0.805097814275
0.853978162152
0.675340820194
0.636555891328
0.895531936334
0.664775470252
0.181954198331
0.88856938372
0.124693451398
0.554589957794
0.0634427584903
0.0232502472172
0.531643365287
0.0188615816039
0.732092605784
0.952763411891
0.748878636663
0.0141886157327
0.899960382195
0.472656771462
0.650014988069
0.00844609665624
0.946652314154
0.51053240246
0.038434606601
0.0870292176651
0.392877137305
0.952326252191
0.377963878515
0.259183294127
0.967627187823
0.0459448692177
0.254311714435
0.315114870666
0.792005882459
0.804613299966
0.652169694889
0.858593695245
0.864185861345
0.10718585697
0.0240164320138
0.0435546776012
0.128782330287
0.463450923582
0.203565172951
0.192631007651
0.500544705326
0.195238312714
0.514045873041
0.390501426625
0.97335649642
0.345291655891
0.124965291668
0.705230341275
0.391971963191
0.0868964213161
0.339452185615
0.112346145261
0.41148644355
0.0159459046596
0.16335892854
0.822696332213
0.790657758841
0.397995812872
0.545793900462
0.280446237821
0.530497465926
0.930843372884
0.658450921512
0.538961787256
0.635354852952
0.961299254874
0.0914651675854
0.764118430472
0.0155914616842
0.425509944546
0.847311032406
0.358713969829
0.970680964389
0.701844708429
0.655176417508
0.0118426207172
0.00103628580275
0.229479558715
0.39686795399
0.542755610458
0.31217720456
0.957271655889
0.00198952495709
0.606030401787
0.739600129411
0.522198113542
0.83533543754
0.324256464133
0.0619648373409
0.97118823926
0.918957594474
0.959402249408
0.316159065062
0.297565576461
0.24395344617
0.986389368763
0.143561010904
0.886284252217
0.585837298091
0.183268456274
0.160379230656
0.738215007989
0.171705705142
0.350939834703
0.839607162444
0.0164288381707
0.812480968116
0.170493486652
0.97362115947
0.789121735009
0.810744707597
0.0507524632116
0.527706080974
0.921867807789
0.445495589812
0.138942329328
0.490112971375
0.326306909237
0.507249825331
0.0549243161171
0.899243216906
0.773797176249
0.474606167782
0.794389823062
0.957459503306
0.324751266229
0.658727507295
0.623196667148
0.624350329798
0.74904568503
0.533052927835
0.633676680006
0.506419642927
0.696782713305
0.977156717012
0.563807975874
0.337434771186
0.772340671838
0.87146739702
0.408950559068
0.89112743929
0.0742462680836
0.746209558008
0.532666070119
0.851067013609
0.982407813677
0.908487158002
0.987176237809
0.850744361815
0.904243656041
0.787746898642
0.142418887604
0.546807490609
0.966843525993
0.0255806200461
0.152103764701
0.0519297855787
0.2941871374
0.953921420262
0.477129500059
0.662223773632
0.798033640174
0.927405093254
0.119990268456
0.959574483334
0.984851810697
0.849399450401
0.821896204752
0.206861859846
0.479190142562
0.0601059646843
0.00706403830221
0.131270038245
0.0405267463506
0.858822262058
0.782878023075
0.023796919719
0.0753143138477
0.600390088984
0.213381363697
0.710823425506
0.923424241804
0.997153018597
0.0149807678149
0.987279957868
0.39964866054
0.0118485876266
0.852013170816
0.0299811864747
0.911540317876
0.101437760911
0.637095459457
0.973351296752
0.677695427524
0.344571933738
0.0568275888845
0.0282092641137
0.515768182042
0.0913535477066
0.804999215431
0.818655149944
0.320908600231
0.017221947895
0.0268220353739
0.525683247723
0.302960516812
0.566989965728
0.533945402407
0.259345616885
0.233949596579
0.0201885397349
0.251829527484
0.954103516891
0.464315028298
0.0513996376002
0.995154038604
0.974956879992
0.551672674713
0.0589235647192
0.973840273208
0.830352396532
0.621355488103
0.554085590545
0.25037040707
0.325641926761
0.119691875481
0.0153606726486
0.855722188575
0.12977242832
0.484189005198
0.9532091861
0.329401045613
0.46501167932
0.625920991563
0.256815526597
0.177028286267
0.414531041995
0.590650060975
0.291807752663
0.368358261503
0.358876347238
0.622234714443
0.737763602112
0.594590326888
0.457967177597
0.655653987943
0.459536234598
0.419577027625
0.887680263374
0.352110021224
0.331370301239
0.862805164748
0.028079890114
0.949786586269
0.976413314622
0.170656904309
0.985679522315
0.901684186742
0.784293341313
0.190537589707
0.103471084842
0.290457154179
0.412653402708
0.015368510192
0.41093415909
0.286715185999
0.134600391889
0.641364238296
0.626658630442
0.649936405307
0.854638169344
0.671192842015
0.489601058532
0.454250943571
0.0424797415227
0.231345309392
0.0279783492103
0.883644518428
0.0355242703437
0.0926829231551
0.965445755512
0.745979513015
0.975590856449
0.545649652346
0.249000728938
0.471620299082
0.984549627279
0.914924380117
0.516661641547
0.0137367783048
0.0100250495641
0.872734912437
0.869528309136
0.706935589475
0.816375631768
0.48703801266
0.737817391814
0.463595449973
0.37999120051
0.773358570071
0.219662894047
0.971204301897
0.48770378759
0.747002717744
0.0291724937656
0.995897180695
0.799949892085
0.376191264934
0.353088423712
0.421414779485
0.424165966945
0.8557623747
0.222784063093
0.193062154808
0.586858632606
0.554017789029
0.402829489766
0.0456261479128
0.768612960731
0.975863091751
0.94814935002
0.983757951445
0.966383472373
0.729780472431
0.936526423809
0.169379604804
0.290158762159
0.0851674490393
0.695409672251
0.792106797699
0.504704796854
0.927439140788
0.962379304793
0.96790074438
0.969417756187
0.979763615685
0.998529573618
0.985870147085
0.519420277768
0.583568646354
0.893732540492
0.856802885956
0.0759338806675
0.0296216683599
0.057379698104
0.411471636775
0.815995425461
0.00850688515701
0.00970263702535
0.498120339619
0.970449376735
0.380828016504
0.678449887014
0.320920868993
0.340014646571
0.0678562437061
0.192760524622
0.472784334054
0.263646173735
0.820899978661
0.705062725366
0.508274868663
0.311097669741
0.244690859452
0.210822959729
0.23936560667
0.962590156242
0.981385510561
0.409801504283
0.955389011046
0.532919043346
0.318762007459
0.979495009128
0.596753569541
0.0733696784615
0.990630892518
0.276058852765
0.213567956731
0.644570489024
0.361692614814
0.257992910943
0.0576390639711
0.23614236934
0.618675426314
0.913120668037
0.925609203765
0.700779109717
0.653683715031
0.402880086288
0.804123009366
0.213264224913
0.303165161985
0.764025095078
0.987342981098
0.00877485416363
0.41199146205
0.41761982315
0.0762643878358
0.752906460606
0.696742990766
0.956055823306
0.586501281337
0.17377604737
0.0310054712575
0.0220503516325
0.555671720839
0.262915873835
0.450233172208
0.98797858627
0.896333204847
0.283057184781
0.80742789115
0.715011476565
0.963847356725
0.0232632133066
0.869847171363
0.721635015614
0.14748357783
0.51881973313
0.427961130746
0.240218473947
0.532005044801
0.963718798892
0.98374507663
0.105572551097
0.223904033534
0.0242032386631
0.329317907976
0.0623095528878
0.914662573596
0.836104728094
0.982413700776
0.624066230938
0.899398148709
0.967761351607
0.845540316873
0.246771290097
0.220616996891
0.780690251633
0.732030781198
0.44798790507
0.014418820783
0.695897574852
0.660768306202
0.826304826495
0.277332312393
0.753364137675
0.615852496444
0.956970229729
0.0243977272973
0.676053848333
0.678083637806
0.96872427363
0.497520442457
0.740476891697
0.982681689046
0.435241473127
0.224697519563
0.340184741852
0.83560668071
0.47695248282
0.934437809555
0.693733344465
0.0604631697463
0.177696530011
0.914574172355
0.298767025239
0.598747292671
0.985781723752
0.622082646059
0.0786561514542
0.830105163579
0.676967389106
0.337983854807
0.998606808512
0.953408028802
0.382352922942
0.518763937702
0.177188698001
0.989529767893
0.542860276031
0.685636770197
0.338457982377
0.00567459742035
0.667417787663
0.106935388344
0.938634731392
0.49188271584
0.954471857402
0.647107476801
0.269868851514
0.909939209756
0.788212569516
0.0580483683929
0.425842977475
0.96766430304
0.768961113076
0.00338338568096
0.712193442192
0.98725477031
0.0272511641621
0.530258901015
0.20487577615
0.491964656025
0.905467256564
0.214795683118
0.440007185513
0.832644768048
0.0604809924078
0.774918494597
0.734768380713
0.28311697611
0.307979337296
0.906513497903
0.0803758932005
0.928375357235
0.235395346935
0.752882941073
0.394654430676
0.827167511914
0.0823155534975
0.891721327705
0.410684403796
0.0189443981087
0.238269199135
0.965884961037
0.769282775726
0.513479913431
0.539939216944
0.672315166554
0.20818764741
0.0325888250238
0.0239552938516
0.572389720185
0.914546701212
0.972888111928
0.746400494352
0.295189486871
0.134794404593
0.144966756469
0.978579691582
0.439593334524
0.130667138468
0.781045903305
0.515240023267
0.948614314302
0.0973188706615
0.24267193443
0.762164653151
0.0550906372476
0.536134430931
0.163161276468
0.501235624686
0.428790576715
0.288450722289
0.526412252579
0.980861127086
0.519935608935
0.895617247953
0.496614898646
0.104080041166
0.371031718495
0.17004295962
0.658085886419
0.720368005046
0.800624964215
0.203795768338
0.814628554196
0.485539387306
0.0613439802278
0.69526912043
0.452861421278
0.783032085771
0.997078495255
0.00805820700114
0.72654290068
0.828714474096
0.0951110497139
0.723179643451
0.810754750096
0.105671211419
0.00203979584107
0.173507942396
0.256668081301
0.103998147697
0.842966639882
0.501945556872
0.0661915585843
0.11042067206
0.369350451539
0.986725097086
0.15023028978
0.854432533765
0.374161611207
0.085692000536
0.963532911131
0.474021384653
0.0513996376002
0.0586645641212
0.23572932304
0.987311756768
0.81271037285
0.631182053242
0.433646261365
0.312697522254
0.335929765331
0.535447915195
0.0243871101818
0.902707942824
0.0255466815755
0.877773122483
0.710539804396
0.429946135461
0.0975659806479
0.0167299334637
0.0203159932477
0.371485165962
0.318778282378
0.282935150753
0.757922865388
0.751437095198
0.664576490104
0.477782511196
0.514078117834
0.343520823852
0.220967185785
0.973272403757
0.322697576831
0.979192403957
0.96379016808
0.359935157622
0.901649815698
0.444702829303
0.439222200189
0.0355193117449
0.0446251329912
0.917003510982
0.0207769983943
0.0447978608285
0.496221160308
0.638751564494
0.142386807273
0.266595440277
0.208626108539
0.561110531984
0.226330478984
0.0677713200232
0.810920495952
0.628418671712
0.491923309633
0.107155328552
0.339849629126
0.598747292671
0.771407046921
0.92905018681
0.142670028219
0.319044176835
0.846729752483
0.0366365940428
0.376385967559
0.396108306345
0.987110442425
0.939563700446
0.912039578511
0.435241473127
0.701319332609
0.890031304331
0.100275718424
0.344361025966
0.246958169485
0.98973716327
0.13200943157
0.0572745299047
0.651959643121
0.0144956051047
0.917852325012
0.843237669625
0.0148621291404
0.137406784663
0.316932810905
0.427696734734
0.997487652875
0.123951839254
0.456482519093
0.972077033021
0.994983965084
0.93229254066
0.177932268034
0.00696325904141
0.786275596294
0.212798310454
0.221559145424
0.959596598154
0.0430925864283
0.956644083704
0.0602157543739
0.52840895242
0.226835038881
0.50520533947
0.0485191604522
0.961334537449
0.967180599429
0.697024136067
0.0922839732273
0.08121321662
0.427501817173
0.085204420147
0.985349043373
0.274069144898
0.156897920339
0.0222343292984
0.846044036322
0.757904130168
0.272378268138
0.886793674596
0.942714159167
0.710789759246
0.165237888132
0.371610474647
0.829266385473
0.28599155759
0.97223627142
0.984822210894
0.941592176085
0.803655196884
0.206637531223
0.979633078436
0.0982046271811
0.243513117388
0.143291314135
0.697531068592
0.384015045816
0.280195023509
0.698154536614
0.0265475145516
0.0775404007238
0.925028803263
0.717231207386
0.868279901687
0.785181044198
0.264742317782
0.489639074136
0.184303276935
0.801029029385
0.752674195916
0.967633400041
0.493012118382
0.358713969829
0.784419385597
0.0165469207625
0.36723075863
0.0924428751981
0.732126453703
0.286277797769
0.873231063961
0.0195301153468
0.796506112271
0.0213827772072
0.00674522464974
0.955448013595
0.584494234036
0.192063226086
0.755159836361
0.199971681069
0.924553451645
0.207876893051
0.872634365806
0.885058207872
0.783251512037
0.754154098573
0.264919287321
0.189532162593
0.120971170862
0.423577373357
0.099220906865
0.113112065137
0.598943950951
0.069417341268
0.939958015631
0.00497060632875
0.29541629171
0.912157612249
0.63727895907
0.748213405037
0.0567579337223
0.591539712726
0.946132058018
0.624318162916
0.0258362085041
0.958952652361
0.987938855905
0.913698361126
0.747513593617
0.81829436005
0.584992505696
0.385143115548
0.156171208309
0.180274903622
0.522797406655
0.803035954835
0.178007861238
0.979513672598
0.30699467289
0.835687592561
0.886185915866
0.121105972208
0.994403937243
0.0934397160207
0.127842479813
0.764907129473
0.954007828324
0.409060467532
0.868564863124
0.176795410855
0.545431325872
0.0813401683862
0.140040746296
0.243631008144
0.517123634561
0.472795208932
0.877250868839
0.767830846073
0.0262586534468
0.181224474466
0.901926943375
0.0819735061795
0.982780989664
0.610264520732
0.800908145703
0.0448693332757
0.802689765962
0.706431835333
0.311122725221
0.089511812546
0.954100394432
0.90213738756
0.160591039727
0.558466597788
0.52914100267
0.862140329911
0.272337836577
0.251258656534
0.651855439448
0.285874780889
0.921753460614
0.609407461407
0.566618463894
0.107564525952
0.58749715444
0.154302426459
0.0196681496979
0.475853269964
0.0547823137786
0.0522665881524
0.597983262795
0.185089191958
0.951332134152
0.0503902506239
0.752761151946
0.0221017847008
0.577806517508
0.610775700055
0.231156844466
0.971203179582
0.00421288706257
0.768838164975
0.453190858523
0.506419642927
0.256279835576
0.420263124798
0.844896599135
0.937753923237
0.258936050552
0.884700519521
0.0735361027903
0.494677480453
0.707812763889
0.573239267856
0.240670270889
0.901045649189
0.045240173214
0.693690460618
0.429743263174
0.359162477549
0.148861692107
0.261488960668
0.963952652361
0.734655172694
0.201840563281
0.643825546267
0.0363951313368
0.945838873206
0.997487652875
0.54642024203
0.439900913237
0.206420950982
0.957919514346
0.505106212527
0.804900309812
0.455545470106
0.537680395761
0.428790576715
0.75709746209
0.932788317796
0.438832470774
0.821061082735
0.34876373168
0.594649011029
0.145675831015
0.135123496553
0.413832364059
0.274756486912
0.31470237236
0.788458330829
0.654053583512
0.918058232341
0.412230599267
0.54963414683
0.559980125321
0.178258811485
0.0213117013617
0.232941205536
0.324674306228
0.0554639298508
0.336816868819
0.684423507586
0.503041515437
0.256929406581
0.290098767268
0.0400999968362
0.407649609234
0.394460604248
0.96597451463
0.297215211929
0.918290303359
0.0840090944972
0.9583510345
0.973147611731
0.636714603062
0.146014461479
0.795283002348
0.224079892063
0.75747932765
0.631182053242
0.852088750906
0.359721815192
0.765122956648
0.899370392251
0.319717021693
0.742739533946
0.935680765832
0.803786447686
0.260964709254
0.838356193993
0.511890428221
0.979201806205
0.563062454555
0.979773481091
0.371062907384
0.0526916331279
0.500114594326
0.199385821462
0.9789711938
0.446648331828
0.611853821434
0.345943671209
0.903964159167
0.9561489518
0.518456704038
0.902110643807
0.424965707884
0.102338140498
0.445232872064
0.153622350436
0.00633750152872
0.903726454701
0.975888523337
0.96764708371
0.149089067531
0.543898923511
0.220260952272
0.388866017556
0.494546898566
0.815614209613
0.0760263369779
0.306646448406
0.061181609336
0.0271897868405
0.892668814705
0.845880766898
0.103486860104
0.0307387143568
0.114396746853
0.943832582166
0.186396053846
0.980459903342
0.00571870682712
0.906153295477
0.930790299274
0.138190164528
0.057202459526
0.916600160709
0.0996892185328
0.674237436881
0.981633230111
0.335478194584
0.802650617296
0.974617210431
0.891001649754
0.921312812849
0.158917384062
0.143925617194
0.846549429282
0.453242285178
0.807895989592
0.362346118433
0.511001894869
0.554612283213
0.00221295220295
0.202382181337
0.135564638529
0.952463225727
0.885814116331
0.670655711059
0.150087770782
0.281825836249
0.553532676737
0.0850632011841
0.527984555213
0.034674571061
0.93122870837
0.569194396843
0.072942118145
0.646405963386
0.391708821635
0.987019232606
0.28806685531
0.7148152258
0.722001050902
0.738048857705
0.453068134629
0.718419959862
0.782556130478
0.548201412209
0.00952375881041
0.929415096488
0.826583299343
0.064711661744
0.16295333311
0.307335389355
0.0593555360953
0.149631399405
0.833695042104
0.325614919676
0.630808022575
0.964292422286
0.335750838334
0.50037402086
0.177589728857
0.755601342653
0.598943452273
0.136964485138
0.217633177962
0.683727780256
0.109808314406
0.602521280932
0.633732456091
0.79759425599
0.519861023053
0.374502170141
0.145612144805
0.501840734132
0.329828445
0.344727156761
0.467507747656
0.159969960769
0.473942051649
0.487225680676
0.847809668246
0.120220561697
0.490924546987
0.921287588689
0.442485376667
0.725418776877
0.174331819544
0.636553917845
0.834681038812
0.64050445611
0.990055484615
0.072910747207
0.661835324184
0.97930897385
0.832027811532
0.962605934541
0.542223907933
0.92099871235
0.526780267609
0.265985887575
0.252113795494
0.926921882247
0.273041402436
0.0235294427987
0.379376900614
0.425731471904
0.949504226579
0.0132537095468
0.959531600393
0.905053184413
0.357461063937
0.0953058018789
0.362346118433
0.590913589222
0.294708245658
0.0313712275024
0.465333945516
0.427848480986
0.861981071492
0.0260005667753
0.867497569285
0.329102878602
0.89137663179
0.061019572903
0.877833601493
0.144076317387
0.980324684315
0.540340186842
0.47665916885
0.193531230204
0.634069058115
0.988280289157
0.950278002272
0.191526816965
0.043772301976
0.365681620281
0.971964455619
0.481134112417
0.926438193274
0.92609543675
0.362679385858
0.613299146162
0.962039071627
0.243866643626
0.374738392822
0.135007049557
0.150604277574
0.653345975628
0.60737196692
0.649456474476
0.955563043684
0.661518732388
0.981258863235
0.504117780174
0.76154913435
0.981281727378
0.971034208881
0.463347876687
0.964720180561
0.435315454619
0.294214915532
0.270236566474
0.986270677164
0.334788793617
0.270236566474
0.0887987308406
0.44070720816
0.209141370809
0.149745159801
0.62260877227
0.404287619871
0.16406865834
0.814763068115
0.586808269218
0.694081527569
0.859275150456
0.965482040267
0.30544628107
0.0120430815018
0.261090394311
0.898973626404
0.505751532592
0.0383765361507
0.565691371955
0.76972263777
0.0296235786908
0.0132482497756
0.0938882385085
0.829314939765
0.974982236373
0.975006346142
0.299853374072
0.932846169413
0.210727075072
0.968879713994
0.382591862016
0.857720740253
0.705397591327
0.645428754796
0.255565436772
0.933614212605
0.544034311538
0.487842346153
0.330912455177
0.878865183489
0.680964162226
0.740476891697
0.171501916114
0.831784538804
0.91347287409
0.195867980249
0.219935279626
0.981880392686
0.558010725253
0.43963678535
0.858673069349
0.0271497634483
0.558938252262
0.54651891873
0.372784619437
0.721765891052
0.692324430959
0.983822778842
0.609660700964
0.866094706558
0.94234780942
0.512780473078
0.660516008988
0.944386622479
0.143216101411
0.909631570614
0.456551884273
0.768894327106
0.268282048828
0.782927349213
0.662830278912
0.0944857968867
0.442528961817
0.295454134022
0.56608036268
0.478707125604
0.200903281948
0.548018867964
0.544838322308
0.00778936899534
0.989964793551
0.26047400068
0.138233527538
0.668499617713
0.218473091439
0.772831443047
0.925670791735
0.742973672264
0.965044282827
0.242570309848
0.00563999851977
0.178829763955
0.074130147175
0.833192511334
0.5985011576
0.851579150526
0.588593002943
0.0958937265426
0.970524302392
0.850123139203
0.720959826167
0.858392307836
0.0174257010266
0.836755423505
0.308678023801
0.783251512037
0.424281148677
0.44259736732
0.992212308378
0.215431070451
0.245759340609
0.397536586193
0.932602405515
0.52872830681
0.367066461477
0.331645315591
0.975123888563
0.781974379109
0.958663714419
0.0449680175368
0.754381091106
0.0406685952781
0.366053773656
0.134283698318
0.597913332919
0.392171229611
0.0891062290157
0.424468245034
0.556467478976
0.0749957157071
0.00695274460317
0.977110927204
0.694292873679
0.594965006292
0.00185873995058
0.874148412258
0.771852104834
0.969980854809
0.948399985528
0.810148092066
0.454195781092
0.915458664557
0.210738010145
0.751540574414
0.0476674946194
0.82529558341
0.0248759123948
0.959780322562
0.19654711766
0.356648187462
0.882164429662
0.162346095973
0.0553326681986
0.830403644292
0.973910871995
0.408784934976
0.925117836797
0.925934419338
0.685164210048
0.134227927843
0.422858694201
0.427977341684
0.869962089011
0.373279300272
0.612533074713
0.433663150827
0.297025940356
0.798822687645
0.496679689116
0.68164328399
0.339465647834
0.0757731703524
0.964962276599
0.442664768748
0.736448164116
0.918436700673
0.30069936644
0.638764497898
0.798069994566
0.831214322149
0.108367540259
0.959777536254
0.94308647174
0.913698361126
0.941884659684
0.951582805786
0.440582818492
0.216700681745
0.127645866412
0.0605631272495
0.985550038532
0.601961420017
0.400739441047
0.365030076979
0.131440099819
0.267822437749
0.220541036205
0.0845116858903
0.160429441965
0.966427090385
0.00867161940287
0.233432712013
0.467422460669
0.68611073197
0.259524988419
0.803431686007
0.137708556726
0.344174989455
0.152106999816
0.981196090544
0.0103297954969
0.0371859907517
0.369721557406
0.442254730823
0.11778395512
0.00982260987623
0.695046049852
0.213980145781
0.538759869349
0.809698158247
0.833420096249
0.00163356378301
0.638505312094
0.25897715533
0.867850935511
0.0557017121232
0.554824288187
0.216933953588
0.358348705227
0.983739155378
0.0232440776561
0.514273672134
0.523372182148
0.110474126096
0.27289583099
0.114896020498
0.899822075999
0.577791999055
0.374011606194
0.420560319081
0.215732303198
0.92881069673
0.718995662403
0.0490087796202
0.575833532507
0.718029249418
0.902742776477
0.13564870694
0.119830482995
0.385351653849
0.834007638652
0.0138540626267
0.264871865664
0.952917238578
0.546528807328
0.364763292054
0.164114676515
0.827186193578
0.924080134564
0.745435706652
0.799238591729
0.201366278528
0.300880754655
0.238282451854
0.544584973305
0.164181012406
0.402563287792
0.935634260441
0.541107454528
0.3736636391
0.511218272553
0.553798713877
0.773126169122
0.758702317416
0.0381534585754
0.367049738194
0.894231349041
0.25521694481
0.411152982536
0.210167239091
0.748251215595
0.664034683785
0.256325526128
0.612164736235
0.66631555563
0.53694077272
0.0167934834819
0.259215109855
0.690716004253
0.952814963536
0.964011463991
0.0296382895309
0.863825332061
0.175263185925
0.848667059492
0.615550938636
0.541943581884
0.647155907678
0.978563762474
0.636092679329
0.793778532074
0.966695066773
0.742228667193
0.159515763289
0.612948081229
0.222853878333
0.726441487383
0.275919679615
0.0114702855473
0.0956422148833
0.751268566634
0.118542779938
0.892858462349
0.775908404888
0.98973716327
0.491435301847
0.979695950847
0.00949744177174
0.299649609044
0.586283953958
0.509027014398
0.296054721127
0.257011651594
0.579234944227
0.680259265322
0.845829929204
0.756527442403
0.170204013262
0.116233646633
0.110193029583
0.678857773889
0.106670521516
0.0692115494696
0.108182164297
0.0953511984534
0.289024288354
0.501210838142
0.00791037408949
0.00730624007539
0.984112924349
0.852929537041
0.392382737028
0.466157168233
0.962536640828
0.0906215043486
0.0692521691578
0.00701656725923
0.218493761002
0.0189519338904
0.431497722046
0.465019678627
0.92566210913
0.440219995072
0.684979888137
0.567050756962
0.780912355609
0.14009482537
0.698432264633
0.840889744862
0.862018976364
0.698376684718
0.422438263026
0.101380225049
0.139068968323
0.324967636746
0.0571539438013
0.857497677767
0.948570408648
0.633843301951
0.0971408545965
0.472218568739
0.461937422048
0.175682250311
0.470860903805
0.523372182148
0.719054831128
0.199840771597
0.988187593826
0.661988189949
0.270203279369
0.0190017431777
0.260741906665
0.595708765947
0.60821470721
0.953922352594
0.679180251807
0.642792817187
0.00742445379495
0.74429798836
0.409452327176
0.165178237628
0.0165693349357
0.400172429163
0.802515283663
0.484041589783
0.216579987396
0.0742462680836
0.0669650416166
0.0397307510437
0.928415533324
0.295275920843
0.0456297401912
0.351754384193
0.00397686925691
0.97584785086
0.038376371029
0.626762588322
0.870915302924
0.202494735822
0.56905849901
0.958705573507
0.930745136718
0.471665588659
0.706435771069
0.793124388565
0.7897233182
0.322050484086
0.314856132566
0.282781385226
0.142678322142
0.572967683059
0.146896810168
0.688469377867
0.9421082725
0.471821360138
0.795524959285
0.974023360794
0.115491040385
0.114985598419
0.906440846335
0.00433968729668
0.762795749636
0.345241331218
0.377261497053
0.987938855905
0.892195273215
0.950224431844
0.565415475198
0.420326052353
0.857481133405
0.589925608489
0.30264308496
0.375695848497
0.633884438584
0.756371947046
0.668488706541
0.48770378759
0.165995713285
0.958866943033
0.021382978801
0.798165274139
0.616606256452
0.959576584853
0.580336452242
0.551848200065
0.00266140816343
0.970363175405
0.743759906185
0.740426774005
0.164539732528
0.0126433743204
0.574083906817
0.0175731678995
0.627270219062
0.0459448692177
0.798475009062
0.218214971975
0.58461681353
0.185110110876
0.436597782318
0.78938036944
0.012003234833
0.453068134629
0.177188698001
0.476159575278
0.607628722614
0.984488024391
0.679241731134
0.990243403482
0.682871550683
0.440422270647
0.118516398248
0.0226085460188
0.450881920008
0.585368996322
0.076078090397
0.699424322724
0.156746946274
0.840708831596
0.743518459308
0.601306037062
0.695672497489
0.694339099404
0.938533076993
0.942015723803
0.0944342694257
0.295477267112
0.641201725299
0.401550266095
0.711768609057
0.213913923044
0.902575936465
0.688336894582
0.344031586807
0.50052851028
0.870617147323
0.567629928862
0.322755143798
0.109158125278
0.805523219887
0.339439100746
0.490313900508
0.651149273296
0.878443236595
0.4220381091
0.14219607598
0.815269234895
0.288701079405
0.986280452864
0.379822597103
0.758035023229
0.304558434644
0.638649647272
0.709516838869
0.105517886068
0.248463274482
0.00477093098463
0.919408120355
0.649456474476
0.710469588682
0.671940688827
0.601255265348
0.0984694043092
0.731981417704
0.209118570533
0.20876149774
0.964546878533
0.736770286855
0.777390830979
0.811892430158
0.91175891036
0.778696938582
0.748700960533
0.778077002789
0.23138934853
0.846779583636
0.867871701438
0.246997816874
0.266243913612
0.722351049147
0.92534965644
0.296693208163
0.940016303547
0.105108919237
0.425922742758
0.700022077722
0.969532558736
0.823801207962
0.533953768083
0.701580394471
0.023837892835
0.275919653804
0.649233108676
0.0742061321201
0.36500337776
0.764907129473
0.482269776262
0.952970627777
0.729800090531
0.290913619912
0.582765215732
0.204820936535
0.625058714314
0.613279410523
0.47665916885
0.481963757599
0.744179093101
0.544838322308
0.146265082812
0.271763696291
0.914194966932
0.71809295582
0.0420001511688
0.524952527381
0.994240863935
0.822954716184
0.396672439611
0.957096276435
0.89457428394
0.97558372076
0.450027261262
0.883737361965
0.831288355018
0.49034227816
0.0382001836147
0.98082238984
0.779579951487
0.237731024877
0.945219080401
0.622178005232
0.874570511932
0.996788475698
0.382757283858
0.705534848456
0.24966341522
0.919950941434
0.934677010163
0.0696324347724
0.989568387993
0.13077226513
0.283614783584
0.692043726419
0.973135679791
0.970101087745
0.595828046833
0.888309582623
0.0241751262045
0.994969400143
0.516064527137
0.0855338358137
0.696843284609
0.830847043237
0.267823577998
0.322904512792
0.460239849052
0.940783402108
0.0346907161924
0.975704571936
0.0248868464678
0.443580745231
0.832863293293
0.966760104653
0.626576122137
0.967223204257
0.0114085303127
0.363760932943
0.437786210839
0.0355224243338
0.113342287601
0.495860851636
0.15295108239
0.107943220041
0.886353337118
0.569235570565
0.454322501269
0.576792767198
0.486112585498
0.840361894553
0.602707122685
0.970873469422
0.313953123171
0.783004656239
0.926635666318
0.382342780668
0.62135464846
0.231711071145
0.87019053342
0.580583951194
0.580560490893
0.893116999276
0.64969067838
0.273558529183
0.935999053987
0.247790077327
0.827984894664
0.697963825979
0.00183289649239
0.750789374557
0.462482121672
0.038376371029
0.790561164909
0.00492257909628
0.0376991882027
0.84565253668
0.980122126127
0.243446875593
0.00429572056463
0.0152261774237
0.099431400275
0.747261322502
0.427961130746
0.507039183541
0.534255918865
0.400792008963
0.760261977181
0.991239155378
0.579102498408
0.483130432687
0.0111607949057
0.788209558335
0.766232399543
0.00803183030292
0.119629806293
0.755613823842
0.997494496384
0.336983542331
0.0173289104165
0.137811129679
0.484250836722
0.0110358324269
0.218220855863
0.958132245895
0.778468598533
0.00522505947358
0.701060513333
0.351526041494
0.130436217997
0.535847940147
0.146966673859
0.555129953515
0.0349475741435
0.165561936324
0.935999053987
0.116160048216
0.197569568277
0.0790461864058
0.880052209814
0.484699546397
0.80344865093
0.135648212753
0.00794766270024
0.996409355339
0.0206866146346
0.792239732285
0.448689753175
0.671324397792
0.801029029385
0.690950530764
0.639596408354
0.847027067382
0.758327004318
0.959576584853
0.965884961037
0.323920840192
0.917847234116
0.971501500035
0.880477881161
0.272513719354
0.612949369495
0.99743766887
0.692226218835
0.877941541516
0.231056343029
0.696532299081
0.119180133872
0.773644825177
0.0355973386414
0.983386763181
0.0396464456854
0.0896503651593
0.83549331987
0.411471636775
0.882094449792
0.0796933202431
0.0203796035876
0.981056157711
0.266325336775
0.650697754086
0.388098310827
0.703085568069
0.299202801099
0.710082682247
0.226899438398
0.0389279460254
0.910007889137
0.661783550182
0.134373618446
0.00184924434939
0.982104981924
0.994084021707
0.790561164909
0.509197357695
0.0817375984447
0.301838518302
0.0519587334091
0.530499862561
0.768357314659
0.122929062413
0.66282002924
0.548397304397
0.247303710092
0.625326796156
0.673607751951
0.975621838366
0.49188271584
0.53506990608
0.919824289071
0.657416766206
0.026160911417
0.951850619871
0.0358365135453
0.444702829303
0.714261285268
0.0963534723214
0.792993195071
0.0218567474471
0.922100689834
0.0634998856365
0.598127722496
0.954548242886
0.0623645344597
0.873344376829
0.207932359824
0.923811810258
0.514040661434
0.431264177492
0.567003477006
0.18283693946
0.0130317257794
0.072138696674
0.726642773077
0.010251417283
0.9379568064
0.258586203251
0.00576081346154
0.109989459639
0.850020575628
0.279983003478
0.346542638766
0.276054055991
0.362098438913
0.713749618357
0.536372538481
0.291019384029