0.178814426832
0.789213492883
0.0532537381567
0.13513251679
0.564522541073
0.204537880335
0.671218912326
0.978386834948
0.0170559629036
0.923618979093
0.217675035201
0.935824787667
0.705875661865
0.405237280801
0.940144014889
0.882854087486
0.98459015651
0.44218654272
0.908768611012
0.526521869617
0.818733131962
0.0459692217303
0.828949911839
0.759728125082
0.0703385249404
0.0219425576625
0.0874594668486
0.413896080239
0.0453384801439
0.645593185393
0.0469064456037
0.960120522235
0.793355699592
0.830744257755
0.780539869356
0.573568240878
0.573687549482
0.523654796669
0.745685051549
0.762180425333
0.634254887972
0.0820720713928
0.132332119485
0.99098948907
0.0734289425014
0.544826827598
0.691068556404
0.0339503012082
0.0870374427936
0.507297756086
0.0711885170537
0.101837436581
0.0589689194379
0.456588873402
0.96594669125
0.118142408488
0.133402606325
0.554210509711
0.0324570310472
0.989258210489
0.213917404482
0.53622049833
0.0790600275513
0.549896632636
0.756604051091
0.0494310998101
0.432423418216
0.310542164055
0.378682251521
0.352501245751
0.900708003043
0.253103663796
0.287712998652
0.866971290937
0.786439950036
0.892591766528
0.271823508211
0.547517996723
0.310408284769
0.00410067442772
0.309843098764
0.0283931688347
0.153893461822
0.678117546041
0.476372780785
0.328170871131
0.574061447125
0.286762244195
0.859575002767
0.69818809606
0.190922698847
0.018301882485
0.93993360942
0.93351533716
0.195907989716
0.139758916129
0.944703024203
0.61377813845
0.706042240625
0.642029280958
0.37957445402
0.963281520958
0.951499922944
0.556945711746
0.458000539564
0.420236766981
0.222761530158
0.761885368722
0.233574107204
0.844685184922
0.336162409415
0.17043926903
0.911010264533
0.29990746589
0.980102965339
0.864139737582
0.755829221838
0.977364029831
0.86121733486
0.902699407275
0.910621790633
0.940503710426
0.0177625537487
0.852361161078
0.825334534681
0.952501729182
0.784903841685
0.020526431931
0.666541259094
0.909124188561
0.640850494704
0.136180994089
0.0371137385947
0.925616723906
0.0737186932074
0.695557731667
0.972867271681
0.25369331809
0.808149912324
0.109697390764
0.977419990288
0.94393328793
0.683374178769
0.947846505955
0.279527820428
0.00654755187148
0.0867883504776
0.0127057487407
0.286334845429
0.915697276369
0.194355444617
0.0889868920607
0.98422348016
0.94910435253
0.391061405719
0.0518153456319
0.778779466415
0.994173580443
0.651321668998
0.430148103508
0.855607162293
0.376685523822
0.728540375406
0.540499016148
0.684143107666
0.510925177115
0.963500447965
0.96048927349
0.199389020082
0.0709909263069
0.642306137917
0.382485402053
0.0883976030352
0.800348385569
0.320679317627
0.0634496063856
0.456381344701
0.988031528571
0.504065045694
0.966007221966
0.77192798653
0.247876585953
0.851397977921
0.385584709894
0.3472792733
0.826005054258
0.341398229902
0.062632427554
0.39724555237
0.961126905648
0.854762867964
0.770057452507
0.00981452532645
0.767453928184
0.907633398753
0.965684661716
0.401323976715
0.983316312594
0.938904800681
0.702911781315
0.576869402797
0.951246701362
0.297099691987
0.167912756871
0.980170257342
0.0554582988337
0.0618355701705
0.945022387562
0.00282383458753
0.0289067218847
0.986863232816
0.710225677614
0.68528997054
0.851024064906
0.972586894802
0.310408284769
0.777014943028
0.960155573645
0.957070303697
0.0262555560634
0.744292738772
0.935735299392
0.622558454971
0.0619761845369
0.392419639729
0.405074107829
0.981785174572
0.00419568690725
0.880559747023
0.515131199007
0.00764851430697
0.0902589485565
0.0955268612159
0.902718127918
0.692455994554
0.599499178038
0.0282574503643
0.479761018961
0.319242510288
0.777131902271
0.982846316956
0.326271600734
0.437275317081
0.924157930781
0.0103077755059
0.627377222476
0.00796042854256
0.961650327259
0.974353266057
0.373797410826
0.985660140475
0.981746380242
0.461257156617
0.545718177889
0.0248704152533
0.0320839495165
0.267414037895
0.155543845762
0.623293324422
0.870506559745
0.0470741364933
0.988076501391
0.740405926869
0.946724521442
0.901260393937
0.117745614839
0.818598225129
0.304336956161
0.715057278438
0.835614236556
0.821289444449
0.974642780919
0.608498344254
0.0724738020348
0.920102042168
0.246407637288
0.967284040369
0.875551432012
0.70348302565
0.333530458124
0.109022670547
0.808910218056
0.91931496775
0.88846300343
0.578779650137
0.658490901693
0.699624503451
0.958138132514
0.809369857154
0.0957723585576
0.928285807059
0.87396431289
0.829227971913
0.0454729332585
0.977740670876
0.390555354559
0.927688309554
0.969621638531
0.952728061546
0.835274024366
0.0074177883339
0.476372780785
0.613650033984
0.165934037722
0.938340746605
0.101052058214
0.00554679224007
0.547586016198
0.830598196187
0.0486809651496
0.300753046714
0.104929217975
0.291728716325
0.69249223833
0.796613570455
0.81054036242
0.975064206842
0.0705673336099
0.510379245927
0.665961740536
0.381597790848
0.718014738263
0.0153545745078
0.942272577383
0.976708892253
0.0190462966372
0.191102272289
0.569428915307
0.962010479254
0.432423418216
0.187334095689
0.0734289425014
0.928081006167
0.0201119629722
0.738886594731
0.912833677806
0.630191956369
0.592398719621
0.750049292544
0.837757340434
0.983423430407
0.913456010488
0.93911683774
0.0224623073979
0.361034218439
0.0927515186691
0.934887534379
0.407038342226
0.352127895373
0.0259936817371
0.802729100942
0.397925432586
0.745766977038
0.00944340944692
0.510710494088
0.883811623731
0.843286096184
0.732068358191
0.090595799789
0.989008831542
0.359146129155
0.857057000868
0.839709838955
0.048694820012
0.889935231177
0.0205194503024
0.0265239404945
0.454516694754
0.889088263529
0.963849075908
0.16312181684
0.102922396878
0.647472673616
0.381674584071
0.598811065521
0.950073703601
0.830217240118
0.588636222301
0.0933169814157
0.57002660094
0.0347691561777
0.644540234199
0.949463533771
0.32437400812
0.033831385467
0.450858185926
0.212334813687
0.408836962697
0.710735491951
0.950008487565
0.850834132375
0.12335899102
0.0689999958925
0.0415126121411
0.279075643078
0.395263516094
0.284413876028
0.3484663322
0.693270026443
0.00866917792748
0.755022133698
0.519990764918
0.0748635215151
0.0732567794248
0.767999313593
0.986288079954
0.520631096966
0.9683485816
0.519725740505
0.012472689841
0.0187797990885
0.605390897403
0.792639327974
0.797342360425
0.577934178746
0.0185898161825
0.502551081
0.0172251458543
0.950029675141
0.939507407899
0.0917778452107
0.250923945466
0.913756649933
0.0937644645218
0.00349355401282
0.0672612422172
0.17142983669
0.543633883458
0.833717771043
0.775780539821
0.0278582549607
0.162769249915
0.830050642011
0.072057902634
0.516542853068
0.962660030448
0.678641240784
0.574084540055
0.17628752348
0.851665236746
0.505027333174
0.626777540265
0.0775108327615
0.399422999954
0.728356718202
0.933094214296
0.0755306090644
0.441281095693
0.251074707392
0.377678177275
0.37719968346
0.739925626228
0.916770562836
0.712383045613
0.883752460546
0.0718842542118
0.0865625064093
0.242243015508
0.0325856048956
0.266958254045
0.637919186442
0.898111811353
0.0981886416555
0.224167230876
0.00568558052704
0.0410556746161
0.134178217014
0.624651217568
0.914112004245
0.936302753444
0.771260751549
0.925857239609
0.88890983638
0.0716591521062
0.333760524412
0.01505091425
0.74272891799
0.894284400514
0.792886224111
0.927688309554
0.85640301263
0.988257590621
0.0734010769522
0.959017610782
0.605270656861
0.0389175506964
0.0258024060863
0.240403689815
0.938790867481
0.662093440863
0.0722582615222
0.0167406246492
0.980822336567
0.400032066662
0.907441188232
0.892438856462
0.648077177477
0.71181814402
0.756162545544
0.722526242504
0.573500283955
0.233040125458
0.464721214734
0.909401057509
0.978123045844
0.592830322819
0.09069540549
0.962872066515
0.0226352701167
0.0162711166053
0.304033726581
0.174460653474
0.0766330943259
0.248323497229
0.0236423254805
0.0129646696971
0.00569372244095
0.918828808197
0.984463636932
0.52071696351
0.700060052606
0.368075511097
0.818079599543
0.929393403515
0.454614938396
0.633535264074
0.70009489083
0.831340519303
0.829792240409
0.0766064824515
0.97619140262
0.814460094553
0.707193378999
0.702169640776
0.0222588923082
0.974783743985
0.857938473071
0.253399573873
0.121325495321
0.0379652645218
0.122634327129
0.893381773161
0.267855517408
0.921794493652
0.783615170084
0.13560931977
0.486202041302
0.0698064558864
0.898377925684
0.00393635389225
0.267419525538
0.0321146380438
0.431132512838
0.756166003147
0.961708426321
0.0103077755059
0.841333912656
0.929972465385
0.952446857758
0.269067068378
0.934326196844
0.296241508176
0.786357814726
0.510327953138
0.829227971913
0.0826103611634
0.880223608858
0.33579861156
0.00697376597713
0.456357199731
0.958405342783
0.307954163116
0.947171949086
0.0548516766599
0.984890163308
0.0245220947339
0.00480478395924
0.639917622903
0.00355858913109
0.930205443642
0.965930865887
0.942385133435
0.0870415559479
0.296505567917
0.220762630786
0.879185163588
0.608919558302
0.0215623773131
0.0363678485672
0.359048752978
0.631579134049
0.565571048964
0.201496391971
0.704927853568
0.872322590119
0.208377352422
0.542300864208
0.93746921209
0.0537341788054
0.589814340624
0.703649716351
0.871793315664
0.270298313745
0.9491577887
0.020714073623
0.306433947451
0.41764473857
0.0904545711678
0.0424651341266
0.748284570085
0.84867821568
0.0171912865678
0.406452737008
0.150642272865
0.45004008431
0.727352553365
0.0447918196818
0.0129349453268
0.48294304417
0.914480608679
0.945022387562
0.0388109940273
0.938534886356
0.842182787665
0.00547602655554
0.545811685919
0.993091246838
0.353478280987
0.160524631235
0.948262205749
0.689992896603
0.983109323983
0.0820370679453
0.154507148707
0.475364015238
0.683711424013
0.0996201941016
0.646491614999
0.992029707384
0.022106604818
0.867286144101
0.855346807572
0.072898632488
0.328837790945
0.964782454002
0.888651246659
0.617888939616
0.375663412566
0.898789328891
0.793268141918
0.940797769255
0.369642184541
0.454775439985
0.122933178889
0.0508858462992
0.920246608203
0.526507798786
0.278297580496
0.001939420716
0.833429741498
0.151118573027
0.428895751395
0.950581533329
0.616086447777
0.427289615131
0.0137991779631
0.113845036261
0.539787249315
0.617272431378
0.993111877666
0.897206926487
0.00575320365416
0.115751377374
0.486850777038
0.443989711156
0.0206052755252
0.386954224866
0.00885344541861
0.298853003515
0.966942487047
0.48430013471
0.365526078682
0.6650471784
0.661469792213
0.965330737122
0.0423941253187
0.440635545886
0.145949112699
0.460214032444
0.536144325821
0.992604456352
0.0285136742812
0.864362126744
0.711101418593
0.599886807933
0.744345671065
0.914727825739
0.937902849095
0.0534637474083
0.971746523346
0.569445341405
0.110467465402
0.406428575499
0.400810757199
0.773241169345
0.100457703701
0.092219641299
0.171514530391
0.965506587773
0.838372122173
0.357480508837
0.0115736926544
0.482656876341
0.748656285004
0.0645293289064
0.318181051049
0.976233328096
0.9745300582
0.0154920729758
0.514997531653
0.785636697559
0.242413609873
0.36566400892
0.0338687606218
0.542005746708
0.982330039746
0.118828081302
0.362209852976
0.382634750529
0.432135720211
0.642163272181
0.580674007591
0.821856816609
0.938675163744
0.657610046106
0.870166532341
0.268264548677
0.0544597284849
0.0441009568136
0.0625728793711
0.843967177985
0.968926379692
0.1018961314
0.971995449548
0.565908859344
0.971429951723
0.317857539809
0.0726075590879
0.89670165799
0.609628863373
0.191899524547
0.618342498417
0.0121140354039
0.306667015424
0.23552461831
0.884391553361
0.440281136171
0.192592198411
0.759822214097
0.934540770786
0.718036401811
0.690145947383
0.520553291174
0.178090709221
0.0711462194818
0.430384654962
0.234481856198
0.228332402346
0.903825748229
0.934365966804
0.446125606949
0.104100842984
0.0788763254769
0.354589483398
0.0428459975144
0.676797731409
0.123217003151
0.980428338969
0.0260263756854
0.0941521102789
0.968419813433
0.981149251102
0.531485745832
0.471881817473
0.482313596259
0.834473161107
0.383611779228
0.0730203836802
0.356203182155
0.90017940981
0.763367233439
0.684071485141
0.0902377433755
0.285325599191
0.880212997535
0.986005340271
0.262043422577
0.0428135916661
0.0225236566739
0.0476309616275
0.92752953167
0.778772580164
0.0360451732114
0.611225817405
0.474834540511
0.335812692808
0.312210328845
0.897064010835
0.609369159666
0.507267255363
0.472343854014
0.857321315398
0.617117310765
0.902660236753
0.958560919306
0.251223771613
0.878420318114
0.952448411047
0.0711853535585
0.305035982072
0.258549946498
0.334846909728
0.948532119456
0.0317346685243
0.348756249848
0.00914388493451
0.678694208831
0.825781828928
0.278297580496
0.812164432328
0.0622875798277
0.900710074783
0.984227216686
0.971021744736
0.204123432519
0.736729090203
0.935353805534
0.8775301833
0.0150368616981
0.404094196965
0.316904093689
0.172656627992
0.0273176234345
0.271042171597
0.963912123946
0.973190213913
0.533028105972
0.00617304146428
0.51289305149
0.568336645518
0.751268534193
0.965393750598
0.9479924482
0.974378176208
0.246797855862
0.75196907767
0.90370208873
0.915299258077
0.876266970666
0.730336166734
0.88264016777
0.444725253614
0.147191114452
0.00932451016707
0.750362521259
0.0223815056696
0.603182127221
0.956690461833
0.918861403085
0.36744545594
0.939667512325
0.00847797614292
0.552739374582
0.967422139768
0.0209948010896
0.988735952883
0.987786570111
0.0791088469071
0.932126285409
0.703858138204
0.81212117593
0.780978263482
0.980435424248
0.172107991441
0.990952999256
0.188697510031
0.241078906802
0.197857590461
0.922625177964
0.115855167457
0.860985055191
0.515657816915
0.863964356008
0.0305182363564
0.832081674474
0.279424370182
0.160973899662
0.018745938886
0.0516679021927
0.0347166343619
0.356221436042
0.894044239947
0.925607289517
0.658865444171
0.341043563197
0.623411818239
0.575053142459
0.167382442479
0.540647111368
0.979655662036
0.641727126044
0.725909723211
0.765661521702
0.0177171905228
0.0458802256734
0.184491748983
0.25983965368
0.230610397129
0.721495141144
0.813011048633
0.906451817252
0.0456520270035
0.0651776714048
0.136797527054
0.0656104122679
0.181324188658
0.421085945337
0.950251379646
0.0157402051963
0.525678390882
0.105592129245
0.122253484438
0.16455876149
0.766388777705
0.720855753133
0.252583460626
0.526170666451
0.090595799789
0.946766256228
0.113976354507
0.0130514878378
0.96012034029
0.295477760575
0.00300937213557
0.576654386868
0.322557465306
0.291417604432
0.137585929125
0.0316751569696
0.394600684597
0.16635862081
0.782884909146
0.468963302485
0.575053142459
0.0435286228849
0.902880681729
0.817667467707
0.0195838628225
0.903747242029
0.302652527958
0.987461379214
0.628776424166
0.976078076458
0.0396246121515
0.872992202701
0.862590783777
0.903449571298
0.609333434675
0.19991335694
0.929430776028
0.682916045398
0.713288483997
0.711808566808
0.848757370183
0.369702044318
0.117787033098
0.28946517407
0.118649415226
0.965520965173
0.941907518955
0.722607279253
0.37247065567
0.0952164438139
0.609659162427
0.983844745592
0.0161629824999
0.692328223957
0.241078906802
0.885944007361
0.394047759411
0.707889305541
0.657800059712
0.91108314141
0.0582728466493
0.177235937859
0.812300946101
0.948948771488
0.666997992115
0.691502881815
0.556652932157
0.97374190553
0.0138981933372
0.988578735615
0.383321288919
0.941208863848
0.639288713717
0.491444689015
0.965863123864
0.961171511741
0.874957269315
0.979173414341
0.609648726937
0.205098198098
0.49489334498
0.0958646085537
0.973018440553
0.0364334027728
0.569126476252
0.924671854948
0.222483986985
0.424529314943
0.0976182188504
0.662253564001
0.114243577668
0.855630523217
0.213975392816
0.0712415719705
0.0326265609551
0.0259293035992
0.821289444449
0.102695929099
0.707062709807
0.966650068866
0.726428272799
0.96270809262
0.0670562756842
0.732858288005
0.704761509722
0.449947924443
0.424601106434
0.245637958068
0.937607524662
0.837982495028
0.300676113662
0.622607831903
0.697635344611
0.120934127945
0.133957891823
0.944304236031
0.829796194318
0.957119253695
0.379876009815
0.205691184265
0.395975955161
0.0544903901252
0.52431220635
0.250171051563
0.935649366099
0.00260683425043
0.960175694381
0.872379538259
0.0613314530787
0.855607469821
0.868203332562
0.221467716393
0.851577923467
0.830707071886
0.54969155926
0.777985084673
0.799153633829
0.967206185522
0.962381805522
0.0807707621014
0.167773770185
0.373842393384
0.593008966674
0.805611187811
0.372816027245
0.0184970851517
0.0123778638914
0.983504369795
0.0652984619584
0.312026176425
0.00818171318216
0.101132041819
0.527001906337
0.00915381298163
0.389159833478
0.0726841702797
0.976893113384
0.554588204862
0.790493995031
0.61822633805
0.902123182121
0.0273176234345
0.940989081443
0.670026345388
0.951805433885
0.959972131243
0.992020197477
0.87056122892
0.409888021873
0.785595665385
0.990865179306
0.808235506491
0.0768313878933
0.900657754601
0.0381364301456
0.113891487753
0.378915872779
0.0958165499273
0.730302123844
0.0559326062813
0.524729546531
0.164489851144
0.716165486896
0.0118617653136
0.400032066662
0.074122163911
0.307699629533
0.914141551762
0.624847890433
0.0195063133064
0.784650501204
0.484499297828
0.324886538926
0.614094170701
0.389546929294
0.0287750016629
0.309260203237
0.0976182188504
0.90370208873
0.0890866399566
0.947558525065
0.452843489248
0.0281722295174
0.220913982901
0.873737736008
0.898863034009
0.195907989716
0.77481368138
0.671822959626
0.189576643429
0.0595730889271
0.993501553768
0.828258910893
0.946595194119
0.372414747457
0.630962356763
0.438582577061
0.137903749038
0.523467853378
0.790956286075
0.334168577362
0.885636553481
0.884840307356
0.151018532263
0.39877679859
0.567389598468
0.933132918625
0.0781705986005
0.609230208928
0.210294246354
0.497109484225
0.961547519551
0.00571857911632
0.026345389318
0.667742308119
0.332332377751
0.0392446372527
0.272657647551
0.0614089426529
0.110271480917
0.112188086454
0.935390394794
0.21164028787
0.624994838765
0.00316710921336
0.20908405317
0.807612724671
0.88365844116
0.206235367481
0.985422264295
0.776903113414
0.469161332034
0.0653639921986
0.105842657337
0.0313515812363
0.933317968739
0.0368843707009
0.260932415645
0.575808212652
0.926550046271
0.987070737853
0.749774545399
0.897079006541
0.436225306279
0.684071685893
0.892788156893
0.778779466415
0.369915462543
0.054393936702
0.962842550519
0.936341438746
0.981678221246
0.215243604172
0.458664792733
0.0183678684819
0.647808575438
0.644556391574
0.134597299701
0.319003189367
0.415270614172
0.142196931487
0.66026682655
0.213131901485
0.955089395308
0.231179185643
0.92534772618
0.971128060981
0.875527766672
0.919877090341
0.874131202672
0.0578177478505
0.357593480007
0.900406521248
0.685788496778
0.14525947871
0.646353441265
0.983032859802
0.533139539258
0.675008552378
0.716321883777
0.514690801467
0.62113628273
0.677952081939
0.0336830192446
0.315584220819
0.00380934983091
0.353457917468
0.0286208282805
0.0189488803997
0.108439603444
0.715741607235
0.450667989284
0.5285727476
0.601577606362
0.684073017813
0.967288045072
0.895205172473
0.474280005271
0.267855517408
0.293639501066
0.949214451418
0.345551001301
0.951080946131
0.983375491909
0.993672563191
0.839544103102
0.464338436532
0.962672480368
0.064741315679
0.563653811248
0.199557545167
0.352064174777
0.183923805353
0.99237327437
0.565519796917
0.946234625784
0.954106771077
0.266043726768
0.878225934505
0.714154601148
0.574534731928
0.064760482657
0.146712644925
0.77493009521
0.419422465865
0.857394120229
0.674226188457
0.073577034085
0.150963997733
0.97417946212
0.222827063752
0.38026542447
0.892759743957
0.392212809165
0.995396405099
0.195499892934
0.251986674445
0.904410637272
0.0981116352991
0.0532994480054
0.399304733904
0.950264595411
0.958191166962
0.0469314370777
0.155331855836
0.202469526843
0.953178982
0.0402454725286
0.00606474906332
0.858763753564
0.469544858873
0.731515129292
0.642579921669
0.651798735618
0.0373844308546
0.782412402359
0.100282687331
0.725663921777
0.0342498919835
0.0568300518911
0.54284728301
0.0364139825728
0.891309056038
0.958420217519
0.758925698419
0.96780323562
0.961162770889
0.884240420139
0.672927358279
0.112559646649
0.263757579807
0.0701370365335
0.925062241001
0.0307453676052
0.143352982079
0.0534639629439
0.680213503515
0.0104513488863
0.983316312594
0.813997498031
0.966076159848
0.987188702195
0.0308458839735
0.818589535032
0.0240022175276
0.289417579825
0.652937268422
0.0181820149759
0.395620923911
0.132789411695
0.0461764351965
0.980494044678
0.579848360823
0.0645535711638
0.352766080389
0.669438944189
0.99376353334
0.248805659591
0.229391870616
0.579086913344
0.623629783875
0.154432563853
0.472577022809
0.0629302230434
0.916601040841
0.316720932849
0.688690636069
0.973557631395
0.734386679593
0.961759361757
0.384928687194
0.915342012778
0.438841220099
0.84854941589
0.0519959621376
0.0652984619584
0.972334248286
0.325015938088
0.0703385249404
0.723380135689
0.718476420046
0.899510627288
0.88723706825
0.0459393360985
0.933647611437
0.677147320458
0.291058801524
0.217151096277
0.307856243888
0.505317039891
0.0772784424863
0.0254426903558
0.689311133385
0.272569088059
0.678928837608
0.971716250129
0.237604536535
0.00388829840414
0.740555367293
0.974006750581
0.299960560622
0.417636296902
0.946073582168
0.21690472244
0.26131085709
0.988773286121
0.504736218121
0.185897214328
0.553151895931
0.590257846765
0.163517017774
0.810444041323
0.867499788213
0.957599602674
0.142715278976
0.31134695483
0.920600870344
0.915650598985
0.00877531163659
0.0486809651496
0.017662744247
0.377315928432
0.989055477833
0.952378903448
0.455259629754
0.649198143387
0.476522551865
0.515449260173
0.0433219528452
0.0161831627389
0.252036977314
0.981809148123
0.594970631803
0.792805826323
0.00345125115356
0.905032784496
0.798680104396
0.930676616639
0.911003162463
0.0448326073603
0.398682479157
0.875602484892
0.864743759924
0.40794950109
0.611822439717
0.914370491522
0.600438306334
0.81410905147
0.319209891507
0.94411525004
0.156017652674
0.983543296889
0.871287041073
0.762520337029
0.48327369292
0.176592608469
0.482454771062
0.0467145249076
0.628565803231
0.845640860361
0.139763666263
0.104014141558
0.871729705048
0.600704473073
0.873868131206
0.082784220228
0.181962579217
0.604500810689
0.459923037981
0.603808906285
0.323043246815
0.0108859384386
0.743430639211
0.278176416546
0.353267997193
0.972725704454
0.887583136875
0.265516477069
0.0609610996132
0.647633410344
0.719424564084
0.987348266656
0.729229086851
0.0430305353789
0.889184987462
0.747942117304
0.898873097105
0.688718300126
0.989021115414
0.0911396914859
0.958110157569
0.197478785716
0.0544340128296
0.973109559876
0.869031469201
0.803605387188
0.648516201513
0.646734130033
0.492464684449
0.740266437857
0.814650588278
0.0820342156734
0.809847623848
0.96038413948
0.0560246156909
0.921718784359
0.37091734599
0.297614556641
0.241757524872
0.806430052185
0.973281948424
0.748002909638
0.39855104814
0.926318014458
0.994524660729
0.152615502701
0.831781491541
0.06723449066
0.932828554935
0.959025216456
0.379016944204
0.933250077051
0.534567858354
0.540359478151
0.670184229975
0.604482982076
0.795739551353
0.175564456166
0.752768567448
0.973864903361
0.489791194943
0.650185295725
0.698689106415
0.0225631771925
0.52512846376
0.952976274252
0.671123122082
0.654762042878
0.676813750678
0.427509522548
0.178375216136
0.909397960284
0.300142490755
0.00427556488872
0.460738420698
0.973299679308
0.138108298219
0.752633523761
0.0662992155318
0.0678493067478
0.90315461243
0.976907117134
0.647957249743
0.552171060374
0.293359650366
0.595411977966
0.0431146382082
0.783610402261
0.0953116285331
0.986000102861
0.723389879491
0.339063243674
0.0298384602189
0.0701106660687
0.987176863107
0.517200261596
0.370334256835
0.745172378408
0.0435392832907
0.349739021115
0.671884609353
0.200208777956
0.0819422945986
0.970346114992
0.954456450605
0.00801717195001
0.887944253748
0.845041042233
0.0112309816218
0.732384285267
0.579710632109
0.893505609558
0.647438450647
0.0274571539165
0.223877495874
0.239379691672
0.235511410655
0.161069646978
0.865017039143
0.843324259176
0.0117206669285
0.216398733053
0.00931750178545
0.848757370183
0.493995538644
0.67189284815
0.874707830148
0.476041749771
0.878725892248
0.882338595691
0.806349914951
0.105317556008
0.662087227049
0.783379710306
0.527806334537
0.186579627999
0.485203505123
0.0639890088122
0.934830297365
0.359790868097
0.945607128543
0.109368872672
0.0164968811643
0.843780442773
0.610588521404
0.00438986749194
0.877260028232
0.727919118136
0.840040403707
0.00524732372077
0.910175310316
0.0267590126565
0.345434968787
0.924945938805
0.556777158404
0.905590452464
0.289364573527
0.909851916198
0.0603803638235
0.173876845967
0.358951896408
0.436212888946
0.972546276036
0.186243422143
0.969297048701
0.0675667573023
0.700910353512
0.958397302271
0.375968619515
0.236954968312
0.238894728016
0.984855874682
0.483372217119
0.0221578309732
0.782468862027
0.306709025807
0.592683908121
0.989691843313
0.981837888309
0.478088694879
0.723853111924
0.75343820927
0.937725674174
0.870870943038
0.99140073505
0.502871870482
0.203132039192
0.0736565668365
0.99392214199
0.496574140821
0.552036850186
0.922722232778
0.917581145174
0.574404194302
0.689851347708
0.0548387264342
0.121736431695
0.709746544922
0.975721675436
0.0202319068248
0.968523712421
0.941270683162
0.587133605508
0.111345564261
0.0945463758635
0.129128213183
0.387946119389
0.827804036798
0.974576962995
0.533611725679
0.386060317184
0.778341001624
0.262384888339
0.498485096811
0.807320478638
0.918851189972
0.0419164028255
0.696976472967
0.918491444232
0.712905976912
0.545781376543
0.158158850862
0.832148522079
0.830145693961
0.0609303850561
0.605741974595
0.0256882856657
0.939219721138
0.280009090163
0.923206664674
0.221778092413
0.623678446632
0.46726160882
0.0353641274171
0.448589325776
0.815540453314
0.729532738339
0.911826136288
0.221164393375
0.787168897347
0.941708630611
0.25369288859
0.209450440647
0.0477644416323
0.470686117245
0.642272796887
0.131006128189
0.883652195821
0.102204373849
0.593220142523
0.885944007361
0.691768013814
0.965731131888
0.9279876348
0.76508646626
0.566690807266
0.974768023865
0.271186743757
0.00603959441907
0.0232759052611
0.0305420663186
0.0835781699971
0.834234951802
0.333624989643
0.809847623848
0.767453928184
0.774356402021
0.0295735936577
0.0268830051896
0.0169395801309
0.241708588026
0.544916498013
0.932430748428
0.750020542556
0.527463292434
0.166247343305
0.296574118478
0.757785777843
0.857001327244
0.836079687183
0.376331200356
0.719299599415
0.953219099927
0.851745440456
0.672236572738
0.404133214791
0.22340405967
0.845735700123
0.369611073985
0.851464394048
0.505891850622
0.28778619901
0.903557752719
0.940443848325
0.283260475054
0.248258174535
0.492624587842
0.782817594509
0.907506852094
0.160024231312
0.00931750178545
0.184811344112
0.956689639273
0.372908191434
0.94488718584
0.565418648125
0.0284410963576
0.76772565727
0.28711998271
0.30321230169
0.728830301009
0.963979281845
0.482656876341
0.26425067273
0.322997261486
0.807438987607
0.00505155253399
0.270936247447
0.478592519391
0.997682536827
0.00954386240582
0.0200602798148
0.258139715018
0.259622455448
0.895364941835
0.473825250905
0.561927282599
0.220220578845
0.503400164276
0.968711979018
0.0447077691973
0.982632251241
0.983880354408
0.831063477513
0.327945095833
0.0168048974611
0.183002328902
0.22052601603
0.981435156132
0.900478323133
0.996094235451
0.282542768681
0.767407461162
0.899297286288
0.903110368552
0.95968984351
0.0574053619787
0.419268846705
0.941200510976
0.198163021913
0.786768569027
0.00397533117014
0.0936170651426
0.0970007001209
0.867649843111
0.406999337459
0.925857239609
0.867591281827
0.453566242011
0.233121865893
0.811730571415
0.72960611212
0.957815259598
0.971429951723
0.336532963467
0.274259553442
0.690436283324
0.0406778795972
0.23283766017
0.866395314561
0.214907443797
0.0393642453798
0.880948930873
0.938413529615
0.296796055493
0.0536517957305
0.847404115857
0.967409916815
0.00408905776706
0.924297338032
0.0455982611012
0.951743618604
0.00508597448911
0.501129191499
0.0877603366156
0.0424554614831
0.830832081482
0.227183553768
0.879230672927
0.0574812286368
0.365907132308
0.0332561780792
0.375219645597
0.0498469722235
0.499938077657
0.200378760306
0.969110340627
0.959184979056
0.613451094519
0.904412648342
0.544978508249
0.974366682072
0.155350069298
0.127186975835
0.0292352164389
0.968533832623
0.234527661673
0.893252184821
0.169199949548
0.288152302521
0.323653780088
0.915702121308
0.0887115373267
0.589604567073
0.0391690106186
0.0181155447618
0.233294199188
0.671275342141
0.228223211658
0.388750249445
0.16962176299
0.0679507747303
0.937384664003
0.602502475452
0.271736176698
0.0766164478215
0.924138113982
0.699387399497
0.51244542441
0.17046033126
0.655505700401
0.604012578822
0.161000112364
0.0990160911157
0.980572454576
0.701913399765
0.407427344744
0.513691630789
0.377495015795
0.0863184544555
0.0275130184098
0.0540516527577
0.771830799252
0.878570628025
0.138949301531
0.820411883476
0.0251135636828
0.125596534509
0.167800346399
0.152404140776
0.564495100249
0.443192909823
0.372185656991
0.729839079043
0.70895599437
0.0168474371095
0.0265521275229
0.605928622295
0.590448158953
0.101559946093
0.679672049944
0.0498100101276
0.10153080761
0.240654531748
0.694878298121
0.959631159641
0.978657924056
0.645622652597
0.915336402499
0.95473049391
0.465634500367
0.581671430788
0.937725674174
0.976843712526
0.471363517528
0.59117120997
0.759307331172
0.985583693179
0.0198464244488
0.92792224338
0.054512228704
0.727402583282
0.679601031357
0.97306985929
0.077801030512
0.0397473509977
0.609768142425
0.31367736115
0.163517017774
0.019514995622
0.850190457702
0.656379568673
0.407122637604
0.882925513172
0.0774651502338
0.768202834072
0.849251537046
0.0206415889734
0.20567667587
0.635950512624
0.432308110742
0.00589136879098
0.0714365965146
0.90757804118
0.413296911513
0.245286595367
0.633132065234
0.389521316833
0.928403431931
0.234489710176
0.409638051612
0.116341067335
0.0831975334799
0.868967235824
0.508661550133
0.9573108613
0.989258210489
0.180657361199
0.0197268455012
0.432522049265
0.890967766132
0.963229163223
0.150222205454
0.976860658824
0.90378038338
0.215785307328
0.79727915151
0.280017247891
0.691316938147
0.0165248952156
0.4410265861
0.675073622897
0.547174157216
0.457909221094
0.977315750546
0.027517041998
0.254757214831
0.0543899882263
0.754432609741
0.900293691611
0.0619816745194
0.925059292154
0.506125376425
0.55560140727
0.418298435843
0.157615411492
0.734231587936
0.948237803186
0.0957485647499
0.512147507134
0.968871827802
0.914051842929
0.0100618821714
0.828767449386
0.9387155499
0.439124701346
0.0144727109812
0.898704339865
0.982950992528
0.133920498037
0.0967172345294
0.0241368139435
0.993662234965
0.438935392415
0.43322282464
0.264356528876
0.992302715549
0.0291360937849
0.940670914524
0.968078377087
0.475203473048
0.976641904295
0.00467209917818
0.316925387071
0.67295245227
0.557895106657
0.305538376641
0.33920075679
0.989536832025
0.746123879375
0.180653528
0.45698997262
0.6706259112
0.97499796045
0.922787788416
0.956745478968
0.100523926594
0.788353642417
0.952191259301
0.0107315341888
0.763659338726
0.849395708809
0.769877648529
0.0149000606378
0.45018313054
0.335057195104
0.6456097826
0.0185284379584
0.451688452747
0.61511943986
0.974490429383
0.951967129422
0.845041042233
0.976093549121
0.582025312653
0.499574063122
0.360898710026
0.0433009750249
0.093533130103
0.545727579981
0.946583077024
0.0273127852826
0.6724275818
0.884804891079
0.0452469929278
0.873148746654
0.958620831817
0.915630653359
0.449638268172
0.956478286569
0.105341810911
0.168569549817
0.264672524343
0.940901911274
0.443989711156
0.325032247458
0.47578491209
0.762784387833
0.0378857625715
0.0764106366692
0.493674316767
0.0993604697958
0.197955758576
0.756253068275
0.968892028861
0.604500810689
0.789223818061
0.190352774967
0.864323580529
0.492314306699
0.573491729144
0.57533599529
0.871772046954
0.579648604221
0.280637736151
0.820610374537
0.19189259289
0.46565238162
0.234975502787
0.307396266395
0.2195396734
0.470571523427
0.227654646726
0.188144028721
0.171729166028
0.717484858745
0.0221654385673
0.0553668560074
0.776181232482
0.113410703905
0.72309363508
0.246447312478
0.00965325119864
0.248382313064
0.98786940612
0.889680360612
0.0254368279351
0.0336110368729
0.0340723986034
0.159096598917
0.65789028088
0.961105610253
0.161129152943
0.00599404875775
0.803406299623
0.916526281024
0.334218648608
0.941045808716
0.42512938545
0.273118147953
0.0624714694254
0.909101872399
0.257371768019
0.710976195587
0.869499851025
0.018110212396
0.656383497182
0.674685661096
0.0417356444416
0.187463040277
0.20726298003
0.407216850734
0.130862899619
0.0218836048529
0.270318057851
0.798932972596
0.130243076062
0.617597344364
0.165865671342
0.141143663808
0.614184800214
0.438061182591
0.99317383514
0.911245035789
0.313454073865
0.40299845789
0.941780249091
0.260586228379
0.138205312458
0.402666708043
0.621951263662
0.887475555544
0.00959379929517
0.0948763738724
0.455336502033
0.674283125044
0.515441594269
0.220796429338
0.0668803027183
0.0286959492777
0.479341765318
0.0457091199839
0.709358624716
0.16193072639
0.0504496644973
0.62613661177
0.00837107461747
0.32892563112
0.456606774961
0.993623537194
0.971173093088
0.419494976171
0.0330575071498
0.815836655561
0.22240872132
0.0383551466189
0.934830297365
0.883187604948
0.826024584022
0.714153651084
0.992153957926
0.0962888050894
0.319722537433
0.868594240428
0.693322458113
0.510106561178
0.764909682515
0.194321134103
0.597483773336
0.295723694704
0.38064507798
0.905515208226
0.431132665491
0.884328376934
0.123340212735
0.975874571464
0.99500047405
0.424492296143
0.97341313438
0.219914419338
0.856133432174
0.0225559056469
0.377395813956
0.0223643033163
0.0384169203842
0.42265654732
0.686090064336
0.772158556899
0.631130566538
0.843593107244
0.743293501184
0.705001459396
0.481315241695
0.915934127101
0.0829707425813
0.781467815865
0.849347992107
0.962110410776
0.347851793362
0.938867317505
0.345736702118
0.202556204472
0.758122578778
0.981056088175
0.838735552473
0.170064892384
0.957841329252
0.851608954847
0.489875270991
0.162467239001
0.380695070234
0.915223673792
0.496686156682
0.0671927980799
0.896113384774
0.297614556641
0.771504232145
0.145232728609
0.440641929131
0.868951892318
0.875453942183
0.00388829840414
0.245778639261
0.0304209360514
0.884525630287
0.974681731843
0.157397824932
0.0859876463876
0.371891336404
0.959934093429
0.949846988519
0.976833881373
0.33906562112
0.0260708580339
0.16436552242
0.552711688805
0.996568192143
0.0406280473928
0.744722481759
0.775130625815
0.218613305992
0.917500520979
0.202830925828
0.0929319417576
0.404893299231
0.0841095743211
0.0830931801064
0.285873059853
0.929622801746
0.157784960608
0.126219457104
0.560467054442
0.190411786578
0.573511882866
0.583538963651
0.643121196055
0.366994692999
0.600449604254
0.989496672674
0.968243442844
0.208889355246
0.904319697981
0.0954202685609
0.539360696239
0.372139755809
0.325905425457
0.353166028901
0.0182299185698
0.0116497286285
0.51316263686
0.338869132954
0.181013189862
0.94269585567
0.752254762023
0.797071843526
0.215146226582
0.0941521102789
0.955213516924
0.309776730719
0.432410917979
0.813397114684
0.486202041302
0.626553077078
0.736133955792
0.667220051826
0.440818339992
0.708509812704
0.0374131357841
0.0169395801309
0.222161531468
0.934895895768
0.923840281861
0.726185127397
0.991696699704
0.940212976951
0.0409127793453
0.335326679732
0.858985177392
0.262720806161
0.641154046892
0.969566525607
0.468930401726
0.285007445304
0.110660553572
0.162982624082
0.81457001772
0.953150227865
0.159442486969
0.37027600038
0.00509876498813
0.605275266972
0.968092444217
0.979584447325
0.810642113874
0.958861545918
0.653596053156
0.821427924594
0.956906695368
0.910014618263
0.908038860813
0.681042654548
0.692451511602
0.0631692638595
0.301484770192
0.9528325307
0.952480280933
0.266948960398
0.980565584264
0.864707019627
0.224614861472
0.282303593573
0.782850734824
0.788471586288
0.865294211054
0.160632392309
0.895116103783
0.12017424717
0.970684641357
0.482014868778
0.0128668639578
0.269541524648
0.0332561780792
0.916777602924
0.979058331308
0.693400656358
0.219297171887
0.216338782613
0.252910463123
0.0745626677579
0.729175136315
0.924387344962
0.213274488312
0.188052305451
0.585693780638
0.0137661253116
0.0375039892016
0.945337576912
0.564495100249
0.63193969888
0.077191435867
0.96122523296
0.38023900169
0.404094782366
0.90217612543
0.0144377451288
0.0326369639372
0.0522397370108
0.311229479938
0.0116430385288
0.717216122522
0.458221789848
0.809289352631
0.0818081097264
0.596008716976
0.890057349604
0.104165158484
0.520161266916
0.502488075952
0.201546900406
0.0149241608035
0.402619598731
0.431646707633
0.21048909756
0.923559714071
0.839593097584
0.502358783914
0.316315855313
0.80962463981
0.0560474897637
0.203915528756
0.976040996925
0.920312046448
0.821696528988
0.838952823697
0.0653844187977
0.457769339011
0.132870866654
0.902492849415
0.937193467
0.108643482159
0.991874651891
0.837172548146
0.0275830256457
0.101538811559
0.593836155584
0.355616328055
0.560335364487
0.03248453639
0.311664465105
0.555614066457
0.99287862031
0.102840857908
0.645712853269
0.72697428798
0.160637614273
0.959188596884
0.997567627701
0.848322213669
0.45004008431
0.974737839714
0.262687805025
0.750049292544
0.556409629769
0.0381289399268
0.96204834337
0.399665356375
0.209069076412
0.642837330448
0.550654202197
0.95818212196
0.721440900844
0.320419043144
0.96636984389
0.962665231147
0.661650528077
0.0254145020475
0.98867296411
0.490938310604
0.0482989415269
0.734838574579
0.758780949934
0.947515922943
0.060359371198
0.982924774851
0.0262046620646
0.0997362670758
0.961235337147
0.877554646863
0.830316735851
0.706610403699
0.842612347773
0.00282383125497
0.681171861634
0.00371750127268
0.322853048955
0.371588114658
0.353166028901
0.107856355365
0.603821930003
0.0351552965716
0.985816958907
0.0538415537749
0.391988482178
0.0474265430193
0.660190874825
0.788863376484
0.7183861505
0.113891487753
0.628209156593
0.60606645049
0.0192154006615
0.682771979723
0.00932927442631
0.719784824296
0.408339644109
0.0124704175241
0.938704611102
0.905678847683
0.121646018901
0.451174889403
0.0257407109396
0.899238838217
0.0500978670618
0.00594741529787
0.972147084278
0.115563234269
0.62291059056
0.636193888313
0.523763217557
0.284066049338
0.976641904295
0.716082550099
0.405281793989
0.870766459767
0.947569093064
0.790810266197
0.540103222866
0.615529257226
0.313818126799
0.937634506358
0.603419081397
0.032852580145
0.0102324080389
0.294706793674
0.614989271673
0.966650068866
0.489641852334
0.481075621124
0.988083273509
0.634679339883
0.963621563542
0.696314409964
0.649487294094
0.429594854185
0.476191120103
0.0587676690485
0.845021941681
0.101559946093
0.107075393056
0.0408496927341
0.0506959870758
0.813661119244
0.632469543307
0.396797710884
0.0486795867514
0.728421734391
0.929248669527
0.5113096122
0.969027279214
0.250530671099
0.341889050064
0.309670222543
0.148159391466
0.785500234732
0.0717212442235
0.909624010215
0.609230208928
0.868308688355
0.122964194901
0.527884897332
0.795131028891
0.408704229426
0.405795298754
0.504736218121
0.932362533026
0.271042171597
0.886554598347
0.890763904578
0.971186011615
0.0906307666326
0.202184401902
0.761017397105
0.906927741821
0.288898310683
0.0612891144861
0.0544649265843
0.666742650006
0.966259790643
0.061346471932
0.431633856441
0.987188702195
0.352649055825
0.143566813879
0.0491085504102
0.0165184872431
0.471113176851
0.590146717895
0.868271839509
0.902835182764
0.236172570976
0.97103574527
0.103749864401
0.108725335532
0.288152302521
0.420236766981
0.7167508323
0.375600859967
0.0217039429493
0.977655148857
0.675190180175
0.0377806069857
0.459321405757
0.644670983711
0.785107802084
0.0361333256938
0.936513978448
0.805519636325
0.971830756435
0.472918598113
0.418187510585
0.144892000501
0.734544093774
0.993753427694
0.0128264606789
0.610108968216
0.0072425679042
0.616584040419
0.846308683223
0.0124871251672
0.0166334114375
0.672717087408
0.341321679142
0.834004417897
0.719354005603
0.24030860532
0.51844210451
0.139426506062
0.990125018147
0.503800829517
0.915444347882
0.158437393264
0.634019046266
0.900899339581
0.858953134653
0.700144917579
0.717531133724
0.623293324422
0.97351585481
0.888033163452
0.0238928674215
0.769331379271
0.606023524982
0.0861167470831
0.332915731803
0.558811434318
0.12299319298
0.0737406350826
0.920992750306
0.189952123174
0.348967574263
0.247160124322
0.435464455837
0.097650485771
0.429203693517
0.0462304439604
0.45796821747
0.0847128194094
0.742181836514
0.0854723005987
0.525816396155
0.716321883777
0.335780213582
0.215980697926
0.15786576993
0.983870078372
0.00672149380934
0.246335303678
0.96116374378
0.98884086583
0.357288172456
0.00644861309003
0.262193786408
0.456097536914
0.0494036351031
0.96672418113
0.966433074326
0.690130416343
0.654291562495
0.0273025199178
0.799759849022
0.928923920654
0.361784451747
0.413697108167
0.390368475488
0.959905577206
0.0334867460045
0.740860807392
0.273587580707
0.861687508365
0.931201227609
0.559300918413
0.355641234244
0.00854879149742
0.210600672506
0.890412570774
0.616072305324
0.226223001409
0.830532565111
0.82083356181
0.420623422945
0.0215183816975
0.0951425301204
0.817192985605
0.954528019721
0.979241124719
0.0353042009449
0.750817138066
0.457210095308
0.897386403303
0.768022844738
0.0270935598856
0.207752817629
0.388209226495
0.972883966345
0.339001229791
0.0510162516115
0.842528244068
0.861046505435
0.914333700387
0.224955179169
0.927558831519
0.744012301111
0.167992204151
0.964069370384
0.98276086691
0.0488659120735
0.6018701823
0.914171290128
0.132923177331
0.227989877002
0.411815155294
0.0742191871729
0.925576211788
0.83359584453
0.10905284451
0.992501956099
0.221866327373
0.095133749097
0.340796959596
0.853389707918
0.196376058682
0.0756809333309
0.828804661674
0.637044249972
0.900653848509
0.814857010591
0.306709025807
0.750574858025
0.0510162516115
0.899681932442
0.111059721424
0.811250113311
0.20176656092
0.825151672062
0.233574107204
0.0519408649089
0.976093549121
0.422404978594
0.164860296644
0.610705118929
0.0541831815718
0.662253564001
0.712067231609
0.0493693587102
0.513081748206
0.935547958231
0.873628053326
0.0277761523657
0.016356805921
0.739851052583
0.0916769116566
0.781615337213
0.360280978208
0.142660916757
0.387946119389
0.839624119006
0.489876182674
0.424506094063
0.520557562681
0.0289343573767
0.70471064024
0.890123097712
0.838087744044
0.433497213929
0.0101809934693
0.62563241132
0.819722003342
0.00419309693436
0.551526875342
0.965025853372
0.965983961196
0.684369727645
0.501635525469
0.57088492454
0.978453592517
0.611984031937
0.104639304134
0.43273948022
0.04866261326
0.985742818719
0.704008253527
0.908424804553
0.5178673146
0.352055574574
0.210828771365
0.0250426215301
0.532928861316
0.417418180799
0.982202544811
0.252880331864
0.121558146607
0.390842656965
0.576423424491
0.9834566542
0.0296269918782
0.128365427281
0.767400075679
0.468840859833
0.123264602195
0.699916666676
0.0375983626815
0.860201009215
0.635633852721
0.7893747848
0.107881167424
0.952448411047
0.889464146622
0.972706182843
0.935778162125
0.0686892109407
0.971256027267
0.124462567861
0.992090788672
0.252844268627
0.97088290131
0.0029164344698
0.424905270937
0.509355851628
0.366496719789
0.518734089082
0.678841520715
0.847576696162
0.966690587855
0.929622801746
0.91856048715
0.194695868027
0.246747471228
0.930059340024
0.203874102605
0.428072563744
0.695369372738
0.619069708952
0.110305797165
0.528405908178
0.758677960963
0.909768225572
0.710497169809
0.673356297976
0.345136458605
0.0322135285947
0.146573367564
0.0203869499344
0.553868344022
0.2179477165
0.0103361434987
0.489263756026
0.98700960456
0.290878244364
0.656567834873
0.60225333672
0.401496539552
0.684830209681
0.00732029829236
0.794819089438
0.767248849751
0.447385124804
0.954823121219
0.00372103238801
0.027298719562
0.862969309919
0.897828315466
0.459678458333
0.837516031386
0.813206063518
0.811007369412
0.994120211727
0.666419894056
0.484656145441
0.573463722733
0.0415616830368
0.923600777155
0.0806525510174
0.151628843589
0.859057551496
0.442197430814
0.878787804147
0.589937427824
0.553587564446
0.807712930057
0.601470924603
0.511269809836
0.703912167482
0.344194488405
0.229171231716
0.922779500248
0.391073851287
0.0697702127224
0.773555384329
0.396683523477
0.966328737151
0.23050852255
0.583850635719
0.244654589257
0.241949689839
0.24080372624
0.316451156612
0.963414562341
0.769900974515
0.141751344582
0.601026066238
0.00996182089223
0.957919891478
0.0176191782356
0.683374178769
0.675705397141
0.955220281082
0.216398733053
0.860743702099
0.865912103723
0.121346867562
0.724740165304
0.203252912546
0.655534823593
0.908187017747
0.181744009935
0.638921422299
0.659265720695
0.268274999579
0.206779667666
0.369547115234
0.924601056257
0.823794944743
0.365449957326
0.0496772470853
0.164903923675
0.180766871559
0.919510560295
0.229097175113
0.926666694992
0.251196604936
0.585329024202
0.00946860701852
0.407391714912
0.828132294923
0.846515983058
0.918370763233
0.112367738405
0.749072182199
0.0131453613713
0.0223094979427
0.916763282003
0.698258326121
0.201309925605
0.389239092448
0.0142419623451
0.610719074993
0.362658450934
0.325730410562
0.032131202903
0.090719478442
0.47266084526
0.571254248794
0.469786278934
0.951006527272
0.430384654962
0.507016570983
0.0515221629927
0.0515221629927
0.50920293721
0.611852001469
0.0477644416323
0.855623783374
0.557294698553
0.0573163188634
0.978702235547
0.893252184821
0.560498664207
0.755657698273
0.972798167062
0.203874102605
0.94465436758
0.162910784051
0.364748169987
0.212067997977
0.9473596112
0.642163272181
0.659309785725
0.786015166459
0.302224542429
0.981728850286
0.862619443084
0.204665650209
0.83409057557
0.424795491717
0.984434874775
0.94896769335
0.551530030986
0.937760775821
0.957418949983
0.948364068515
0.019533988998
0.876595650233
0.82937334882
0.522171447966
0.140819544977
0.526282402944
0.841238778411
0.233574107204
0.508195959957
0.952036432919
0.255173109379
0.395841618565
0.989696431916
0.656275413482
0.986702749039
0.940815852332
0.448027399329
0.0260708580339
0.941270683162
0.913907001825
0.958920087899
0.138785696452
0.136043414049
0.843628502177
0.348138988203
0.971668314395
0.973408008376
0.936499351007
0.140091737856
0.0150948029695
0.178375216136
0.773699994828
0.948590738266
0.871073752191
0.931393217606
0.0629302230434
0.606347489706
0.158811231722
0.9801291033
0.184336646962
0.331332503313
0.0120137226089
0.969335212841
0.0273176234345
0.980006313251
0.987573248998
0.987162949506
0.311480099823
0.794819089438
0.436632962359
0.520737303162
0.938646297512
0.245552447182
0.986547496179
0.0614566511503
0.281044607977
0.709246730958
0.100727901452
0.996496782876
0.604500810689
0.696804434679
0.0841891843955
0.140210445525
0.502930874359
0.991610292934
0.602472476734
0.60839987651
0.766010010534
0.0422999963803
0.201370381162
0.266511918447
0.982428006786
0.0111156491835
0.00791513930681
0.0459488085987
0.0871985545713
0.538017687567
0.911042548672
0.376138737506
0.441631722431
0.721263246864
0.359226338668
0.703333280047
0.271743417767
0.0849575462078
0.927435088286
0.931690920523
0.29507738967
0.231775641718
0.498966040238
0.119293170637
0.0175780011629
0.668344871334
0.850593102081
0.524872734926
0.959304906506
0.930542342255
0.401594748881
0.942237677915
0.961929505533
0.915444347882
0.728212997861
0.95010775655
0.806027549768
0.89987954385
0.126219457104
0.0259708181962
0.81651825058
0.205691184265
0.93849169062
0.830493641163
0.0612726625887
0.260520484196
0.986747890579
0.482264240891
0.16312181684
0.847776658586
0.0813045101353
0.978239840709
0.570961148582
0.799678354264
0.107847484737
0.115282121079
0.968668918439
0.471431479047
0.0138333191499
0.714087806524
0.725211868253
0.935461384212
0.29828122945
0.465067861398
0.707606131843
0.273827679172
0.930302646319
0.920737130666
0.188929503357
0.847824471203
0.890479655788
0.533043851659
0.0132631641772
0.842589135523
0.38311198231
0.064760482657
0.902693696456
0.291276459932
0.889890660686
0.17554155904
0.588575869633
0.713895413291
0.0441997323363
0.523654796669
0.0231740893896
0.0399255649925
0.692117999049
0.45526357956
0.365501858914
0.971465616912
0.00583830232162
0.635291652008
0.940429037073
0.0181038489013
0.524795013243
0.860589799305
0.646582766134
0.40913530026
0.405284795929
0.0212956719907
0.952940831416
0.576667513894
0.025879761767
0.242478980166
0.362969979052
0.179746473327
0.910067783767
0.741747138099
0.974699027189
0.734838574579
0.639374388901
0.535820549856
0.76010884534
0.900712424173
0.331533747095
0.614653672453
0.1295203785
0.456588873402
0.0549537780269
0.396684892572
0.113286053165
0.94883852299
0.586051214007
0.74862061714
0.0851949883383
0.412585350252
0.660548135372
0.19624088561
0.601912078802
0.857901171391
0.0215229429846
0.136161320387
0.196970846894
0.278912909326
0.837256210895
0.00521221940926
0.663285036589
0.214506749721
0.00306048002599
0.13331954586
0.0938546337963
0.887674555829
0.318245881465
0.760375450095
0.866395314561
0.240121609159
0.959554112632
0.818819996284
0.707074563339
0.973328731308
0.95936756466
0.00144073778531
0.421128033475
0.989749883735
0.303423512066
0.969515365897
0.00623757689711
0.349181370677
0.387477567074
0.629473711694
0.709089108297
0.72841515727
0.370238059248
0.0933941056341
0.711133322724
0.00419923028315
0.675223353547
0.972913186333
0.373022400253
0.0447077691973
0.104692605279
0.070171206813
0.410961831375
0.599188814863
0.813017818109
0.0305147943384
0.702465613217
0.873684515054
0.606279663186
0.985291230691
0.973074582167
0.856348978073
0.83554635312
0.440104062859
0.953628530523
0.130208593568
0.0168094344584
0.575858917306
0.425685586975
0.217499537347
0.991137717976
0.240741989484
0.974132419202
0.328516763399
0.662968028414
0.275342537734
0.979257955177
0.619927779918
0.183200821459
0.259875085728
0.460828801444
0.0949381902527
0.402666708043
0.151620040593
0.0370407381571
0.00837107461747
0.0915239944895
0.721524412527
0.939334426267
0.235253338777
0.153122879445
0.612966177989
0.957449966651
0.372811385647
0.864614412813
0.84437505295
0.344904551254
0.98270888903
0.510724940897
0.420646324871
0.309849147525
0.280430958915
0.407038342226
0.184299747656
0.899267490296
0.919913274907
0.679672049944
0.536400064668
0.11235057342
0.136092117901
0.427353077072
0.027481452449
0.677021700277
0.39152403202
0.136173925072
0.806410440124
0.0244721894781
0.0786758911143
0.88895206736
0.269388703336
0.0298020361514
0.701841725872
0.21935680459
0.896741873079
0.194968141535
0.275090286217
0.0916069811173
0.295527145255
0.478491074713
0.899808893301
0.478835778491
0.969733881313
0.853548471025
0.458561658787
0.139169488413
0.963615729311
0.93706342845
0.585688857437
0.686039605556
0.981684373622
0.0402229392942
0.525549292129
0.950089550855
0.0399132597267
0.0929319417576
0.631130566538
0.702124245344
0.211540002018
0.638611273805
0.641397322565
0.982068679271
0.269015694426
0.977157137288
0.0283539535033
0.844455778977
0.291050831909
0.32133788295
0.648239024958
0.831210633527
0.150747115438
0.891055674103
0.00681240796639
0.100824762453
0.810444041323
0.733247615117
0.060241699579
0.888737640469
0.683889119625
0.659847135735
0.66899184875
0.636193888313
0.0977046831638
0.963827716908
0.555264555527
0.382634750529
0.995139495816
0.341513104348
0.0729494048133
0.810152108348
0.566509974942
0.841901502531
0.24694376557
0.0178494429218
0.371588114658
0.972232327712
0.0495860157094
0.680756083648
0.581083522262
0.764399514007
0.711152912569
0.993055811333
0.675705397141
0.784159202764
0.962107747753
0.882925513172
0.862639396635
0.520389598287
0.698253290382
0.675050855447
0.137228742768
0.789153601873
0.673092248802
0.178770040339
0.951937903392
0.022089882952
0.483932933255
0.487332313902
0.978822688072
0.360437392372
0.210992967113
0.988440875867
0.837172548146
0.864011972795
0.0281725257923
0.451457457442
0.0380895072539
0.764216802204
0.062313924024
0.868234694765
0.0833135185715
0.950110934334
0.00419208841828
0.0634416136333
0.0741912984646
0.917826054094
0.682797169357
0.497023856345
0.0355113258844
0.189897106205
0.500359078897
0.83907495842
0.893520996115
0.03575091072
0.0433875169891
0.0615964423837
0.423692729018
0.973527338842
0.993398251304
0.863812686986
0.625484415624
0.943181719127
0.320201832496
0.0186461344836
0.729854127002
0.0848571066295
0.787148473119
0.682294279237
0.0127121794377
0.747570596675
0.0290396544366
0.047054446702
0.91913945008
0.408243286075
0.389952124876
0.779645793177
0.907318250828
0.299450667401
0.0677555570121
0.600495199379
0.00854433543878
0.116158401281
0.0265470804876
0.897149500221
0.702011477823
0.151643709229
0.920240849116
0.044988969285
0.646568155174
0.0195609679676
0.764909682515
0.577634940036
0.964719011734
0.639003704747
0.397861895352
0.0342323182453
0.398717776826
0.196773764485
0.955213516924
0.0278582549607
0.291114259956
0.0314623340509
0.179745023667
0.0289465512786
0.405728427433
0.729799212869
0.85726797984
0.184336646962
0.508201404585
0.972682065628
0.473447168426
0.23523784321
0.85629260639
0.0180580191078
0.00430957984419
0.751780221857
0.771286214003
0.759150591967
0.147381750453
0.0454794374869
0.407692739262
0.103766995439
0.56751687458
0.254313889159
0.671628569493
0.102868384526
0.0360927330114
0.295982011339
0.528153055046
0.732648854033
0.522850234799
0.424389099462
0.963328204865
0.00989276039959
0.927429548884
0.894544776496
0.651416513028
0.944981010265
0.176494802253
0.966326820662
0.137515107977
0.985206502932
0.112418432722
0.174644180636
0.198521843092
0.99454830005
0.191746735654
0.401418934597
0.758790636822
0.691438713473
0.399304733904
0.0039938506874
0.635155768664
0.194640594376
0.301484770192
0.430666947273
0.935893603605
0.877037318357
0.551002440323
0.490317954648
0.432538523076
0.314501419962
0.0212568811556
0.74300854134
0.202674515509
0.0245995547203
0.330894662246
0.587954180049
0.946535278727
0.95970590003
0.0111433077052
0.950581533329
0.951245063146
0.494408027217
0.948291544218
0.290602107274
0.221395128822
0.0814135056743
0.397462601177
0.444804201854
0.368217021184
0.257790072579
0.811868269784
0.977373795284
0.930198845834
0.92846601857
0.0486987405777
0.312717487207
0.841429543079
0.176560650654
0.75422127169
0.88889789631
0.0264512395881
0.129783066837
0.259018280495
0.591400837705
0.615471203383
0.290003938302
0.866206366137
0.0494567638974
0.139959766341
0.210076860537
0.173686775757
0.920784966127
0.179620659061
0.723485525002
0.40990702094
0.792107902566
0.314236257937
0.0289343573767
0.743603270261
0.418892797474
0.0190088079125
0.314412995222
0.893907819371
0.551002440323
0.789442266414
0.873574688251
0.835979695083
0.882623924401
0.00504057247808
0.650850418038
0.0112309816218
0.776977628808
0.987349015671
0.595681031486
0.73568098378
0.315421007336
0.00186383741273
0.943773762545
0.0564179816631
0.926318014458
0.122253484438
0.201995425091
0.932242644881
0.913323770656
0.686354795246
0.753287155206
0.831239177144
0.108842356724
0.89485269186
0.525491779546
0.985422264295
0.162427839797
0.905678847683
0.0844436109948
0.263717507605
0.411495084762
0.819539596445
0.643955418031
0.786627085992
0.119162194219
0.877935213246
0.277883061271
0.0988520733789
0.513081748206
0.476624148191
0.904559941792
0.905968776224
0.0986881878808
0.888493561828
0.763627423261
0.13790294031
0.602844008935
0.840785124172
0.952378766428
0.313593307184
0.588674781616
0.0508930432706
0.0280718004927
0.141346764845
0.143795956399
0.56841818788
0.20016193641
0.0272692327213
0.853320781146
0.819844418743
0.0137200496256
0.983721153903
0.126868563115
0.956513973087
0.539908997192
0.158483656813
0.667985100062
0.197193369526
0.805231597233
0.34849294634
0.696671062467
0.863131508587
0.706293907534
0.441154661759
0.00688788370132
0.404000472696
0.801936090047
0.820542987639
0.72757826625
0.296241508176
0.0465246580684
0.449638641725
0.992321392083
0.749639917347
0.986469126779
0.323421205002
0.882436214805
0.0564837566192
0.950971659421
0.827033170425
0.298093498032
0.979986702053
0.854372003614
0.0394394570361
0.517200261596
0.715271449391
0.754157440855
0.358180415948
0.942143806222
0.861843592458
0.00401942260641
0.884838040196
0.706752547263
0.886589614812
0.353457917468
0.563825455481
0.927868749212
0.289771410823
0.0545290425031
0.0534639629439
0.0149135713006
0.0563339839543
0.98111476883
0.985660140475
0.940484008339
0.0168365177994
0.336634169061
0.865060455493
0.943023598304
0.166706684047
0.0568300518911
0.189642301186
0.81588953725
0.254105955555
0.354643022349
0.019137027255
0.180880647515
0.803349675981
0.958007916949
0.325642401665
0.859137924079
0.123113532529
0.811233382146
0.701214125469
0.00764851430697
0.0111258887214
0.329603610282
0.803096236333
0.0558774754782
0.117469390178
0.0656457621175
0.9852159585
0.0013403707289
0.582237420196
0.0452256172301
0.230610397129
0.311728561404
0.947515922943
0.469427689986
0.669123070647
0.600251489047
0.829411452449
0.055971798938
0.780908794408
0.0389480761103
0.267026262576
0.585693780638
0.0195970708369
0.700375542823
0.940740558024
0.63241869945
0.729867051147
0.392989728366
0.347844559876
0.815448775421
0.552013149076
0.509216232934
0.725175427675
0.0425757425278
0.203008580696
0.718523383681
0.659204627025
0.65090869778
0.512865158433
0.930828060389
0.707109794209
0.0548198961145
0.041775735137
0.984102969316
0.00757558162595
0.908204639432
0.361723963303
0.300153508778
0.8568941486
0.837753754895
0.12638480492
0.0508858462992
0.658155399073
0.979876736258
0.808762925712
0.959584393396
0.142558841549
0.249403489057
0.825845792725
0.55974663254
0.403795879274
0.53461092877
0.112298293026
0.950983143305
0.953504196607
0.978696442693
0.791837151331
0.131588261948
0.983575762628
0.200999221112
0.263204705313
0.540002939502
0.789743209606
0.271333444262
0.9471595178
0.975072277331
0.173537746194
0.525919138896
0.103985333824
0.974335829264
0.994173580443
0.106724025999
0.11228126023
0.527464041396
0.91608392645
0.0796514219312
0.818511813942
0.0263893892616
0.102925897067
0.0223692371306
0.814426951445
0.719078341822
0.00833847187296
0.0649819899193
0.455515343111
0.596863723006
0.712288921766
0.296487682088
0.811359998667
0.433852651769
0.849478489219
0.676022761289
0.636661327491
0.914476344903
0.218105482723
0.926119590905
0.0221654385673
0.800822488951
0.912203181604
0.691715146901
0.985816958907
0.556012823217
0.993708460629
0.406999337459
0.944368716537
0.41252369809
0.93008472485
0.429188279433
0.88445349432
0.159215796659
0.985118678804
0.773246898922
0.794073841715
0.880212997535
0.918478679883
0.918585754544
0.772662478888
0.0122777348148
0.361300584425
0.949341873578
0.910118114537
0.28175860572
0.624705151784
0.966439919526
0.49382226443
0.985586538181
0.931033708506
0.425662686509
0.0141601686285
0.770649310477
0.369151470385
0.857898981417
0.179028546261
0.765072462158
0.620938187834
0.940797769255
0.806204409664
0.187423227434
0.958835724887
0.908920196367
0.286334845429
0.547208462554
0.976606305723
0.178740898955
0.305950214042
0.0831708783621
0.0726412495657
0.941848458281
0.0654834325304
0.967940350881
0.155323182423
0.584242149252
0.105401983745
0.982861047113
0.617946741383
0.965854532287
0.11559387433
0.456114505009
0.130248350669
0.16909836401
0.173972672596
0.920169758985
0.827671096513
0.51316263686
0.919913274907
0.546953855611
0.825627948252
0.103056680598
0.0543793332493
0.0618639489243
0.0321641472015
0.787519974728
0.0624604770251
0.0287848932158
0.0314424325109
0.189998284131
0.971844909226
0.282663194564
0.155336013625
0.0566965102998
0.948915256123
0.384037255216
0.621951263662
0.0725791824133
0.069840523764
0.23675507556
0.665728345569
0.492297173154
0.976519899995
0.60622907286
0.831504630744
0.206827861511
0.60259304407
0.753756992428
0.306530707064
0.952827325
0.092435089773
0.00489300233033
0.74634567956
0.823081326263
0.553151895931
0.574867347151
0.927505836213
0.731003596074
0.138315732755
0.927586640087
0.150444380424
0.516714373829
0.0516876178226
0.0226382923236
0.499208548744
0.0128662176145
0.827639936423
0.921309620332
0.779084796979
0.0224792887885
0.929506645556
0.530202649941
0.643945559866
0.0115463719824
0.945315836175
0.7442141282
0.0494311790353
0.122800528389
0.37713784781
0.954056400734
0.196973900392
0.0776791030958
0.970172188641
0.0206313358619
0.275711371732
0.330330422976
0.838837107966
0.837256210895
0.618266189575
0.881492417786
0.978322793076
0.0759987429337
0.0176285034898
0.0427388510665
0.175230925252
0.500644022439
0.151045916294
0.174918894948
0.52467682284
0.214217154072
0.632763819785
0.378815237433
0.95593126265
0.359151225543
0.119127727035
0.703912167482
0.501326688246
0.0503629879552
0.332533537755
0.0464112815277
0.247119102817
0.022106604818
0.198049509144
0.814713031764
0.870908318961
0.377985150195
0.707647626759
0.236769125687
0.451663599039
0.923055972901
0.624281359051
0.558699850272
0.642123340774
0.965425303855
0.0477644416323
0.71613732959
0.0161278337734
0.489135638937
0.855976658732
0.395437194145
0.973489055015
0.6655085706
0.545381432704
0.00669903087486
0.00147344212127
0.268004155989
0.344600682562
0.864139737582
0.234158560442
0.98746699027
0.00702548268412
0.745192958694
0.822784803545
0.783888279377
0.815633378234
0.305355252488
0.0699194719696
0.954637012878
0.882713762653
0.989458093115
0.297158593307
0.222448726393
0.216947888542
0.993362921885
0.150184485731
0.889344544485
0.621974832277
0.189847326631
0.112243293621
0.709890776632
0.0713676857105
0.264996563542
0.827033976502
0.0299045098837
0.935960300788
0.0831295912918
0.963069426478
0.873684515054
0.726128890288
0.0758999165792
0.438962714168
0.935598628408
0.330866801981
0.128486744974
0.534606091423
0.448565239426
0.376138737506
0.0580923746883
0.905646793014
0.758997304807
0.599340884294
0.804966112293
0.986122497279
0.429294567841
0.662735815235
0.70580835349
0.638068959984
0.80634299029
0.518101530994
0.688383296663
0.479901934406
0.761038318001
0.994410314464
0.568130759969
0.402991305116
0.799812688498
0.914914000797
0.2633380471
0.909909432995
0.048914505107
0.669413803772
0.721452666129
0.791674400663
0.980544221283
0.943219471302
0.990497957317
0.888165512306
0.930896191322
0.88234468982
0.15305777995
0.692106088221
0.955642132121
0.0219536941918
0.130739289194
0.0378443960998
0.265571933404
0.969907899067
0.474920700556
0.738028024808
0.734420882092
0.934288036803
0.0691779864932
0.937217747258
0.982445661568
0.86976178826
0.832604214853
0.177584240451
0.615209387876
0.0651537816668
0.00796685370495
0.110866379966
0.046133666072
0.904258183494
0.804787903764
0.0168774032792
0.048694820012
0.676813750678
0.30270899096
0.770121974904
0.867080463298
0.990092828255
0.0291765387536
0.955281065523
0.52643261069
0.0140851976752
0.858216566144
0.0316893379115
0.911190779774
0.150904648831
0.750048078542
0.943766822925
0.7274403394
0.393512043889
0.0531218928837
0.033991375682
0.507435369193
0.115556804899
0.913081587694
0.861118298417
0.476667416927
0.0159941719436
0.0491682139179
0.484707839142
0.210118388624
0.578080258691
0.435049537519
0.157079591214
0.163334640152
0.0278539887668
0.208286546532
0.953110222333
0.526520890171
0.0353641274171
0.993601779168
0.981215502796
0.56067570432
0.0585376005714
0.975280461161
0.775174505994
0.636373514603
0.560916944906
0.218803950745
0.239376264342
0.055559627602
0.022387762826
0.781397954956
0.076933837889
0.510284869507
0.945133072538
0.242260554226
0.573833292533
0.653765684797
0.288110119101
0.200905636652
0.428264055472
0.567562072917
0.216531999244
0.4871503449
0.430022912549
0.55399936948
0.827765348613
0.795776650949
0.388053879679
0.638019059806
0.391488822592
0.576302138601
0.864514317925
0.337520437368
0.283973478417
0.94471480625
0.0133619514932
0.956065641567
0.973600422916
0.166413996461
0.977144111885
0.922772084752
0.83399783193
0.0602572376032
0.0555477988259
0.183348821452
0.307930900503
0.0123528598363
0.497777967647
0.220441294034
0.140913282598
0.758122647573
0.568079365912
0.689546913275
0.876922315324
0.767752977553
0.437108201211
0.556496023601
0.0241932061837
0.065898321922
0.0408948590668
0.958980205645
0.0406245825173
0.0604612475276
0.97344643518
0.638570426438
0.968243442844
0.631364023315
0.278682529754
0.303470358067
0.987993093057
0.895504638983
0.68153707743
0.0132762401616
0.0168470616236
0.846907144184
0.903455238041
0.781444618596
0.770057452507
0.34146376611
0.711224475782
0.430938779793
0.329168050375
0.755550681809
0.221352162829
0.970513635842
0.360437392372
0.850244332989
0.0175673476661
0.989313347597
0.790179239666
0.390416062829
0.231927463048
0.418936741697
0.356640389117
0.688212427209
0.251701844802
0.229394828954
0.48603499397
0.553151290168
0.290922714686
0.0349352965136
0.852468702653
0.986340809488
0.949547392729
0.978664684711
0.958921346563
0.614921766431
0.98202118858
0.0651855332502
0.457512557583
0.0358619707674
0.78267212863
0.731309375958
0.543077708139
0.904148303741
0.967513593431
0.976783514703
0.974549163064
0.977998511602
0.993484530838
0.980991971315
0.581159832158
0.336222923683
0.891019107095
0.942849234199
0.0440655798109
0.0362710563318
0.073327677285
0.344729816061
0.870585062728
0.0110986351528
0.0160696581674
0.427886021455
0.947898887058
0.376222621435
0.767282460328
0.192972889619
0.366888691631
0.0737081754342
0.137399182889
0.524913181759
0.243563716781
0.742722566877
0.745082465132
0.458550259951
0.306741016253
0.150259287577
0.179121508018
0.271330211649
0.975201528404
0.979328785596
0.471236325787
0.982924774851
0.478486394631
0.40384800865
0.976230783809
0.660222012176
0.0744761660917
0.967848194891
0.287328480208
0.216162179031
0.700021417407
0.414108249906
0.153290275631
0.0517455225783
0.313959600907
0.661085320183
0.889549097026
0.935835736809
0.663690355911
0.701797378661
0.253384236876
0.824433279929
0.227604913528
0.144022672191
0.812319919224
0.982210822314
0.011267075009
0.414638483983
0.515596719174
0.0894488752024
0.913563849875
0.742613452033
0.908418947853
0.476372780785
0.17224969771
0.0249419042809
0.032121821619
0.473751048242
0.205181065192
0.528836081872
0.993784514024
0.940484008339
0.168997276056
0.787264176766
0.886844147507
0.89462937313
0.0258444225369
0.91328335168
0.711813408567
0.152649217017
0.468504968986
0.491049625852
0.304168691888
0.667985100062
0.966744229931
0.97139359161
0.127119825634
0.232248094654
0.0275813496483
0.241657531533
0.0758692740832
0.928198375405
0.853815961628
0.970676967806
0.714087806524
0.888471082631
0.97293741225
0.949983710257
0.108871581034
0.06802576357
0.805635579658
0.898609806816
0.510182620596
0.0170155271417
0.753453759081
0.733396846593
0.834999514439
0.344670025873
0.828565661353
0.723154007203
0.948961409644
0.0394357392825
0.643664478442
0.623053352045
0.97617130209
0.468727600701
0.685257702809
0.982914724947
0.398228084829
0.132454470274
0.293440625798
0.8052901881
0.523890868881
0.950193462461
0.89907641789
0.0504502145267
0.114711068049
0.904348841307
0.197105532065
0.506612170078
0.978091071888
0.642852483883
0.0488528370987
0.838255406433
0.740024683683
0.317770477842
0.995605466511
0.956095620689
0.198432167221
0.578463702013
0.0756158085304
0.984208009727
0.547208462554
0.666541259094
0.424425900768
0.00832934937741
0.709904588162
0.0830426642752
0.897883215861
0.445481051979
0.95768953234
0.732538773221
0.248248340325
0.943588869681
0.840781812758
0.0572763442179
0.384483882017
0.940428676154
0.854999421172
0.00420869270066
0.689507642011
0.987308206912
0.0219628017684
0.544900556403
0.125442348455
0.697375473606
0.908923316238
0.354371865604
0.327737420143
0.814013987593
0.053107475851
0.820952667334
0.718562726803
0.285139868252
0.313315347402
0.886218748826
0.0606926058009
0.966086546615
0.252423676398
0.841561462978
0.244718939424
0.804915590667
0.0998069173006
0.888015284102
0.450564362176
0.0134235082308
0.159949438737
0.972978478875
0.874347022065
0.548920393848
0.368417196462
0.660363310939
0.469576030348
0.0292321323493
0.0278004114177
0.375728098108
0.907270675046
0.968484662691
0.877495953404
0.168245467755
0.129384676102
0.113543691432
0.990389399592
0.610223886027
0.155333350394
0.837516031386
0.655923212927
0.958952442233
0.0501169785211
0.275375818798
0.61538525231
0.0336514056353
0.599235076868
0.104165158484
0.656560333837
0.173058823335
0.460184090095
0.616885606718
0.982645823563
0.383409475055
0.926778658409
0.614102626668
0.0943071959175
0.404402129284
0.173805640784
0.676328174746
0.79464202013
0.695803440735
0.255552985567
0.81298222516
0.468677492089
0.0412610505104
0.819578029575
0.415654652829
0.795538983049
0.990687510018
0.00975748262917
0.735805608452
0.921308482531
0.0798509040178
0.764634483094
0.785544538364
0.0680593377961
0.00261475995972
0.141122410626
0.233223362797
0.101184296513
0.803013788946
0.316641215471
0.0409913779697
0.105945924883
0.215380231841
0.982414959986
0.132390264162
0.860427334174
0.43137428198
0.0435235403093
0.941200510976
0.502763241303
0.0353641274171
0.0571217236956
0.268266243631
0.982823660464
0.712383045613
0.755861198163
0.282931629461
0.311664465105
0.263467483545
0.496011977193
0.0404150947059
0.933986418079
0.0205969431108
0.901010182095
0.614184800214
0.443161997928
0.10154960642
0.0201458932442
0.0168094344584
0.328514432765
0.19038847179
0.247043510785
0.829828058662
0.820436789739
0.751357450761
0.659331390674
0.613142041662
0.351114941491
0.190926482288
0.969715466827
0.207312427126
0.975067341687
0.96357411472
0.319377980307
0.940334693923
0.508861943474
0.548842025335
0.0362761528801
0.0325050480643
0.924830720689
0.0223263659397
0.0352312346475
0.42025740204
0.656295595395
0.194670810408
0.31832861153
0.213710466124
0.536542044931
0.0767117295901
0.0972999964144
0.832741559681
0.486657615496
0.443371806499
0.102557479036
0.283016953059
0.506612170078
0.828074103076
0.881785872135
0.235294746163
0.240783859302
0.887787438859
0.0410313087556
0.451600107049
0.606740626689
0.977111628617
0.934996134145
0.897547089067
0.398228084829
0.698861335969
0.922939717719
0.0744675394849
0.489994845449
0.251431910649
0.979119738438
0.268207329454
0.0415155070831
0.520106406861
0.0261377370222
0.940537086023
0.820248238387
0.0218836048529
0.0658841523169
0.161884568562
0.325310253501
0.994795184419
0.0896507911061
0.548252306666
0.985697139222
0.985763917686
0.952347262148
0.195708727188
0.0144986372676
0.879519924915
0.263312083576
0.11631445328
0.933171852914
0.050526660248
0.959024709602
0.0410591422423
0.506980740556
0.285094289707
0.435160700329
0.0591996805593
0.966648847333
0.979490327077
0.675678330603
0.102841728044
0.0389923953705
0.229279630448
0.07889124423
0.972708089655
0.217508318125
0.153287015662
0.0435883030988
0.876759303205
0.768698900992
0.378583883612
0.893505609558
0.897392922967
0.602208296144
0.14850020425
0.309481633396
0.857360259661
0.307073576761
0.949390372624
0.988263642596
0.962414925996
0.758012699751
0.144559959446
0.944189180289
0.086231355792
0.304361744388
0.125190125526
0.70348302565
0.328887387659
0.261650350937
0.670721229052
0.0405601528791
0.0334867460045
0.919059636914
0.853637622832
0.822296106813
0.797356908116
0.189225905795
0.714857525581
0.158916368577
0.828003455314
0.746651661485
0.957049179473
0.526396729492
0.395437194145
0.852605269475
0.0205542160623
0.25356518369
0.054501475583
0.784176493611
0.319168461994
0.935367834953
0.0266782071809
0.838433812405
0.0183046071335
0.00709804403141
0.967022997039
0.596429256447
0.176726516913
0.777850391774
0.185749154548
0.946201742002
0.133504952516
0.885124301793
0.935878506047
0.862627000834
0.841477871261
0.268338788699
0.133773534299
0.0613357582976
0.417287669079
0.111609605437
0.0519495267134
0.642207113704
0.0384822861344
0.907824978748
0.00801377548649
0.331810990651
0.927214229682
0.693721655486
0.762050226759
0.0332688065073
0.650204381781
0.895165981922
0.694132736393
0.0398883248744
0.953117424229
0.986478320413
0.942035327916
0.790810266197
0.894071823251
0.537821209395
0.340366858491
0.118528847768
0.282059469112
0.443562450572
0.846372827842
0.166805337439
0.97789830456
0.307037661072
0.909482828558
0.95358283599
0.125596181959
0.991774122237
0.0411667228356
0.129244109369
0.80594652275
0.979576276451
0.495852472485
0.870344535674
0.0859075497788
0.322209877984
0.0827658574151
0.110483152674
0.338505055394
0.568695046516
0.37713991173
0.910880721669
0.679998039265
0.0207602638384
0.106066228011
0.909848196412
0.0444745980902
0.986815207453
0.521740764053
0.620144947876
0.0391570798878
0.753920890201
0.69637819233
0.52855518661
0.0759262862875
0.932542131604
0.858463556262
0.171278130986
0.349825867561
0.540209631214
0.905711866662
0.159859688928
0.355980445823
0.796850018282
0.127212963649
0.916609850883
0.519061354997
0.494443304685
0.0743288262759
0.500613942112
0.100945778359
0.0149000606378
0.40850739514
0.035854690982
0.0569981131615
0.652953999621
0.246619431534
0.953229443124
0.0729643680001
0.820279270847
0.019137027255
0.586855096379
0.717708638509
0.120713050131
0.953200251756
0.00785074213711
0.75839254253
0.404682955157
0.479901934406
0.218595767577
0.201590357363
0.830815834821
0.939681986041
0.217515844367
0.876186452762
0.0500546453182
0.505559651274
0.639288713717
0.580095786451
0.270390397246
0.924004461741
0.0282050775247
0.761201692152
0.508661550133
0.44394051705
0.123667770389
0.223266419926
0.948960225585
0.686546379065
0.192400171623
0.738221313519
0.0679699125857
0.948837816774
0.994795184419
0.475729226389
0.411023709439
0.165759786262
0.946778460838
0.469694971339
0.812540957914
0.371516995232
0.48327369292
0.173058823335
0.649509326886
0.94808308133
0.517171221733
0.854908200881
0.263792472574
0.498522655687
0.0669981764778
0.0865625064093
0.381689323107
0.346545929752
0.35825861697
0.898116833948
0.715195532883
0.903878024166
0.428826127241
0.529823412262
0.621653543727
0.130104896142
0.0230736043029
0.203008580696
0.421534635359
0.0313399897373
0.283850842542
0.761463604976
0.688980094815
0.136143077898
0.283617717405
0.0341970508105
0.485997748323
0.452062978371
0.956925624366
0.239913204609
0.971810787569
0.0592150354349
0.980079750882
0.946627105971
0.499005806293
0.185509601344
0.833682334136
0.187666521437
0.861168441751
0.755861198163
0.867099669534
0.433536671648
0.872285001732
0.923672671616
0.26214242072
0.741371275427
0.904909127655
0.844578273655
0.213668361205
0.76787090218
0.456898007478
0.991503082286
0.584284321026
0.979847118327
0.235547611591
0.0580699174779
0.521195843556
0.139657118047
0.965189976454
0.36948855457
0.526849548946
0.379507417162
0.887128772076
0.946334112554
0.47032766641
0.937828965619
0.632697608629
0.0676884579617
0.627418317835
0.111304990483
0.0157893850858
0.934476676469
0.975629579765
0.945857793621
0.0958699524062
0.583467508595
0.170401852486
0.34810973527
0.538004568893
0.863081616981
0.0724432700871
0.189980651153
0.0667784249879
0.0134431885918
0.921302180244
0.968092444217
0.134234915938
0.0371609777787
0.173874906995
0.934232660295
0.323324523757
0.971364746031
0.00806200207684
0.881378629347
0.914028665446
0.16417069385
0.0288130645537
0.903077046378
0.114240016188
0.648077177477
0.974718466253
0.557413551785
0.801815198402
0.981196564685
0.920679527796
0.8908618939
0.210712044239
0.233821983411
0.920922053308
0.612420614929
0.712725095894
0.426017636344
0.46588985117
0.688451243785
0.00247212148203
0.123001040395
0.0395981487919
0.960735782905
0.925900204214
0.567233033946
0.0520901190257
0.188929503357
0.672306605781
0.111620970753
0.473946872334
0.0287848932158
0.891469510126
0.62422483072
0.0925685870776
0.728421734391
0.321942924693
0.97352698045
0.258957748836
0.883425595064
0.755208329371
0.743603270261
0.287437877726
0.668945240671
0.825606293143
0.614299026967
0.0239703134147
0.961233108992
0.856013784225
0.0656261780815
0.189095042884
0.221554078846
0.0567592740239
0.240662133029
0.822716990117
0.304103551997
0.517632065724
0.953109999561
0.441661795463
0.560013807327
0.242074369377
0.76742776126
0.705579032284
0.07711840977
0.245427098692
0.631384955304
0.0444448833745
0.658414260409
0.682127158084
0.729926583388
0.661127225852
0.48388578394
0.0838543549227
0.42883906637
0.231277297376
0.263195499459
0.623337838954
0.0833592276684
0.495626451027
0.32220962764
0.953071138548
0.0741371872317
0.441645631162
0.933325515373
0.408421682773
0.751543349593
0.146048641946
0.756068973045
0.896501810583
0.742077422057
0.985499319952
0.055721057425
0.689400596855
0.981736897765
0.905983480389
0.983633201953
0.601186644096
0.907259965259
0.574636424315
0.267628361727
0.315430505439
0.897116958735
0.248235863692
0.0224016767407
0.438994378515
0.394798269561
0.966320802696
0.0144078459604
0.971717996964
0.940399898589
0.245756407051
0.0532321474819
0.426017636344
0.366137173106
0.306484030513
0.0200739017556
0.496092769729
0.497901137214
0.890123097712
0.0227638413546
0.871806672264
0.414624011691
0.875293340124
0.0514553701707
0.870983475679
0.0669733058751
0.959370145678
0.554123007901
0.511905941534
0.197084206498
0.546859901816
0.988088434449
0.980200361506
0.237209574662
0.0665355653537
0.343069966389
0.943733678272
0.492441998557
0.953821893643
0.976134985541
0.469786278934
0.889708139085
0.955976661473
0.36309247214
0.263012897532
0.023979133724
0.152137470585
0.624721197319
0.556050256711
0.717902461337
0.958725242619
0.701690294053
0.993493096455
0.506000326831
0.634254887972
0.972652192711
0.975243171638
0.536819119714
0.973864903361
0.370036144396
0.298804878585
0.181197210576
0.986019887981
0.364916193349
0.181197210576
0.0415616830368
0.457368765805
0.288152302521
0.128927752901
0.631469208497
0.361791509381
0.119601126355
0.845704407954
0.676676013381
0.722425512633
0.9473596112
0.961475840312
0.166637744942
0.0194278688271
0.145754848315
0.906384003089
0.53087312617
0.0205821803548
0.257311073628
0.721809868124
0.0261305196551
0.0123764975716
0.100282687331
0.85518886339
0.960620193676
0.952448411047
0.198888731388
0.940320758551
0.209470097133
0.972556129044
0.338932899536
0.821088788094
0.424352073459
0.596699433724
0.250923945466
0.912557732886
0.621930777735
0.602588770647
0.294418006762
0.916174567107
0.76216544565
0.685257702809
0.0968864755162
0.929393403515
0.938805942767
0.114395030933
0.162197880801
0.976646822031
0.687199632974
0.512947416876
0.835754468577
0.0113236126359
0.742675358544
0.51583929738
0.177797844267
0.771641320956
0.696511021743
0.977497362691
0.595112677662
0.915604836584
0.941721622528
0.485317037794
0.644025072046
0.964576164134
0.0963400097577
0.925566299943
0.424900014348
0.763894867081
0.230080558022
0.68497952414
0.748997322361
0.051744214789
0.447521575949
0.152758619731
0.425841817295
0.537629023001
0.118763572303
0.504258546539
0.455375482812
0.00908984638918
0.986675084533
0.242237743026
0.135501672684
0.59045506522
0.19592233419
0.902435240026
0.95643247391
0.783093993874
0.975444426096
0.327580748319
0.00798181399966
0.126316564433
0.0494534264045
0.939004213995
0.557806411688
0.803492064534
0.672119424052
0.0417201555492
0.954491355689
0.901302387754
0.630089229643
0.897624241015
0.0338514173394
0.878117819834
0.294528782503
0.862627000834
0.533277957188
0.595978276415
0.986323636082
0.152222308147
0.171042910251
0.473629724634
0.927852693524
0.492466197708
0.389726971762
0.267636958571
0.965536071861
0.813796582903
0.955222304771
0.0294089641068
0.809092313715
0.0318226971303
0.25121912287
0.128096146484
0.630629722298
0.395402425454
0.0608948869375
0.310608254568
0.540933212343
0.105112456073
0.0105291546358
0.970973943744
0.666310625238
0.704753401948
0.00380847040055
0.89811948452
0.738074405579
0.973878632159
0.940263023038
0.785608811509
0.448538264246
0.953869437574
0.126333698959
0.580746870182
0.0552129688409
0.697057678474
0.0285173309008
0.95970590003
0.144370751999
0.376301989316
0.921023707387
0.09210777653
0.0483614499866
0.878215485418
0.957435973341
0.480565632665
0.862402536504
0.947302176814
0.770698957986
0.182802097669
0.551276345974
0.457949375159
0.879230384257
0.452081131952
0.634551701515
0.553000504138
0.296901540971
0.737082840477
0.547145646068
0.819700928974
0.41198657529
0.0425107842651
0.90887726581
0.430701813594
0.798407910442
0.926405752888
0.297414546861
0.557305944693
0.758027203081
0.879687425357
0.057860992875
0.965720669965
0.931708030667
0.942035327916
0.915998161295
0.993817522873
0.404000472696
0.143300837217
0.0785621737887
0.062702559826
0.987791249982
0.472403916193
0.464599774142
0.32825115835
0.0756015531823
0.101683997787
0.13041918036
0.0578874916428
0.122974677148
0.950957844669
0.0117898406083
0.302333563037
0.422207069585
0.593783491333
0.102615262912
0.770289025002
0.0960972899658
0.217959986157
0.0982778246269
0.98459015651
0.011191969166
0.0364024818641
0.38023900169
0.492658882839
0.214757209809
0.0175792494907
0.7079401631
0.235747363475
0.612495206371
0.740096829609
0.924026330456
0.00319405970334
0.5892658385
0.448589325776
0.829493966438
0.0519408649089
0.725589405738
0.170382874643
0.421761266423
0.987488602958
0.0390276650457
0.364671163724
0.592464213374
0.0775713017265
0.252580279879
0.156157544182
0.865788127078
0.511504620456
0.341182538381
0.424905270937
0.190085783357
0.943133600331
0.815508078584
0.0418221823761
0.540914053066
0.816232243088
0.84260959705
0.134872518587
0.0535060811751
0.671538134015
0.88159818939
0.0171620515362
0.212725579282
0.950066715932
0.495712278389
0.350005030306
0.0734565749564
0.897351959555
0.954582053433
0.693347764152
0.860622147273
0.0810510612857
0.275976730502
0.198173302258
0.588712174512
0.159752998639
0.414113481514
0.957264841379
0.51020464275
0.283772991001
0.494192482505
0.541453892538
0.74896055446
0.826501836187
0.0309441696546
0.401822744663
0.9479924482
0.17142983669
0.476459344977
0.199981326773
0.669170956655
0.753795743155
0.29743963783
0.572857830805
0.767400075679
0.395158465957
0.0190473804396
0.286046670766
0.5594687948
0.958034461974
0.941009542991
0.0227886007808
0.924115688773
0.253509261964
0.821089740526
0.41559846033
0.70725231593
0.754084339082
0.964353833441
0.726654773129
0.793114129859
0.979634081466
0.744674908658
0.169494912976
0.499144123738
0.155764311694
0.849863670409
0.223060328929
0.0165184872431
0.0715005039904
0.784023428991
0.113681443289
0.883713071782
0.627067334277
0.979119738438
0.390193439403
0.988078670346
0.0103921355771
0.236556137096
0.780908794408
0.454014096316
0.299911513337
0.177525875937
0.495514732724
0.572383520067
0.839228722038
0.780252521322
0.0976023686892
0.0420188807012
0.0677474681481
0.771118648202
0.106525503432
0.0908846441972
0.107165710964
0.135219075496
0.102640471804
0.48291689226
0.014343649478
0.0125702209957
0.979232187881
0.934312845164
0.314638611077
0.476744372869
0.947337751932
0.135916223725
0.0515277272231
0.012791658077
0.295477760575
0.019324695537
0.353791856713
0.712800533889
0.940275253308
0.501611648771
0.760539519776
0.696927170357
0.748960129537
0.160160921228
0.759920041236
0.900588528648
0.833299537988
0.735909219967
0.514661444614
0.095314375064
0.0701106660687
0.287108848137
0.0612775144479
0.958243148292
0.949010350032
0.736185274258
0.0646105777294
0.495118573098
0.431646707633
0.12724561714
0.597083040246
0.592464213374
0.706383013551
0.228721650724
0.990665539011
0.511713148751
0.177235937859
0.038740463902
0.211470210683
0.437977744961
0.743184543891
0.947515922943
0.81762256608
0.691661063526
0.00962450099793
0.936513978448
0.223801969494
0.136802657479
0.0215188245402
0.109135113428
0.624051466137
0.433458338097
0.199650781739
0.048914505107
0.0602643402069
0.0326841899301
0.975527090975
0.280637736151
0.0323742252295
0.503026638922
0.0057924794223
0.96398296921
0.0467993253929
0.676980257536
0.90910225688
0.13840530573
0.704143389899
0.949604135815
0.963933798098
0.488489947578
0.797140712584
0.674612300107
0.696755861247
0.269123587138
0.282179568561
0.142253676245
0.0669871497824
0.489525325193
0.239659584022
0.520700172899
0.955252253855
0.447680487091
0.82171043966
0.955349111239
0.163474505155
0.165957553364
0.908220110494
0.00610658727082
0.777576092737
0.344186992793
0.446898454517
0.986478320413
0.91912972466
0.945740917707
0.679555789262
0.513324040089
0.926507734375
0.725505179612
0.480038044343
0.32437400812
0.641737900147
0.77608125384
0.641371612163
0.360437392372
0.26107925383
0.966620564444
0.0156463636988
0.882925513172
0.689485494109
0.955096852007
0.589583587332
0.431588061785
0.00452356132429
0.974771997758
0.819280561482
0.683711424013
0.140197301907
0.0132631641772
0.585120017907
0.0134719780902
0.708144755498
0.0206313358619
0.854509588405
0.13940436035
0.627579641553
0.174637048207
0.429507755488
0.818721464974
0.0141387876476
0.287437877726
0.0756158085304
0.500426655467
0.51974702474
0.984414146812
0.709497439342
0.978123045844
0.846738269362
0.356184047211
0.0914237661106
0.0341879198091
0.558391281945
0.581534665377
0.0653907209099
0.724015589492
0.195657909882
0.816925666906
0.710308795898
0.418118185876
0.555050769751
0.58160126206
0.952401896513
0.969451086869
0.0915239944895
0.303580245919
0.695779262939
0.377616797198
0.916506001481
0.237654290901
0.799881879811
0.785141291619
0.33735758876
0.562028805205
0.848188264122
0.555997849703
0.406452737008
0.126193603733
0.84676729947
0.425334712101
0.313757982904
0.647232041135
0.886438653544
0.345434968787
0.170910002903
0.637829995426
0.201812778175
0.982778326376
0.402466531967
0.803905594572
0.33490736573
0.755773993743
0.73560239635
0.084653101364
0.20734411314
0.00521221940926
0.951117219675
0.717902461337
0.852361161078
0.788416411408
0.564948416196
0.141218699037
0.779036251522
0.180505929452
0.199370234826
0.960905087107
0.915508064421
0.839340458564
0.825156773435
0.941848458281
0.756023219193
0.785277736316
0.720623352187
0.0881518980063
0.811125460967
0.862919951307
0.202795200687
0.385231114634
0.826861468971
0.920249577809
0.355080784465
0.888310592009
0.158159989691
0.428468413402
0.658416146617
0.962979499843
0.624579221227
0.351024658509
0.740940677891
0.036540529777
0.203827531781
0.465022811218
0.0830742285284
0.499356189722
0.80594652275
0.523682046024
0.929006657375
0.767008446859
0.206594920585
0.491110255042
0.151018532263
0.4844492696
0.756450267451
0.511905941534
0.568453541886
0.758122578778
0.455375482812
0.113872374804
0.270055604706
0.915171531302
0.753248601758
0.0334795681873
0.364046020575
0.991635660919
0.864464730495
0.34417515634
0.956239479917
0.860009421885
0.975048773799
0.446702287105
0.850785833903
0.906519300472
0.55293110888
0.0609589351521
0.977047575259
0.767930851975
0.254286285657
0.927823481867
0.717293491276
0.899808893301
0.992515051019
0.323421205002
0.86075424344
0.258596873473
0.89687959989
0.897246261759
0.0575944466356
0.987513397087
0.158378555605
0.173542626334
0.720523205067
0.959834131055
0.971379499145
0.674211232703
0.930405279185
0.0237111186875
0.982397053517
0.397048281283
0.055578248356
0.72982349603
0.929750773362
0.0941869698333
0.264596822511
0.509384379058
0.911949534833
0.0347166343619
0.971297656725
0.0357211875889
0.640987272809
0.896670298389
0.984711599341
0.64789093357
0.965637725787
0.0166835949444
0.307950111684
0.314417682897
0.0370044365784
0.0714058913005
0.450137030508
0.127428348599
0.12835310116
0.897293075515
0.640795741568
0.439942366745
0.557232155184
0.676662940503
0.934747375662
0.647397803129
0.96992748808
0.401808583277
0.759165577527
0.939366662486
0.435187938515
0.711039109829
0.185742122816
0.761808182341
0.577423927078
0.50111603171
0.943517593451
0.647265805095
0.239154228609
0.898595405813
0.260886242824
0.788987901852
0.824881809523
0.00580377052731
0.929769724497
0.644805255092
0.0467993253929
0.740661520309
0.00701544159858
0.0596735231412
0.946535278727
0.97694355541
0.286308031886
0.00600544320816
0.0277636142187
0.122799663837
0.799753053254
0.491049625852
0.535581228436
0.713099341007
0.435239038011
0.750028108639
0.98874641866
0.574404194302
0.347934777401
0.0115983594185
0.834761794718
0.8514436725
0.0126747815504
0.0593645429614
0.793475704951
0.99411808578
0.197086538591
0.020214838158
0.159446626469
0.494668973611
0.0133906032106
0.0901278355507
0.975359141885
0.728077046603
0.00726192755667
0.807390784396
0.40595156249
0.159465291816
0.478663008163
0.0533377368403
0.595077089961
0.0422253386225
0.12387756867
0.898595405813
0.03448435373
0.131270131621
0.0889980884574
0.895364941835
0.503950549308
0.789223818061
0.103151086083
0.00729758662523
0.996496782876
0.00781414476911
0.829416461084
0.494940362821
0.678065911001
0.828003455314
0.752295635813
0.71664688602
0.837309520959
0.916106096
0.955096852007
0.972978478875
0.309670222543
0.88690219441
0.983457426783
0.925560458792
0.17967447671
0.619146485153
0.99434059183
0.755921167731
0.90344744761
0.241837005283
0.837509189019
0.106648247891
0.829693180699
0.0187879907537
0.972121084502
0.0221131437736
0.0884163332117
0.793115931207
0.344729816061
0.913393542812
0.0554438277116
0.0189105805629
0.987708710779
0.190589103513
0.472482903744
0.37844287681
0.754788528767
0.172214480993
0.627836722673
0.110809880329
0.0444177233224
0.883926751962
0.792841892611
0.0992563777379
0.00344572460612
0.981898803661
0.990750372303
0.740661520309
0.452999214218
0.0560246156909
0.315284285381
0.0263795189823
0.593517727552
0.819906305694
0.156807711302
0.648722686084
0.612839549866
0.293812100578
0.707274562607
0.695193209293
0.970707013321
0.445481051979
0.563281018526
0.930302341112
0.706488375593
0.0298608472324
0.931431981482
0.0492382996886
0.508861943474
0.764423301237
0.0948891940245
0.850430071992
0.027478869856
0.88436664295
0.0561044543677
0.850920537309
0.940779839576
0.0688939132127
0.868540427144
0.0776881456435
0.921377645701
0.562999659052
0.469577841346
0.608385953852
0.221203552339
0.0144377451288
0.0229703621368
0.84154059215
0.0130954109766
0.893949602698
0.416797464874
0.008459905318
0.122050826181
0.884838040196
0.202454736171
0.432135720211
0.216570534677
0.47316763487
0.661331333096
0.513252818918
0.345899538982