0.199095371282
0.903708933791
0.0326027230907
0.093083559392
0.554497698876
0.171479439492
0.482996191744
0.975781053595
0.0165392179402
0.890884990269
0.158218475429
0.915732883557
0.650464801495
0.453466318719
0.937232889921
0.800861109032
0.971342701677
0.455827254915
0.8496840414
0.42955235592
0.872635461471
0.0589821852488
0.82142805484
0.702388609978
0.0456262632079
0.0177577912078
0.0834233537101
0.333746981387
0.0668238535048
0.668545740127
0.0248336954112
0.959935196516
0.746108190094
0.775559754358
0.74033145612
0.587241269916
0.593534461017
0.340047459384
0.756547195897
0.587498963382
0.678404546754
0.122146207461
0.199422420004
0.993986142792
0.061558867973
0.391381640261
0.545859507104
0.0414136323826
0.0785322889642
0.572098386323
0.110534505856
0.0918872216276
0.0460012761712
0.534815513393
0.975783897128
0.139710556531
0.113958699908
0.587732132609
0.036255306161
0.989686709312
0.202643577959
0.564366037767
0.0572507758398
0.671626076173
0.601449078296
0.0436462139859
0.362777041788
0.32301045753
0.404102331237
0.398497080989
0.911949864316
0.147987420585
0.152483508554
0.68448462394
0.757549777574
0.945308123352
0.261008749832
0.609568594863
0.30239062763
0.00508990236531
0.309892055103
0.0240642750697
0.190616963426
0.66997830363
0.551498121106
0.36371712686
0.589881421537
0.119748213552
0.874845267018
0.760393347879
0.09961088978
0.0478068176501
0.971029852928
0.887709655909
0.1038992725
0.111794258159
0.89634525387
0.580701533224
0.665336638424
0.623094350425
0.21727388222
0.961399708133
0.951887741051
0.416203039829
0.492550607191
0.363205854662
0.240045686309
0.740511901911
0.265561720661
0.873031814474
0.363088703595
0.267236158785
0.950576138518
0.239484770961
0.97067832355
0.920796289027
0.801465305016
0.977220244571
0.923239025938
0.875647358735
0.909785637931
0.840055255994
0.0168019648091
0.864100316824
0.774699856379
0.954024733568
0.84920527958
0.0265593849197
0.804255821692
0.935690894771
0.675377334601
0.172009930964
0.0415559912936
0.892315655375
0.0603595559726
0.662755222339
0.964064086572
0.218287875375
0.886136643069
0.118726924235
0.974222020256
0.901395630841
0.764050292377
0.926712413796
0.220790027442
0.00545275652319
0.0994765570372
0.0156151016605
0.294688015688
0.888985706005
0.216934316332
0.0722924337481
0.988518043444
0.952648659577
0.550838907498
0.0868386896277
0.806783998699
0.995260392013
0.638897084214
0.376485268342
0.793395721471
0.31130953803
0.775571556699
0.349255444853
0.636554364942
0.37127206378
0.935023756397
0.955236722995
0.179379788411
0.0572795683918
0.533156997479
0.407478681995
0.0811263494498
0.783925234367
0.231373491506
0.0488442643017
0.441265359739
0.988140236457
0.522458866738
0.971195050906
0.807197871081
0.295462114616
0.871613972751
0.331781552284
0.23142702681
0.82209265816
0.288079096784
0.0401303560894
0.488370157087
0.964907924466
0.891269763677
0.710258224217
0.00766359387748
0.664925154235
0.970120982573
0.957387895578
0.444603990062
0.980526261938
0.946846879976
0.546575992259
0.680460342779
0.97607844849
0.300413529984
0.170935170192
0.964434048926
0.068866299053
0.0432481416795
0.922438340235
0.00409940317316
0.0653970324204
0.988529667977
0.706366008138
0.677953715348
0.87324623189
0.970247768746
0.30239062763
0.86129820735
0.977499043879
0.943220705953
0.0436382512011
0.778337218787
0.93422141171
0.771592137814
0.0677103640283
0.244884851113
0.37863884164
0.985685600839
0.0072026374143
0.839064447889
0.467622043889
0.00895984844857
0.110242346778
0.0934553210877
0.870619353189
0.771461933612
0.653016408282
0.0272531897079
0.55694304472
0.376551989954
0.7567513
0.980478428139
0.389502871913
0.499579456602
0.939103815927
0.0150099040065
0.782506753514
0.0109566076827
0.96765147326
0.964353674325
0.417225095977
0.966853051675
0.983412037075
0.307851501331
0.475215137331
0.0238433171948
0.0347222313836
0.114684191931
0.126306659297
0.570348472124
0.88922736716
0.0354040506963
0.982438000872
0.693440110169
0.957474588442
0.911769535013
0.0615075388451
0.877167696034
0.227896572932
0.837028611098
0.853952234393
0.779989158725
0.977004747263
0.746997031073
0.0364493963162
0.876504910013
0.167040031724
0.965595203901
0.933831486467
0.606211127283
0.286387151397
0.101647412413
0.809654376888
0.934775819594
0.794949571202
0.463489557515
0.592997793907
0.761751181137
0.969514770727
0.750734488617
0.105529531245
0.92814222939
0.873868931995
0.857952821608
0.0394636197553
0.977454723035
0.265956062059
0.951747118392
0.953877289872
0.959081164493
0.812215852278
0.00918040893823
0.551498121106
0.66041441941
0.124427250319
0.929377657684
0.0679387785311
0.00387851634965
0.50142145649
0.781229756799
0.0444757447729
0.314285153672
0.100174028445
0.343483348681
0.746927112191
0.836228704332
0.852979725461
0.946782878253
0.0430797035865
0.448097972925
0.630529800615
0.468007135775
0.750168017578
0.0151098630514
0.915047416284
0.982576438799
0.0270985546796
0.198990389817
0.569985257373
0.918329809298
0.362777041788
0.230919801323
0.061558867973
0.937479036276
0.0119060683276
0.818318309949
0.96156462194
0.498569369658
0.779772432327
0.71671636368
0.822846717424
0.993307452094
0.852032147136
0.902204785997
0.0116430758013
0.188491808032
0.141448804339
0.923650216816
0.33376055079
0.342595862911
0.022879295734
0.875158950355
0.42666470209
0.749157560877
0.00620177178116
0.455610195021
0.790505691943
0.881048216369
0.8422262449
0.0582221425279
0.991021066802
0.402297522282
0.820624297177
0.8331836987
0.0479675493406
0.929056336264
0.0128816714756
0.0233921615418
0.475506273667
0.915794689078
0.9180437739
0.0690833199587
0.0689346884329
0.736727203831
0.377308781176
0.688852014935
0.936350081718
0.861522087303
0.559879294604
0.147199203854
0.652706451878
0.0350268061507
0.615380847088
0.95409973752
0.433864840141
0.0602241583902
0.502844551517
0.276950275405
0.458177473902
0.673238080147
0.95251664738
0.882660148156
0.12082467731
0.0443123497161
0.036970482763
0.298064497306
0.29586815354
0.354937620304
0.317340041699
0.636999934445
0.00643419048969
0.889847904266
0.343048642319
0.180607771571
0.0565558179546
0.893938316929
0.982419365911
0.385719466712
0.986608608057
0.642832846994
0.00851914504453
0.0285740778101
0.553545898353
0.795319077792
0.79746096422
0.675345321633
0.0235610674543
0.39683680231
0.016475889428
0.951923175913
0.941266814121
0.199221041335
0.198136210291
0.911323965638
0.116305532084
0.0047154144245
0.102663827017
0.280419749892
0.571355944375
0.875526291597
0.74421296897
0.0241247606083
0.120955175822
0.876923520463
0.0732096893656
0.46448069249
0.926449187288
0.551824329203
0.645533303636
0.1060839184
0.755082478171
0.585113511592
0.616970277028
0.0781826404272
0.423126691854
0.687536440097
0.923332358034
0.078137360793
0.605386667879
0.230407189317
0.34078718835
0.246884977755
0.814608277483
0.939427833077
0.690327192867
0.893001172659
0.0687746610821
0.0665542604124
0.296980533521
0.043270636927
0.240348669954
0.706132262524
0.910912844343
0.212533700169
0.173631543478
0.00691290408714
0.0280227204504
0.232118024652
0.501544148735
0.927915381422
0.940481560211
0.82612473979
0.918388355644
0.876096576464
0.0715590764424
0.365646292461
0.0101482511046
0.749430786741
0.856079781952
0.852266242236
0.951747118392
0.849444578258
0.987675218391
0.11656929115
0.932030286407
0.589480262373
0.0635946971354
0.0152769243366
0.262608180172
0.930594489288
0.742238689872
0.0992199276236
0.0150855949257
0.980290038956
0.434107892283
0.890674391227
0.898549961079
0.72505243544
0.749095876048
0.772011513063
0.72800773069
0.746707278159
0.279619945837
0.502584311999
0.929527028263
0.979994095716
0.567012074279
0.210537600632
0.962195693464
0.0117232070466
0.0191337960289
0.265329229915
0.0730786211691
0.0453676470601
0.21019181173
0.0274891638937
0.0320334055959
0.006975864298
0.905239211706
0.983889043045
0.454874567936
0.789336960352
0.438840018744
0.833371775254
0.919282253362
0.566576059267
0.627642245782
0.639736586314
0.783044359405
0.858000256753
0.102961454539
0.963748652855
0.867461346327
0.550437199214
0.69914491402
0.027823720215
0.970838168027
0.826325171481
0.302762895623
0.170120739319
0.0350353410893
0.034533287672
0.92400821776
0.267586422526
0.911137058574
0.705137298057
0.0999740028085
0.479458691268
0.140509562229
0.92743371347
0.00580200259272
0.245708648153
0.01787885459
0.572925120631
0.826113777875
0.953896137597
0.0150099040065
0.920860193269
0.91605488586
0.947839825515
0.364156367109
0.936804205762
0.26000128789
0.681827757424
0.439251111252
0.857952821608
0.061536793136
0.917561016211
0.395739204029
0.00625105079223
0.671541985004
0.93680661043
0.402039819734
0.961516256911
0.0759897267457
0.986133848506
0.0338008806377
0.00448072998179
0.614687154157
0.00413388658427
0.949680829675
0.975413809579
0.972968598765
0.030447160458
0.204859058115
0.464303781253
0.875623954477
0.553429441812
0.0196942828593
0.0298657204711
0.292209233482
0.524777871423
0.623069066917
0.254138918009
0.608406005805
0.824409880286
0.131202236506
0.551211346309
0.902718877169
0.0388391155991
0.693478106987
0.638583625051
0.894595805353
0.38328903482
0.944944285702
0.0258842601492
0.24982572104
0.350856701465
0.0677140789136
0.0306843307379
0.68572097646
0.745653674087
0.0253229803526
0.462303883594
0.205721374102
0.428649403056
0.777790368259
0.0424627589982
0.0181272040685
0.536010654354
0.899071149103
0.922438340235
0.0284908109727
0.924771071527
0.848701861126
0.0075815559057
0.375743980432
0.991003235467
0.146363304722
0.190126638819
0.900632714048
0.716967292566
0.984696054574
0.0358568567074
0.170319207431
0.641741670608
0.774711160049
0.0796960423452
0.529298765607
0.993096675151
0.0173788768389
0.894247691231
0.923732071409
0.0524203508748
0.299184385115
0.968070892037
0.889383276044
0.892616285711
0.455683115343
0.893214917621
0.774120962057
0.92876595389
0.366447957271
0.604442289485
0.101567262697
0.0851271935719
0.962694233371
0.501956227091
0.305551638033
0.00249992504865
0.876791433885
0.197488281745
0.508441491659
0.916381276452
0.664911451088
0.267214557897
0.0142486271508
0.121024091022
0.494948843014
0.623474966899
0.995252221446
0.858456319661
0.00501190687535
0.104025205953
0.659706497098
0.520119787862
0.0230139924349
0.427860836183
0.0137055236142
0.325145931119
0.972819532998
0.456023620423
0.391852377889
0.593526130164
0.687415019838
0.945715043364
0.0702669396495
0.524107128775
0.123944536185
0.354473870537
0.507298597416
0.995900950796
0.0392790090998
0.848864331609
0.787194456535
0.51483372391
0.772133814848
0.895719585354
0.952691297297
0.0578324279943
0.993540164624
0.46200768797
0.0718889175458
0.488845827665
0.31608263032
0.720901040896
0.152698002353
0.113447973374
0.183723179106
0.96809347217
0.850685926842
0.439083953842
0.0100227165699
0.393586835849
0.78926325712
0.0442556075745
0.269964866814
0.97084645476
0.977091008251
0.00852548189909
0.565613137422
0.600580899143
0.229986436272
0.237289870495
0.0528203466753
0.498592748407
0.942277219404
0.168367124751
0.120542837019
0.196785239235
0.459033786906
0.508574228397
0.531936198038
0.887129055326
0.950386026078
0.627903795492
0.897138134416
0.240332509353
0.0292722782232
0.0450138434451
0.0553837121443
0.804721735762
0.976983560284
0.249391184463
0.969420287663
0.642654122681
0.96665430928
0.33060685865
0.0466582674832
0.908605641563
0.650509513111
0.141680553087
0.629653004334
0.0345926601884
0.414125287469
0.272458865251
0.894214295434
0.541062597492
0.259727975698
0.666948126953
0.967323798512
0.68035653296
0.626772572055
0.507570388866
0.185030307786
0.082707725412
0.601657654385
0.174003855515
0.189973877632
0.936537723472
0.967566534808
0.467523078578
0.0726426192502
0.0508019587467
0.367692591285
0.0671895855151
0.660403986811
0.114800966762
0.979066339407
0.0587596455372
0.0359830851505
0.966778355794
0.967015666211
0.483449371855
0.367174942414
0.349834057884
0.818337705439
0.723288779197
0.0632356980544
0.417924127416
0.975034351748
0.593091207569
0.803499978778
0.0777517880723
0.493102247705
0.810064130958
0.980563735224
0.250115672097
0.0367058580582
0.0282877110249
0.0722612236311
0.939765289862
0.676354692651
0.0339727833545
0.588029839118
0.521358712372
0.177398891561
0.297179943817
0.799990293156
0.583646413933
0.398382020709
0.467322523815
0.871934045824
0.712382423304
0.736522110171
0.954977463266
0.219500206501
0.878893287764
0.972392625171
0.0580060608527
0.243373840092
0.29995577561
0.435768874744
0.942923648377
0.0237060065453
0.384620155414
0.0132670731076
0.733512924136
0.821061630962
0.305551638033
0.890172137704
0.0408462584919
0.896342015885
0.984679971081
0.934307994752
0.159602263094
0.658378835271
0.912211545883
0.904917904093
0.021713851926
0.297208168176
0.357628587303
0.130976356417
0.05547855853
0.318847547391
0.97246559045
0.979656856092
0.53845785828
0.0183193180927
0.515133981317
0.652384053389
0.558520478446
0.972065342977
0.975111298117
0.944762500421
0.210271299513
0.641906000917
0.881739923045
0.926865573155
0.920148351804
0.705805786455
0.921651012105
0.461325500325
0.265507670439
0.00595839290228
0.630351248393
0.0266547337403
0.684207958004
0.950195960011
0.916890610084
0.288990240503
0.939504801822
0.00954198816482
0.646344520469
0.906493152814
0.0310737698594
0.988154417053
0.98193139755
0.0791143033656
0.948111014185
0.872884897797
0.82620179154
0.742710865017
0.974824597774
0.156709076355
0.988209955664
0.224507388979
0.129052092178
0.154198013635
0.946168923073
0.111133388771
0.877685745459
0.39959099351
0.85684824621
0.0684948069209
0.889837840464
0.308930153005
0.110715564101
0.034354990391
0.027905303696
0.0360160456033
0.218338141014
0.882292746713
0.909804406819
0.675210646713
0.320498072101
0.767803681981
0.459325073965
0.199667872159
0.473699974644
0.979095787944
0.666108580716
0.804955731988
0.827184351542
0.0205179914657
0.0417616351847
0.200153981723
0.262547599175
0.335430581827
0.722365037615
0.767904393154
0.920947229614
0.0235666725907
0.0513049950892
0.197549274875
0.0383774950601
0.149696149548
0.445339905836
0.932971046941
0.032448094472
0.558207404277
0.126474640132
0.0800131321361
0.174078764542
0.765793693945
0.838579223977
0.209588612215
0.422107458865
0.0582221425279
0.97319352922
0.0729055060777
0.0107766080905
0.957773240177
0.258617221798
0.00391599185924
0.658675171682
0.393998839549
0.30877501347
0.153737758904
0.0759608593933
0.38934963459
0.143805500408
0.792889965766
0.666704129339
0.459325073965
0.0721408816131
0.865845081855
0.829408665362
0.0126996957604
0.906476040613
0.36512028315
0.989883390925
0.605362324957
0.962878508489
0.0269408861913
0.87733499424
0.891904670865
0.876881330219
0.580132831609
0.22819391842
0.900141273945
0.696654359195
0.718879672562
0.821724260207
0.933824211231
0.425684711326
0.24515514875
0.147229500303
0.0834776016467
0.940009485717
0.951112545001
0.749210296443
0.232899340825
0.137908598836
0.793731207266
0.980316269655
0.0121263521518
0.687309072517
0.129052092178
0.881503896671
0.56712249016
0.760104200421
0.604676682721
0.885716123985
0.05726479393
0.171148280353
0.823896433948
0.96174852028
0.700306123413
0.528293416563
0.711181847046
0.97869550337
0.0171262061632
0.988306112695
0.47947063498
0.906347699952
0.757927173885
0.396924224106
0.98020922606
0.962316508826
0.893960544089
0.981374425658
0.510919766955
0.303481728158
0.536625375885
0.0931641178099
0.96698945469
0.0293938555259
0.456066809773
0.884206928313
0.140753594627
0.522425446468
0.107110256201
0.691697971933
0.0947706240214
0.880030626895
0.248267404131
0.0558498979631
0.0217629392936
0.0156929706672
0.779989158725
0.0827879769835
0.780629963155
0.969579874499
0.729789039909
0.952965903354
0.0748053528739
0.844043360963
0.485852424185
0.367291342023
0.312399063661
0.347532820259
0.942613967379
0.88678789266
0.251217132581
0.695176481642
0.780842038445
0.190284469406
0.093336147883
0.942229617007
0.80713833827
0.963505919616
0.28867832508
0.109692413453
0.466261398328
0.0416958643628
0.310742869881
0.35694134701
0.938300020987
0.00484119916999
0.967814981392
0.865515015143
0.0660122841028
0.842654201358
0.822186999038
0.121614297832
0.858382475784
0.825437276858
0.46106822121
0.655809674587
0.74100965016
0.963897319569
0.969336725672
0.0726684288712
0.187758358031
0.545241917107
0.595983960071
0.657332677397
0.366596012541
0.0203765394229
0.0113387571995
0.984155636901
0.0975873338677
0.345037213342
0.0152663230413
0.143279941379
0.465342178639
0.0159857280798
0.348269615684
0.0529472305841
0.980851539871
0.529371531148
0.84382963223
0.655804747285
0.858006032844
0.05547855853
0.943675466644
0.653927123796
0.962682094798
0.973945483346
0.991761642044
0.877004090381
0.447086543238
0.701511737653
0.987435728696
0.790374847254
0.0438704239458
0.937698564652
0.0433246388353
0.102057403278
0.475260636016
0.0693726572553
0.828308479863
0.0493207992278
0.434792515615
0.189871420409
0.708488098774
0.0150133202212
0.434107892283
0.071669227389
0.309751493862
0.892645544696
0.671093998838
0.0148164498275
0.824184724208
0.547448379906
0.538413306577
0.846082363801
0.365404412149
0.0237640717982
0.272769734543
0.107110256201
0.881739923045
0.0934234039379
0.933243950418
0.418389057322
0.0306590651937
0.155340167375
0.882379308043
0.905018770211
0.1038992725
0.69545589961
0.729286248085
0.146287631533
0.093738708273
0.98513257845
0.892272015666
0.965442681895
0.47119214065
0.613531447915
0.39028016954
0.159769168467
0.431372694654
0.822617817805
0.466300148241
0.62446951296
0.872173640581
0.141638389597
0.30547900312
0.544957476315
0.940204437894
0.133646151009
0.636796137199
0.228595587563
0.550809346192
0.96047217117
0.00519587663389
0.0240535317046
0.682209540967
0.278543635349
0.0441618278217
0.102659225741
0.0791817110641
0.189351035333
0.156365514016
0.962913580767
0.199481230595
0.586134479784
0.00456031222166
0.114284327416
0.881702883259
0.869742079971
0.137280966708
0.986120171185
0.737915907595
0.340763248744
0.065642259568
0.104736009859
0.0270147204218
0.948323776395
0.0559397189681
0.328231464397
0.659435955686
0.955731174729
0.979641809916
0.698259480502
0.978702179513
0.407449602998
0.75627951912
0.915348043673
0.806783998699
0.329966399302
0.058226413668
0.943700905166
0.816066738943
0.985605445679
0.307598769973
0.517910282888
0.0153239992841
0.763627370093
0.644380664651
0.0625018667095
0.253611172243
0.54469476016
0.178014464902
0.706512294079
0.238107390743
0.950821436961
0.182040961864
0.869886246881
0.973244884272
0.896019439419
0.899352236259
0.865066785548
0.0445462282342
0.322938830576
0.855411842433
0.866166945393
0.0547013496549
0.754012855767
0.951874337414
0.355140047112
0.623906830764
0.736306260707
0.457810690764
0.737118619758
0.585386476662
0.0207311054512
0.247917353796
0.00441032029881
0.377875240785
0.0353224093212
0.0410277464901
0.0600844886323
0.784336086132
0.559982075976
0.430217523417
0.613193393403
0.601593005605
0.977185377959
0.869717961494
0.377279993781
0.267586422526
0.427603004477
0.9521286625
0.278604659973
0.961316437063
0.983467282336
0.99094180331
0.878705181581
0.374876191261
0.954527880697
0.0576389929546
0.398303156248
0.226239676552
0.394752209622
0.113831523865
0.990118158839
0.38844006039
0.967340865738
0.96487848778
0.270437377259
0.9099681654
0.690501897286
0.509360516201
0.0467902186675
0.173144807795
0.807859435332
0.341882269565
0.870924249195
0.625665586224
0.0495699470833
0.135789634654
0.978250052245
0.235490737272
0.339248230121
0.882838932899
0.265424123612
0.996024313802
0.183936805269
0.165919342073
0.900643006177
0.0985886572611
0.0541322820485
0.3484365526
0.966204787099
0.950523891322
0.0366274221574
0.101359787983
0.208723462103
0.972357149934
0.101430088816
0.00826524757997
0.916274837249
0.558083049197
0.763242325358
0.69678159541
0.554717199429
0.0645123161251
0.743540157796
0.0722219393382
0.630878884808
0.0394798532684
0.0413702916352
0.661499386055
0.0782915638312
0.81138651989
0.964251486453
0.702044830177
0.962276176351
0.964262532745
0.897663741584
0.738586550505
0.129764176608
0.334231723247
0.143551790124
0.94522801648
0.0257447901377
0.0803905280734
0.0468528675954
0.823982898627
0.0118061802401
0.980526261938
0.847633716207
0.973751711813
0.980078371417
0.0321278191554
0.83157185679
0.0197589004801
0.227997581339
0.827207923008
0.0114390964556
0.311213441263
0.123942851785
0.0429494355911
0.979069878132
0.636931483473
0.0475446484897
0.256373528094
0.698319532719
0.992286083835
0.251825736685
0.265216365515
0.310685825136
0.734550020607
0.12572753021
0.501182616563
0.0816682390896
0.876640134935
0.221964151226
0.717169179482
0.951706982432
0.748150178534
0.955334503577
0.391197624232
0.918545234474
0.572110310931
0.914543225571
0.0545933313601
0.0975873338677
0.978234513217
0.341905737762
0.0456262632079
0.868107343103
0.577821565137
0.884933803971
0.89278619386
0.0779668576459
0.95947496601
0.765404636125
0.260794832663
0.362105456482
0.251425637066
0.68797928578
0.0428285072612
0.0284727314226
0.562088992596
0.221355475389
0.696592013933
0.956997432928
0.254624853281
0.00428094068888
0.783609106265
0.961825829681
0.226376924981
0.334004731182
0.89155150368
0.190867707589
0.32247529716
0.992799574945
0.388988694975
0.121892603199
0.609990990008
0.590211506061
0.187588909117
0.790239060775
0.884056914763
0.959917859456
0.11577466049
0.35255406424
0.943801174019
0.895731506765
0.00881213460487
0.0444757447729
0.0174880387146
0.575151686665
0.980036316255
0.962084279456
0.289616818888
0.596211383509
0.499937095956
0.393465999494
0.0394879014431
0.0193361924629
0.38837912415
0.986525005221
0.480300299088
0.822743270424
0.00356924986848
0.677917710602
0.820586988626
0.868725468764
0.882055810753
0.0418948747861
0.459127559796
0.948038314362
0.891503425035
0.451540233999
0.791466373868
0.852426196789
0.625238418148
0.701807797658
0.437141292131
0.954634476967
0.162918733732
0.978356041127
0.946496299456
0.856662378227
0.458019207026
0.158587191834
0.547361066783
0.0518357458284
0.567405301409
0.80503235159
0.165640284223
0.107485971644
0.851353979171
0.575928129384
0.817263556273
0.143659943001
0.0952158609178
0.542517943784
0.540876347481
0.550358322851
0.13108209894
0.0154958265499
0.852220858965
0.12624703903
0.309674861583
0.968468720651
0.894185648636
0.200304566369
0.0631773253695
0.61666842938
0.805861051318
0.988946648027
0.713623452018
0.0430130479503
0.939585317673
0.757767178973
0.926488883028
0.838988801437
0.987413538063
0.10317037867
0.966421579357
0.126161910533
0.0566550546796
0.970945388046
0.875339440629
0.878258526771
0.517177140557
0.649701500651
0.551491917962
0.784549018893
0.829995379756
0.0784787590458
0.861776007459
0.940574441566
0.208243726903
0.93418970246
0.277369850734
0.31134265764
0.111831542748
0.784644960317
0.959759026726
0.701441154978
0.458111797819
0.918739053566
0.993810845305
0.155703210152
0.912556525715
0.0671075134549
0.921049893424
0.959497229311
0.53492072258
0.951543778365
0.537337423684
0.501741207626
0.548886742165
0.527599305366
0.729126088608
0.12539551858
0.787781983871
0.970223342537
0.418123242486
0.871932184248
0.767323169788
0.0200884252114
0.589212238724
0.963720432082
0.733304338148
0.467310328444
0.668047886538
0.32374529259
0.0753183960975
0.918805454008
0.247974138892
0.00682435596191
0.369111983895
0.974004291411
0.310961143115
0.766110805915
0.0610364659557
0.0458446298492
0.934121480745
0.956988862108
0.677909699552
0.549441713109
0.213802651812
0.612872543667
0.0407949240448
0.793325586793
0.0883196777497
0.987944455068
0.812004083616
0.327639490332
0.0455673662624
0.0700760006958
0.990143331992
0.409859641565
0.33098343716
0.306294562151
0.0351823820585
0.307185096051
0.70118567616
0.156746549939
0.119552983342
0.977173328364
0.94743233031
0.0276511744868
0.943844741814
0.837062659962
0.00568274217088
0.76673687939
0.591204486301
0.904708661143
0.705763537373
0.0286516816904
0.16088614722
0.200270405403
0.438118997245
0.167018294936
0.948279477594
0.893235514292
0.00763976872009
0.314169364782
0.00994054310753
0.933824211231
0.435687478922
0.636241138105
0.854184517052
0.330117427339
0.911978061714
0.867968788511
0.820986438529
0.0755435763453
0.549764038282
0.807919565608
0.429926163079
0.18264176458
0.545988482084
0.0759814066282
0.955839249421
0.380092895682
0.956412192621
0.151080304321
0.026764530067
0.783626464083
0.547303980401
0.00537694625867
0.951650010319
0.768188122039
0.918822534345
0.00652278760274
0.906148982246
0.0571539058191
0.475622428077
0.913187421947
0.646555218071
0.91118257852
0.179881388244
0.872780236314
0.0414747630354
0.13667774959
0.22157439858
0.444707644786
0.97032337444
0.15802063498
0.975523374135
0.0984371964477
0.718125566199
0.875944215301
0.363738017027
0.326278090039
0.142091147433
0.98731059837
0.682523997014
0.0337060933455
0.805454110782
0.121757645499
0.490044051582
0.987504845089
0.982180553039
0.503261054824
0.673861542598
0.80889221084
0.946795681149
0.920685361119
0.991534628727
0.483994566789
0.199114065732
0.155050360755
0.988068912185
0.664205761649
0.470955458712
0.885036751392
0.895690716983
0.524581522159
0.59305024967
0.0532639482949
0.100664426698
0.674964929938
0.973749288718
0.0160870851681
0.972249479525
0.932165324372
0.724930547914
0.107949437567
0.0361834147865
0.113187317143
0.662873667154
0.769961731556
0.968077171
0.444188561663
0.398897161111
0.837980808612
0.20646619602
0.359402567382
0.871969501025
0.901792948532
0.0633740751019
0.567362002297
0.940265517541
0.790112034299
0.592875280824
0.246850376965
0.781497820472
0.831925448255
0.0811182498072
0.657767311087
0.0295974526856
0.959759496903
0.425124563273
0.919463852468
0.282787978491
0.654608028501
0.482575166119
0.087512145459
0.494078735099
0.869545478913
0.718846043067
0.847576305155
0.198255093514
0.71781951732
0.961458706455
0.320251704834
0.113387699416
0.0748374532135
0.488006635678
0.434689013261
0.077343677381
0.856546001534
0.114440140741
0.390440432925
0.881503896671
0.637646597206
0.959630630457
0.952857714113
0.368698821375
0.53566358891
0.967847306794
0.233071771446
0.00938334371842
0.0332987391753
0.0299593711765
0.0758239045009
0.836765857577
0.390762483235
0.861776007459
0.664925154235
0.646007120662
0.019676483422
0.0264235974136
0.0161953765577
0.205868928588
0.561226618764
0.930672430431
0.695072804155
0.60904141526
0.139554465362
0.411294356946
0.793495516264
0.853537958871
0.895968376331
0.371818309313
0.76551071202
0.969916764022
0.895330951441
0.746804992787
0.320354578374
0.31602132811
0.85945819703
0.331138710029
0.861069631369
0.494699252806
0.317771422218
0.920888787981
0.933482827555
0.167787600362
0.171022453763
0.563767728784
0.768093180378
0.890702760585
0.264185637272
0.00994054310753
0.181750194845
0.937347190062
0.303056310249
0.936916339308
0.508771544514
0.0423426439662
0.849183114213
0.157265996085
0.253042909888
0.669672835911
0.943663866897
0.393586835849
0.406027698783
0.403695235801
0.845896980913
0.00606438713402
0.238618695909
0.320074077997
0.997284026984
0.00928717835122
0.0254135880823
0.151183675348
0.298623451959
0.869890527166
0.518679355263
0.559950943998
0.281727845788
0.569985429565
0.950861647682
0.0849326086011
0.983833066488
0.988953479802
0.840557082626
0.323853777567
0.010780382333
0.24226798963
0.168047733766
0.975558757198
0.934163548998
0.995732591099
0.212411084756
0.785757200171
0.898914701742
0.907390874899
0.960176801395
0.0833280466951
0.504093122285
0.947280634372
0.163044884436
0.814453726404
0.00501204538167
0.104419093206
0.127057662374
0.919090802194
0.491687906762
0.918388355644
0.922718658683
0.495742362187
0.174407814658
0.814077029036
0.704774439961
0.95456555566
0.96665430928
0.377275719561
0.357271001828
0.588683417274
0.03462206645
0.261872429874
0.8866550653
0.238925680069
0.162657465203
0.875668582284
0.939255598078
0.128617108602
0.0387386438903
0.866812021839
0.964817934291
0.00288234378863
0.896496061348
0.0286677437607
0.950811837372
0.00994226524146
0.626139255003
0.0694617637369
0.0319082951271
0.801989881806
0.196283159621
0.891300159243
0.117736091892
0.389341114984
0.0212463490221
0.328877075905
0.0407428734219
0.543474335926
0.198684619158
0.974698405323
0.92754640698
0.710054981514
0.859761845682
0.461195250536
0.973649114612
0.164479644265
0.159398345836
0.0348519953173
0.976217564144
0.174488913932
0.936036053527
0.187153775045
0.270042691361
0.139811576046
0.937655378939
0.0864154430175
0.816657163065
0.0327588554614
0.022435505279
0.209965585061
0.75522829121
0.125322650804
0.418368203512
0.146032004865
0.0579157722976
0.955681756507
0.573470298389
0.317275404917
0.0811270887457
0.931371809529
0.490906325423
0.53786424042
0.114175763352
0.691859691859
0.623575164946
0.174622607008
0.0486919182738
0.972342226183
0.768103091601
0.432210045218
0.625360478655
0.300463304705
0.0563394561205
0.0239445757514
0.0559864391847
0.780573034763
0.872288676848
0.147801469313
0.71561756975
0.0224601712859
0.137946684972
0.211784281927
0.15817415351
0.754024906832
0.419700668168
0.473747368811
0.735841510257
0.896930431308
0.0142109923973
0.0339646678997
0.614274219567
0.446241214983
0.0585751024234
0.621708365514
0.0293363943016
0.111665319633
0.23216223054
0.604399961126
0.933556341777
0.978561517277
0.641061566812
0.893554323251
0.958686365613
0.507530642859
0.659454505104
0.946795681149
0.974689419909
0.563032199154
0.56465278794
0.70402542681
0.985568892795
0.0223286477979
0.929298082505
0.0383125004886
0.698983586573
0.861749693031
0.979362429782
0.0454374684333
0.0319808735934
0.439577299925
0.299253216341
0.187588909117
0.0221948885068
0.768410614393
0.687677512168
0.421342433648
0.759091163136
0.0685674658482
0.692972099421
0.874227820555
0.0171482479453
0.180058161188
0.634526983979
0.796013890856
0.00682565788636
0.0566647613419
0.87328646903
0.423734359443
0.117705866267
0.506824677382
0.354825484552
0.938076182498
0.198804478913
0.508157835251
0.074139283151
0.129373272838
0.897035540668
0.539727675168
0.974456473874
0.989686709312
0.239978870543
0.0204675992556
0.297331593381
0.832759846558
0.954531020521
0.164601765293
0.983390866608
0.929358662962
0.154808914979
0.747218478651
0.326828876763
0.695513997628
0.0196388312251
0.479583614197
0.716124415546
0.607508720435
0.314450280684
0.981309073399
0.0205951842816
0.217741556272
0.0652261995393
0.603482146336
0.926557713178
0.0654158151861
0.907235708976
0.525747727864
0.380119648083
0.449405586062
0.147915350956
0.799531522607
0.955833033776
0.113991760361
0.418313893291
0.892284023362
0.902995444041
0.0102156769877
0.814172397047
0.91196746113
0.56518917512
0.0134780889013
0.922901531577
0.987199461301
0.231796834573
0.0867019665956
0.0123939057086
0.972533117912
0.489232939721
0.554165505354
0.282544995505
0.9788520226
0.0375651395269
0.933732056346
0.961926548014
0.624756870956
0.975375314319
0.00620798317414
0.21997629485
0.692466149555
0.336759958062
0.347316625391
0.473731239125
0.985738267218
0.815219903533
0.161993758946
0.465131415819
0.61493610825
0.977886917904
0.939267084258
0.968210046851
0.169647985575
0.812348681631
0.936947424406
0.0155662191279
0.744748594701
0.75088294726
0.834078464463
0.0289081702238
0.568579342695
0.33744484292
0.655921456348
0.018178564421
0.368116747942
0.610619114031
0.977745569258
0.916731962265
0.837062659962
0.974282239691
0.560640412905
0.540217512212
0.183863825351
0.0606287054392
0.0442508665676
0.495230463775
0.96410283962
0.0132712191909
0.726842702342
0.790528731538
0.0233070902794
0.905479775611
0.940155733284
0.929132268901
0.329089659859
0.975437894409
0.0628659177127
0.11662366033
0.208454645646
0.948878905536
0.520119787862
0.303827708474
0.381170679598
0.674127029898
0.0325289338342
0.0416859457254
0.661783411172
0.0863189236926
0.245901580502
0.817107819824
0.979045030499
0.542517943784
0.696911157806
0.12281148278
0.879485011909
0.607843747575
0.581950539186
0.527055295944
0.898684139601
0.535157035812
0.23311420734
0.762673228926
0.179313363246
0.552087340246
0.202756437304
0.316105977724
0.147248340262
0.518239548853
0.18980642106
0.188672699814
0.20679471867
0.757851684463
0.013546386787
0.0689284606021
0.717419219866
0.260543258746
0.848154725942
0.279054303289
0.00920952676001
0.176166055541
0.991133880983
0.869162867751
0.0345241857526
0.023492459645
0.0452990277156
0.277318689774
0.692339884116
0.977708225341
0.121800633297
0.00695634673633
0.824491864568
0.908166082586
0.306871267541
0.948956844987
0.348294198856
0.294654623583
0.0369391395968
0.814537843979
0.378272806536
0.740613357835
0.887684119818
0.0161554655763
0.741020760041
0.716243271103
0.0295348927977
0.196645264829
0.317570319339
0.673434740259
0.0867770850404
0.0194943025396
0.300294308799
0.898299897095
0.0896563720821
0.719993795297
0.113449669191
0.133047378428
0.734206517214
0.428721887237
0.993685056288
0.901103216608
0.121210006782
0.264056261939
0.90299305803
0.203545414264
0.176368082177
0.476081829259
0.485235065934
0.867531612005
0.0132612354095
0.0745259372432
0.414191894938
0.69189934042
0.50730611562
0.231758308281
0.0478661682672
0.0310488747609
0.380524270074
0.0351388649654
0.671597094585
0.127962949515
0.033804342054
0.669135076348
0.00980773181358
0.379990582118
0.325265093891
0.993341877338
0.970609839696
0.364851303882
0.0266618004435
0.818505077617
0.327558700051
0.0602162230091
0.955839249421
0.897752699453
0.912709053627
0.618365182412
0.987614041027
0.0760505325495
0.567501179073
0.85138066208
0.593339473266
0.489910623252
0.804617326993
0.20570295178
0.711511889176
0.317703654639
0.596364311517
0.882091872092
0.350844053385
0.889123877119
0.0988705958891
0.978482615771
0.9960998559
0.386228860415
0.979985355076
0.57582446328
0.726675748182
0.0254943059687
0.406531696283
0.0301021618994
0.0339891602392
0.406372088017
0.704192099137
0.804040738761
0.52480044643
0.893819347436
0.687368224404
0.701382506894
0.450809986311
0.916062027231
0.0924036284014
0.835772843334
0.739103625069
0.950307528942
0.334103984096
0.96479013167
0.336789194519
0.213044893867
0.771288161524
0.980694901516
0.751225312736
0.175682644003
0.964689456099
0.824691928613
0.472381745655
0.150781217512
0.404022778976
0.959739846834
0.454400308383
0.0705569962864
0.880040366225
0.31134265764
0.779869659989
0.139450651162
0.367084412305
0.877820816123
0.883998353542
0.00428094068888
0.2469516944
0.0168069518409
0.716524448344
0.969890766275
0.112256571262
0.101931781667
0.554372425886
0.957158653631
0.959324540458
0.987748760097
0.397039643967
0.0328682190117
0.12581588725
0.612782690602
0.995103635946
0.046108508423
0.73006404309
0.73968133505
0.219079943919
0.914401083441
0.225145813607
0.0513435279725
0.32593595034
0.0962516496733
0.0589029298264
0.330711025498
0.968160222327
0.18401489078
0.068560769734
0.667702551054
0.222812658881
0.633206183283
0.435742308624
0.578385501666
0.253323302
0.673482126928
0.990992897876
0.970951645285
0.16283249581
0.920950443277
0.0647682414076
0.606825048268
0.283018282553
0.231492176121
0.280345587678
0.0119576493822
0.0293680150639
0.335905903112
0.325637744876
0.143989569848
0.951865743033
0.759504569701
0.762621632402
0.292910859781
0.0359830851505
0.953520647378
0.315602893457
0.310726715129
0.904430323033
0.479458691268
0.690832949054
0.75113341109
0.610698834024
0.429020125529
0.75455788212
0.0369879910003
0.0161953765577
0.200255922593
0.917623156095
0.903835126737
0.738615605891
0.990100187623
0.954683735543
0.0643638392213
0.423318942563
0.897163085839
0.27185785936
0.702179399147
0.962567394457
0.446363978062
0.292108800702
0.0780782783032
0.0771800003907
0.834029812967
0.965256945164
0.362763194871
0.296730366088
0.00510358306593
0.877811115005
0.982817945989
0.96518124394
0.851370903945
0.940333086652
0.504809679904
0.838988537131
0.964184350578
0.9013210601
0.860033314053
0.66892330926
0.748256310726
0.0369341266114
0.389039689031
0.921334567915
0.922443349204
0.40911496326
0.975922284971
0.820076513451
0.178524686759
0.221129462844
0.81113841302
0.620565793776
0.782194517336
0.133030324159
0.917592342498
0.261941381089
0.986507834254
0.534968470669
0.0223373794189
0.162482340385
0.0212463490221
0.966790948128
0.986740630713
0.541673441312
0.321645200532
0.48292979674
0.219284006636
0.0974183633844
0.762067424563
0.941919234036
0.160099134734
0.09079315123
0.680911398892
0.0153878398799
0.0569367797357
0.938103097621
0.754024906832
0.674593317612
0.19863171005
0.981423272554
0.449807477085
0.271035347305
0.894677277268
0.0148084742415
0.0360803712997
0.0259623221741
0.310179232216
0.0167904552958
0.747576974019
0.566061132953
0.794312690652
0.0632051507515
0.659412515848
0.880471047445
0.124042260347
0.386717467666
0.323228581261
0.257670640893
0.0126199165482
0.529266553442
0.362689903449
0.338790371997
0.937778967355
0.816518514972
0.488617386209
0.329662416265
0.749510070784
0.0640775151372
0.165527184834
0.975241656193
0.885957966439
0.795302499517
0.955027233078
0.0962428374295
0.426245581774
0.156035408911
0.911354602154
0.945532092729
0.181490959508
0.99365491106
0.82547636526
0.035217852131
0.151180410309
0.529735627523
0.411672361548
0.454394847321
0.0248019764423
0.439979276364
0.620328253711
0.987301277198
0.0920838717491
0.616299512742
0.727569556792
0.114956722503
0.960517092613
0.997742503116
0.843611476576
0.428649403056
0.950489189744
0.185759868192
0.71671636368
0.603658703071
0.0718810919419
0.961864762741
0.332023182742
0.134647580303
0.705235129379
0.479229054113
0.95554845294
0.759897688228
0.298086909812
0.971787489726
0.970090927159
0.818551946206
0.0186709401003
0.990772444451
0.501715020743
0.0721299134691
0.77645831883
0.756659375409
0.960698434754
0.105338096211
0.975717423791
0.0301799753368
0.123878934912
0.961544213202
0.922840243148
0.737447866445
0.773571275107
0.892411263418
0.00372583492293
0.725562296044
0.00208345136451
0.311339241208
0.36919230127
0.280345587678
0.108737127625
0.503532268411
0.049222859549
0.993862937628
0.042182100531
0.276073165022
0.0573515741578
0.710533184846
0.852101965924
0.660860899989
0.102057403278
0.692271098153
0.661053506391
0.0351648587429
0.529593918453
0.00524394701968
0.628731768758
0.288954332045
0.012496862272
0.956820151774
0.937006659533
0.0742278899666
0.434456968214
0.0522856825095
0.898088465999
0.0308596910057
0.00654289730854
0.975416365427
0.124853377922
0.69372631336
0.639329208512
0.729139704834
0.185823016431
0.975375314319
0.851648645724
0.423862523348
0.892243113248
0.953863538937
0.854758948659
0.596037985531
0.494897018064
0.363846770338
0.919927265663
0.495420927863
0.0197675183863
0.00826722978031
0.274910383756
0.591577057684
0.969579874499
0.336951374889
0.442553570632
0.988428518417
0.54822316547
0.942259718957
0.733410560611
0.764768696432
0.281943266557
0.348717703428
0.126980537711
0.791493567475
0.0585751024234
0.0612997195148
0.0397591184651
0.0419567646595
0.837083255215
0.560946207186
0.633212208453
0.0345183737539
0.676149121762
0.910874216132
0.603225329543
0.98426046923
0.138454888754
0.343145846093
0.361153730014
0.166779862708
0.852711112903
0.0890684937439
0.906247624383
0.636796137199
0.878013141224
0.125986774188
0.522387945165
0.828595161716
0.424459040945
0.230365082107
0.388988694975
0.922884531481
0.318847547391
0.938674470017
0.844011246813
0.978618723328
0.0928103331309
0.221938653548
0.614300202689
0.897040810575
0.272152182196
0.0491279036272
0.0444088081221
0.763084708856
0.971580291705
0.061853609917
0.330492082398
0.980078371417
0.424877749933
0.143326445398
0.101653797527
0.0144562935927
0.527111154864
0.519659247694
0.740560453996
0.904367353127
0.111812278939
0.968499848024
0.0465540634684
0.0910807248448
0.270042691361
0.363205854662
0.666392979105
0.648721579513
0.0290639615939
0.976388408016
0.800021015976
0.0305072842753
0.333679240273
0.588927120031
0.681635203114
0.0164057528219
0.918562429632
0.865927064289
0.972807944948
0.465072908387
0.526471283898
0.209553668966
0.847141478629
0.994049865629
0.00967262447811
0.584458383355
0.00881130167246
0.625823789905
0.816199104568
0.0276769112778
0.0142194944136
0.684805946408
0.296199091515
0.89895719586
0.783701900023
0.158514915202
0.740700936696
0.44485502036
0.989470010148
0.500328339378
0.919512627705
0.117419634295
0.642711876729
0.879644415319
0.919399383008
0.701144811046
0.686882996338
0.570348472124
0.97515543589
0.857716374846
0.0189341868972
0.720785715528
0.760446411546
0.0801505237868
0.615095456669
0.574088981329
0.191859165358
0.0722506269825
0.874903333311
0.161075114765
0.240170254856
0.161891197483
0.585758456597
0.0752194770087
0.408131152943
0.0550104732605
0.411270034099
0.144516990479
0.734609706698
0.0623717374412
0.515691182445
0.736306260707
0.303019391674
0.23225939351
0.098030830883
0.984520803273
0.0143872663989
0.285425278504
0.962319219667
0.988328549841
0.249354390351
0.0119574105723
0.383293781041
0.510280827953
0.0544642227818
0.962381838893
0.971399886921
0.555444887767
0.556687770186
0.199358152458
0.747908050974
0.911072700176
0.457042238997
0.340578197839
0.615146727952
0.970984405685
0.0563024848431
0.782110344913
0.158095038096
0.855279675594
0.926309315841
0.662485457748
0.414958071481
0.0073991118403
0.271057511101
0.843434207852
0.565916596773
0.167356230426
0.803012038429
0.76214709377
0.663893003493
0.0259535475282
0.0843109679104
0.817792046888
0.975771015973
0.984535727949
0.0295537069317
0.743613474854
0.352735971544
0.881947024466
0.786373277653
0.035470299991
0.262886570755
0.420320205425
0.981297067729
0.556711830099
0.0767390426098
0.783832313889
0.873959589763
0.868916967264
0.263951477176
0.918440488529
0.76664346055
0.143807465892
0.956425700003
0.977428589067
0.0329355040116
0.543680906823
0.884545108741
0.0872352290102
0.23131252877
0.238410948829
0.0959023641434
0.918937358654
0.865646683262
0.0435768164412
0.992157030482
0.213608362346
0.0798080091991
0.266080585239
0.914664430148
0.0907366715944
0.0592956771362
0.867635633871
0.699236626194
0.885757731731
0.761800411675
0.121757645499
0.725689958711
0.0767390426098
0.950818857893
0.1100597513
0.829136312266
0.19840041855
0.847965230967
0.265561720661
0.0392995673722
0.974282239691
0.493465612081
0.127985635505
0.622276877106
0.0679562976694
0.691697971933
0.830994421685
0.0327986123763
0.585861700934
0.941035901019
0.880535886439
0.00913951658535
0.0112192357007
0.553078488208
0.0458265384741
0.844166066784
0.30229708293
0.212021863221
0.662873667154
0.860821095129
0.480909510847
0.396639429755
0.563827061691
0.0149350010703
0.649765458645
0.954227589751
0.823974636266
0.46423392853
0.00783072567572
0.601124102692
0.875504243403
0.00541234207092
0.601457526726
0.959527155383
0.968741252021
0.724409028995
0.737696992703
0.771274553024
0.982464284192
0.524655097058
0.16931196869
0.428688944549
0.0441798062214
0.986830373215
0.723318108495
0.893259514185
0.556351895713
0.257311432328
0.172621469527
0.0178287955138
0.66853341618
0.27953416122
0.976153612833
0.167263069456
0.16218048316
0.321553405944
0.840620730829
0.962761689608
0.013843669248
0.195356522406
0.920854391122
0.63154115386
0.181520150742
0.71410158968
0.0319602889434
0.781399972545
0.662677594595
0.805894704282
0.160436328997
0.972392625171
0.910610283763
0.9672981061
0.948173927245
0.0799525620549
0.974841452965
0.0887139890944
0.99596221659
0.265759583464
0.96322011572
0.00282407282356
0.471996402472
0.60693037278
0.363211674116
0.399866354549
0.39016005525
0.859730863316
0.936367436951
0.968160222327
0.965401845383
0.185497992597
0.284231287721
0.974642877695
0.148171426108
0.406163525568
0.666077800763
0.632780987832
0.130426288795
0.540085088847
0.666138877013
0.918415281169
0.653907362376
0.608986362856
0.290716113799
0.0449885720904
0.15393979284
0.0147673197098
0.484478012112
0.218118723322
0.0153953044707
0.556337118545
0.985879070942
0.37400991526
0.456201191466
0.62149927587
0.56899914477
0.443792610048
0.0118898071133
0.698269590624
0.861497435768
0.367272910214
0.946742420345
0.00687040099824
0.0593972028279
0.859748011752
0.867322167565
0.500315372641
0.826845095259
0.845928704725
0.814839807889
0.994947922767
0.624526916002
0.635263090685
0.655008363295
0.0745101837195
0.950538612131
0.179425806223
0.103617848959
0.886366689996
0.228237695197
0.838502143903
0.70652803642
0.527144172655
0.763781184383
0.409878966812
0.611334338824
0.678729591045
0.30355711892
0.326625114232
0.932496138065
0.197217505295
0.0562418815943
0.666723561704
0.302897610241
0.969815225568
0.199839241112
0.521615012649
0.324949230063
0.252656684468
0.112416445768
0.2587937069
0.940045824961
0.744284262695
0.114521549863
0.657325772489
0.00887685789376
0.947020761296
0.0182235222185
0.764050292377
0.640997051861
0.954557580595
0.314169364782
0.805626112404
0.909784995455
0.151000785445
0.736543153994
0.215398152541
0.743963958615
0.808043033153
0.140702515225
0.768934854398
0.616858697347
0.357947323098
0.265550705085
0.356382505803
0.887980137825
0.768769230728
0.392531127409
0.0459791575744
0.146107724244
0.114975417952
0.945519233859
0.230922492937
0.950704235563
0.338532209384
0.602127309835
0.00708697606159
0.664652317776
0.763731698123
0.848822858066
0.933236304267
0.113454574102
0.732999988598
0.0262914128955
0.014519162547
0.960589880226
0.697547044624
0.190192374483
0.432516202734
0.0158056498113
0.688512099491
0.449342183509
0.266243349185
0.0162910563077
0.0689479919609
0.301637004524
0.558558666619
0.288426012591
0.956010731821
0.601657654385
0.411408424492
0.184471937152
0.184471937152
0.234383277571
0.549800786591
0.0748374532135
0.813065950602
0.575857111025
0.0336542104268
0.982208033753
0.936036053527
0.73327914048
0.776949843694
0.940637431873
0.148171426108
0.92875743292
0.0933076450807
0.246053346275
0.271218109092
0.957408068561
0.508574228397
0.69452746555
0.827295614334
0.316572188199
0.984980379691
0.819746714488
0.212320808168
0.944162048732
0.520188159407
0.987091226011
0.943383430925
0.439987464777
0.920808293688
0.969199004451
0.955828001197
0.012488598175
0.913837631438
0.772137948476
0.509284752032
0.155153993382
0.504864648252
0.90129653414
0.265561720661
0.561755892649
0.928224042351
0.198419526922
0.469430192479
0.986947491641
0.667059780897
0.98888723605
0.958282477676
0.575159533713
0.0328682190117
0.932165324372
0.935936826619
0.953459449518
0.14863810374
0.0811977264719
0.711934352813
0.297302489707
0.97384734786
0.951122733324
0.973974618184
0.0792997314331
0.0137070737755
0.0753183960975
0.668267719363
0.960564378127
0.830448500177
0.946705467716
0.0816682390896
0.659533047529
0.213566985377
0.987547386771
0.183419866532
0.390837105646
0.020300441519
0.96998004304
0.05547855853
0.989224213816
0.986729718346
0.981375466028
0.590660678432
0.698269590624
0.213718255994
0.522268883868
0.86902073237
0.262236432814
0.985531582797
0.0364302581734
0.319097440304
0.742097943325
0.0766540015623
0.996734076852
0.542517943784
0.689966954223
0.13809945559
0.178237335887
0.492857095894
0.991446268042
0.61818891428
0.585284866169
0.785092187926
0.0521583495857
0.123954014146
0.240432934963
0.975293047542
0.0134657730955
0.0131155296778
0.0297495593566
0.0703057907849
0.491134900395
0.934629851036
0.333242054416
0.555621356614
0.609032150829
0.604104421459
0.704354182269
0.449905296145
0.0679115060293
0.933391355561
0.915130884554
0.198029124487
0.187566416544
0.492076272813
0.174929151613
0.0164083840931
0.738075672808
0.844963947436
0.556095054679
0.967028667322
0.92321045135
0.328059479067
0.91215606281
0.949532824128
0.919512627705
0.65616886757
0.962323447162
0.811369824174
0.860596825206
0.068560769734
0.0194630183433
0.813023403145
0.109692413453
0.927356435564
0.858380868097
0.0858431883816
0.176058638247
0.981959690871
0.448327035695
0.0690833199587
0.862259382147
0.0627747265085
0.920306495262
0.531983583742
0.722262835755
0.145543832033
0.362680784896
0.973950181398
0.434304548167
0.018904528844
0.734776882689
0.672209864795
0.952952337545
0.249978912028
0.362260372454
0.472121045643
0.267862313206
0.922877872288
0.8558736035
0.249448119332
0.884864640119
0.891238762868
0.352621946741
0.018666068092
0.884436087933
0.42455929444
0.0467902186675
0.963926599648
0.265969912704
0.902541953838
0.186946649691
0.334414975274
0.667184829264
0.0304375691391
0.340047459384
0.0123575152022
0.0414938839412
0.730956632509
0.11825392674
0.440704730344
0.951096512852
0.00645214623033
0.617857605885
0.948571282036
0.0220110732448
0.705120499628
0.790910479121
0.587531367899
0.44265056844
0.469206499109
0.0280474910029
0.932122773865
0.597957864235
0.0264599890897
0.152130505959
0.452917817284
0.168720862607
0.913083521977
0.791604264445
0.980169392543
0.77645831883
0.701760234223
0.59981747482
0.778134727909
0.886822687653
0.237226098694
0.74206929325
0.141389452574
0.534815513393
0.0446658470551
0.45506726729
0.0985748742698
0.951847589089
0.517848621303
0.736842510961
0.0724005923552
0.391897190191
0.681164254745
0.127924734833
0.677851747625
0.910837432425
0.0306898565092
0.152120326025
0.120691062405
0.297883315855
0.890676395884
0.00377887200199
0.510509539481
0.285355030449
0.00241734375238
0.0871718734296
0.19673346192
0.824209297021
0.306950070121
0.808278939502
0.8866550653
0.14258190172
0.957041470422
0.81553620862
0.664869758689
0.987648949412
0.953972997298
0.0021659352552
0.531276196266
0.981239977586
0.456056489356
0.947368647557
0.00517141588475
0.415100394525
0.666947688471
0.596716372784
0.783896723292
0.61109926115
0.613409621348
0.0549083123536
0.86010767959
0.00722787152161
0.469201563128
0.982477351379
0.345446416832
0.0849326086011
0.0709043205563
0.0595884220028
0.419548748602
0.587347961933
0.809742872108
0.0329607454963
0.759623988696
0.909507258877
0.596721377611
0.976282394588
0.977467028959
0.910722454895
0.803845857506
0.57022531555
0.977459034802
0.100722932145
0.0191529681719
0.676715397383
0.617619777313
0.269855724407
0.990127289898
0.221028754087
0.977991513091
0.363076370635
0.608643344148
0.231841507072
0.985003434749
0.663295987971
0.238029380481
0.275593755956
0.486946915696
0.145560701603
0.476081829259
0.195095989321
0.035386851942
0.00980773181358
0.116845482969
0.547634745988
0.954745985325
0.348378891124
0.133094934085
0.556216600478
0.969712408601
0.129124702123
0.855513699487
0.816024876534
0.575516650702
0.972712392672
0.633706487663
0.305252523263
0.237528288988
0.51980280807
0.33376055079
0.198522783679
0.912647022879
0.916874025764
0.621708365514
0.581966027067
0.0872238609121
0.153531145359
0.336292589237
0.0373816239581
0.761060149806
0.708273564318
0.0959662791862
0.78167080948
0.0146269709319
0.0878375823358
0.920287747589
0.17878282649
0.0265472842606
0.569209868845
0.201883142769
0.914035755609
0.11253500914
0.224404413267
0.0834584377103
0.23743532093
0.499618609977
0.893429535828
0.502292854704
0.953956455911
0.902020017042
0.427878468101
0.0524205373866
0.962470218052
0.918811318204
0.642911716549
0.621115066639
0.951363768092
0.0416442476437
0.573929036468
0.949001430028
0.0184142264951
0.0513435279725
0.52480044643
0.509518055004
0.320381522459
0.685891584087
0.586909837101
0.9836028941
0.428139931997
0.977485051228
0.0324923465456
0.960898063081
0.107610305745
0.486193845738
0.701405012519
0.815831331905
0.119629988535
0.86630429439
0.00509902448537
0.134997348883
0.790239060775
0.853733256343
0.0615164275171
0.855454513337
0.666229456208
0.851726265488
0.678954026026
0.639329208512
0.057103531504
0.934456174546
0.548050749476
0.196785239235
0.992385974681
0.45674884566
0.0997111295354
0.7177353247
0.571997030275
0.847240872272
0.32786186079
0.0220868894381
0.36919230127
0.982148531984
0.0661727846317
0.48927822138
0.571018903459
0.78927521961
0.74361110498
0.991608159995
0.640997051861
0.789091135685
0.952964862839
0.759091163136
0.901482720578
0.591178789772
0.649569284016
0.532191667255
0.10333546392
0.682521286772
0.487757374591
0.372198437467
0.956328592054
0.0342874857531
0.65521989568
0.418759410497
0.970883845301
0.427900113871
0.2488227281
0.987826325431
0.82547636526
0.884161985743
0.0441219631948
0.426569917883
0.0379072648377
0.661329474495
0.0615704614227
0.866437181437
0.0842752495426
0.948354041293
0.00478369052551
0.0557369895783
0.0439621495422
0.940785665719
0.738781321098
0.708051839669
0.0389850768119
0.106753629651
0.354790381927
0.823631692655
0.876267337196
0.0547457183745
0.0286648411372
0.041187011266
0.384680261532
0.944411670648
0.993164320494
0.899476902933
0.76639820814
0.962912989599
0.391669650882
0.034990787224
0.780596014122
0.0539429408303
0.791658307205
0.782900598974
0.0113273959873
0.682147872919
0.0177818449657
0.0438410297441
0.920724806155
0.286248021705
0.42628468193
0.869772999653
0.929219106102
0.300996157148
0.0551758095251
0.670815939855
0.00874811949184
0.178334755297
0.0353215842934
0.853832578246
0.705278305602
0.147441620537
0.918449885882
0.0520864198291
0.643056329224
0.0259838820234
0.804617326993
0.702372052286
0.954143238445
0.60861270451
0.461840295004
0.0407813145657
0.400495097176
0.230388047389
0.953520647378
0.0241247606083
0.74066738515
0.0201987557237
0.105676348969
0.0385895122705
0.491078225365
0.669646968595
0.858585143653
0.183419866532
0.427518824953
0.965140135982
0.457406065755
0.319920676821
0.876897370529
0.0136437161348
0.00731069772217
0.766590729005
0.657693773229
0.737814414607
0.184108220177
0.0342716917401
0.524533338856
0.0798541048332
0.74969155422
0.284361516616
0.711357725108
0.0502320074585
0.0367663734207
0.256393551759
0.399816731889
0.744241523145
0.393814386787
0.576825177525
0.9695701564
0.00965857413577
0.911317066393
0.943576157856
0.793965139894
0.954421702693
0.0978650556586
0.982133919069
0.0779920638199
0.983654695361
0.0723760620347
0.136694828869
0.131989257443
0.994619030895
0.260068779592
0.334880441715
0.764311190433
0.836525713002
0.3484365526
0.00400809904222
0.70339086707
0.210146200556
0.389039689031
0.43384327841
0.814733472047
0.873663325672
0.653388674228
0.519485500521
0.45093433286
0.41170491383
0.0294484658873
0.740951551083
0.137350986417
0.0248627702595
0.330921551157
0.716898156423
0.936892117802
0.968604302766
0.00828648945068
0.916381276452
0.946336321606
0.549875911543
0.940402100848
0.199273218052
0.453890484501
0.0798075823128
0.385655967012
0.757367281719
0.450109107539
0.183661379434
0.80483908574
0.97166072016
0.966166999938
0.948044649044
0.0189677161937
0.743714411511
0.829680574267
0.0681986190103
0.756341055675
0.89911283286
0.0357494444791
0.236266359993
0.199328676723
0.644318119872
0.595819879822
0.200837181853
0.891338847688
0.0562254648823
0.129141920772
0.179535841812
0.221323867835
0.924478733617
0.13742168685
0.711532409114
0.225929662031
0.7434998101
0.311594203851
0.0149350010703
0.785470248115
0.492599541996
0.0218713694337
0.341422375422
0.841761291673
0.653388674228
0.742973886223
0.859093054483
0.813110582371
0.89807773967
0.00695364958262
0.773890227739
0.00568274217088
0.741048618139
0.980992977342
0.688987184539
0.783405536689
0.245257920478
0.00225891197888
0.917895277944
0.0426189386879
0.918739053566
0.0800131321361
0.171185639785
0.938231709898
0.897599597844
0.751973274213
0.725712602108
0.843406625319
0.108990180784
0.813796797044
0.548158627131
0.986120171185
0.272583319829
0.937006659533
0.102153494378
0.206175835489
0.420461098564
0.859279446766
0.748145743487
0.629940983779
0.107497248038
0.885747809597
0.200462865779
0.0990464970082
0.585861700934
0.496193346504
0.908418520214
0.890408704558
0.101021352745
0.869683849359
0.882351569123
0.155877072468
0.651517919474
0.896721677007
0.959697300807
0.234556254393
0.666337112868
0.041962484429
0.0286981907685
0.158440570439
0.0872178410197
0.587338292265
0.074131662413
0.0374029724991
0.780580179244
0.895757862335
0.02041120862
0.986361409914
0.0436753207645
0.943324357943
0.629096511251
0.215530880971
0.849446142885
0.461742235099
0.694577121326
0.315228146007
0.714108223881
0.860661650736
0.761668420892
0.35307258723
0.00827206004019
0.599522684049
0.719339644028
0.777977968374
0.818721424276
0.26000128789
0.0490289026228
0.493104410429
0.988733478343
0.751567532271
0.982193968795
0.375577248536
0.860606397616
0.0503340109997
0.945125187764
0.800322284256
0.292724856399
0.989123318451
0.836391227086
0.0499372287756
0.409859641565
0.720467364188
0.814061259369
0.540162403192
0.950507218531
0.774092913219
0.00389597281017
0.935182018492
0.70877359118
0.875159032057
0.377875240785
0.596508422105
0.93452356735
0.207241776577
0.0867977055029
0.0468528675954
0.0222673671838
0.0588628880354
0.974266188701
0.966853051675
0.95419358445
0.0165911136804
0.177633376525
0.839735989046
0.93338121436
0.181292516457
0.0413702916352
0.138246494854
0.770217106851
0.200735459371
0.201680888821
0.0224123304892
0.135091852104
0.852251175398
0.971293666838
0.41022157546
0.896869787522
0.0795854873813
0.821838483951
0.604840730177
0.00912094468083
0.0154494365794
0.310702638357
0.83421254296
0.0500235758084
0.0759937059144
0.0454087522276
0.975125336298
0.00142044180117
0.532519767007
0.0414705052137
0.335430581827
0.288889550045
0.960698434754
0.399366865556
0.758446775256
0.604929339977
0.84598392774
0.0351001243094
0.858096475124
0.0433370110234
0.169279252991
0.680911398892
0.0278740767795
0.692617362022
0.963514296838
0.275477264308
0.780457612559
0.267711331127
0.37679576579
0.914921360758
0.519398064355
0.542467131481
0.634109842076
0.0668427564386
0.294594766526
0.754434421157
0.828614312652
0.723484310561
0.344769443789
0.856429807522
0.509145778091
0.141999615218
0.0329025411714
0.968103278093
0.0147716472189
0.928043508743
0.424425874702
0.20053578944
0.909578643536
0.858067929859
0.0608758894293
0.0851271935719
0.583935896104
0.978802877042
0.869826791788
0.971683784131
0.124400294284
0.23224777484
0.8661329751
0.520116023193
0.467346416288
0.494757199441
0.0650009575953
0.972306490471
0.931821887883
0.971292972604
0.676441467874
0.0952215412471
0.972575924634
0.110404395943
0.18866594893
0.637908314697
0.788653907743
0.231275927957
0.928003113483
0.970023909238
0.128233683781
0.612093158736
0.13884314303
0.979488016792
0.995260392013
0.0547084998421
0.118994185908
0.643819275381
0.929285387712
0.0682928616371
0.860247567132
0.018393316077
0.124772662903
0.0198169640367
0.813933227008
0.719704736189
0.00843417432188
0.0823003945186
0.36292683151
0.737684534369
0.694204103827
0.324760826957
0.880313685295
0.410300416068
0.850034165652
0.666435149741
0.608716717689
0.871600276453
0.218906981283
0.875997677332
0.013546386787
0.79427962051
0.912498346455
0.714270330135
0.993862937628
0.466383052851
0.993280958533
0.491687906762
0.961628421432
0.518819304418
0.928169254463
0.37043801475
0.912707841853
0.11976632064
0.984864003083
0.802112472726
0.803236454883
0.810064130958
0.944338965729
0.916373154654
0.707640517115
0.00626394840108
0.370095598657
0.950382440648
0.975188803611
0.317839159279
0.817339807503
0.972466619751
0.390542560132
0.979173302496
0.913271676228
0.347824842236
0.0170627060018
0.759673214967
0.4220595181
0.861430452833
0.171569895214
0.666796067447
0.647130264868
0.92876595389
0.824091727147
0.257139886856
0.86471755294
0.930833627165
0.294688015688
0.587539509717
0.97530092294
0.3031374259
0.419918567492
0.0526077830836
0.0990829765175
0.965446651906
0.0624436794359
0.965991594217
0.0934067740364
0.380737317216
0.170444861784
0.984866216603
0.423760762896
0.963462074531
0.0980691094479
0.332892264685
0.0862873740941
0.0984997533428
0.0942893084599
0.9148950482
0.782762081466
0.335905903112
0.916874025764
0.700586306834
0.730740247122
0.0879564040976
0.0358757280481
0.0375908363224
0.022796488508
0.833958140948
0.0325914170681
0.0230224362402
0.0209453676229
0.18989655818
0.96649022688
0.270274065518
0.131714658709
0.0925961803027
0.92882726473
0.13975950737
0.485235065934
0.0485764845209
0.0606819188508
0.210390055201
0.721728501352
0.354103531903
0.967104036044
0.446749316236
0.789339359895
0.199917983838
0.579285426147
0.810267189805
0.359895580297
0.960784804111
0.0816959737829
0.00670872564326
0.777632819152
0.79182150515
0.609990990008
0.405655737176
0.911032801496
0.715180779069
0.167818189341
0.960004793354
0.125197410346
0.552973790696
0.0382411026368
0.0221885572285
0.433700472074
0.00802059849083
0.835284573491
0.942171612911
0.827857342149
0.0159862632466
0.922472422775
0.66391811251
0.696697975628
0.0114264792284
0.915332042957
0.651907828477
0.0828632060659
0.176309368022
0.430733851449
0.934973989291
0.214663865331
0.0692923618534
0.944930750683
0.028560991209
0.104253520536
0.242232631006
0.796116877638
0.890676395884
0.662947542175
0.879153876174
0.986981187727
0.0670186527149
0.0270173185602
0.0675808689595
0.173495282758
0.504456627646
0.108398873439
0.139034697678
0.544829203338
0.240242900108
0.666774364561
0.412419944577
0.952933372221
0.262363325205
0.119294627132
0.678729591045
0.648478555725
0.0422164004146
0.255110830087
0.0482179329408
0.320659812743
0.0173788768389
0.286026440563
0.812615047696
0.782277379949
0.372933992698
0.798372420669
0.277713237023
0.425527289891
0.931655056343
0.590458567103
0.521421483431
0.683715993252
0.963583656579
0.0748374532135
0.733736289921
0.013104074608
0.459555147336
0.854567329599
0.532536990241
0.971911339333
0.666414484744
0.564525670664
0.00727954774249
0.00206578820073
0.14369452312
0.435171594403
0.920796289027
0.753130274828
0.981337217293
0.0079073646508
0.748419520763
0.917653977234
0.812691017762
0.89084451528
0.281254101869
0.0957319857519
0.952179684653
0.886767625447
0.990552150484
0.445928897271
0.216740709754
0.184348370525
0.99254296808
0.249136240971
0.830080597398
0.48156982291
0.18644201769
0.138177755419
0.752042847422
0.0950115271306
0.231852770343
0.892157066724
0.0546908626195
0.921918955876
0.163030540233
0.966371856821
0.909507258877
0.624118304113
0.0488329763164
0.452845436992
0.896194500456
0.458457034297
0.175887147938
0.567523246115
0.378494233151
0.333242054416
0.0415848927839
0.81647617142
0.760959676592
0.635297117001
0.865673250504
0.991785855794
0.50132533805
0.632595845623
0.694380878425
0.626521274041
0.8109302431
0.259725164034
0.703664029311
0.527141207273
0.839522078844
0.995650383508
0.502779373899
0.396886256212
0.769224888403
0.935548547152
0.19026528565
0.910684276869
0.0650174419329
0.674172212
0.711752968542
0.811253443912
0.954048809964
0.920222704217
0.991511052966
0.856254665386
0.926690481973
0.915906735911
0.131001492426
0.738984122953
0.9526750693
0.0282285815748
0.124016165599
0.0408981836663
0.334150056574
0.968385481158
0.46052608056
0.720915342255
0.669974903957
0.938787646804
0.0602221012112
0.944673483233
0.971570410308
0.84596465603
0.877250484352
0.101722495156
0.480263904712
0.0575289476087
0.00696327220174
0.210673495577
0.0450979659604
0.880364750101
0.904908290653
0.0171094509557
0.0479675493406
0.668047886538
0.353878097884
0.762587121623
0.853710136506
0.989720569133
0.0194700645477
0.963139482659
0.534077084039
0.0117932528192
0.878413287184
0.0217357498851
0.929217833967
0.0778002500461
0.849475597106
0.934940332054
0.553442902691
0.474062073672
0.0227773146853
0.0488040122447
0.464916241552
0.103113591418
0.924953462885
0.8407577785
0.522963335149
0.0126140231103
0.0234928592813
0.499657738376
0.169213738203
0.691585419528
0.291424898247
0.135665464664
0.149437093839
0.0224103170029
0.223714391168
0.97313663714
0.462473032409
0.087512145459
0.994044636283
0.97431800031
0.486646108468
0.072573546383
0.976625382404
0.765419206129
0.549100652607
0.404760527119
0.174796511347
0.241373466787
0.113265286811
0.0131261106965
0.742710865017
0.101226172432
0.501072027607
0.95190306655
0.353543789784
0.451717157394
0.691276879088
0.379275709866
0.118149257134
0.376146208749
0.611501763219
0.304757905042
0.535740555877
0.370740411993
0.569618514066
0.738601034364
0.873245095588
0.24888651683
0.592046152435
0.421831530483
0.459543865806
0.890780277724
0.27803827198
0.190888912316
0.929251577166
0.00891782559868
0.967390987499
0.946442489212
0.149861943982
0.981328607609
0.891255991256
0.797487913195
0.155563191535
0.0309049922156
0.113011413685
0.275163336551
0.0109717593212
0.393951555625
0.27055152482
0.0957009529896
0.590306250543
0.503849876051
0.681952635959
0.889645525981
0.83767428713
0.428637347545
0.579234215028
0.0201098199279
0.0357760875381
0.0324897415253
0.966162066903
0.0359257581598
0.0468825070147
0.983326691554
0.580321017462
0.970951645285
0.616839648579
0.240390743024
0.266155806224
0.965774236706
0.893669276821
0.943470303448
0.0151211518154
0.0147306057204
0.907667187208
0.904251383747
0.772611773809
0.710258224217
0.323298907687
0.74624318856
0.430055508472
0.54106491397
0.84425017465
0.216312440471
0.97264493039
0.427900113871
0.889271993119
0.0284228002398
0.990425060729
0.831434492479
0.371723257513
0.144972445434
0.408561031043
0.149528975627
0.812140045538
0.156835677417
0.232238871057
0.710649740376
0.572632498598
0.306446764045
0.0612430802132
0.830877574263
0.987661051157
0.946907219877
0.986773070005
0.939759991175
0.402487459764
0.987602010138
0.0606569458474
0.409628004727
0.0330372911819
0.785562506876
0.659400717195
0.369199866046
0.863428185216
0.973498037879
0.953130102688
0.960381589589
0.98669101458
0.993839454897
0.983156117577
0.495000037755
0.462729532902
0.809413249117
0.923698041749
0.0290955913665
0.0261011634239
0.104796686012
0.386047780614
0.862950145324
0.0195792950163
0.0128926720819
0.597146667721
0.949558268065
0.313624258392
0.835396582485
0.296653422968
0.354406603872
0.0508096102671
0.0957832098934
0.508758579175
0.165418753024
0.698789946524
0.79643522062
0.474620852387
0.321681619257
0.155704975934
0.141317640671
0.274151414983
0.988076710261
0.978182150245
0.318594379064
0.975717423791
0.462546056916
0.302843366375
0.965450329526
0.741290806946
0.104774282287
0.976582015064
0.369070301289
0.221879525806
0.852478592481
0.310656019406
0.231979682794
0.0519005543431
0.0873764504188
0.513195574868
0.801021079155
0.960806333152
0.629298497328
0.58177456053
0.277607271152
0.756616081475
0.276815960968
0.0643680231316
0.868890425789
0.981161412245
0.0126182534191
0.475709704364
0.403066078416
0.0394573877154
0.812391640982
0.755279197411
0.922528065867
0.551498121106
0.125655797753
0.0343375332094
0.0438917471729
0.566902724055
0.25402552489
0.482535230425
0.992856390122
0.95419358445
0.317309415261
0.718373095257
0.820933396482
0.939603519226
0.0468948476594
0.905395070127
0.799274798589
0.254360912545
0.558714323502
0.534596670203
0.187538320274
0.849446142885
0.957163376583
0.969991781843
0.0688897907853
0.154758252846
0.0195699589642
0.211850710562
0.075579020944
0.936871631347
0.851576076429
0.970096150132
0.734776882689
0.891546272937
0.983838389598
0.89536674728
0.0719090476927
0.0829282669633
0.820832115656
0.928550875973
0.55558037379
0.0302713771065
0.783981936344
0.7083402696
0.765208734212
0.393511607917
0.832763905601
0.670718760093
0.9507079
0.0300978678087
0.658599467108
0.726205982656
0.973035079961
0.49122536771
0.705598220464
0.981576459491
0.308689641093
0.106669752397
0.241836065892
0.813162786468
0.489767440048
0.951938411182
0.883532789931
0.0214881432941
0.100866185714
0.899129722749
0.267783664873
0.382746654468
0.977409464492
0.613761185292
0.0327692602023
0.895343885475
0.706534447713
0.437836647315
0.993583631284
0.972513077451
0.316109050312
0.519247332978
0.0825410450394
0.993721676836
0.587539509717
0.804255821692
0.451746218655
0.0155015889653
0.74720756576
0.0517913326371
0.833512849661
0.296032794116
0.946406107074
0.78009721148
0.165861965918
0.880989924873
0.773052937144
0.0387515760846
0.524746901038
0.927838114057
0.772702744201
0.00590294886391
0.683569896647
0.985065388156
0.0188282190032
0.564493502735
0.171410042729
0.540884973906
0.929499945134
0.235809479315
0.366857052365
0.598400452288
0.0776992977358
0.699482270184
0.780958929601
0.275724704427
0.383340356325
0.898682946348
0.0585305881387
0.89683362
0.211716630529
0.845484094954
0.285712806461
0.911563701477
0.279204873354
0.879338999403
0.313400590212
0.0165975153031
0.157699049309
0.976864933863
0.765393770535
0.679924800016
0.513462282759
0.760628339637
0.696873615314
0.0487706073745
0.0177189863652
0.334314448494
0.865007556071
0.949523784294
0.886240416902
0.268110826067
0.102268292148
0.172976735507
0.983475203462
0.374868113518
0.278169835208
0.826845095259
0.709604277524
0.955986836929
0.0507099351485
0.283923145976
0.690232318812
0.0389729762712
0.412673932193
0.124042260347
0.657168090836
0.183149594148
0.336989163928
0.732760466284
0.990457203168
0.430308077004
0.891988605368
0.557244889843
0.0695539048372
0.396111695461
0.524122369298
0.682756796615
0.747351002221
0.815123354102
0.134094704982
0.866645579193
0.399537600403
0.0264226946203
0.612184421732
0.49856034769
0.762427552883
0.990835827755
0.015334304835
0.695825664775
0.827632550726
0.158745394897
0.717838055953
0.822911211878
0.0482027406893
0.00587058545244
0.153384688698
0.164383067049
0.102215178811
0.875127965425
0.359175606388
0.041183919127
0.126431826521
0.313398793673
0.979612907022
0.0868813039526
0.898799657562
0.43897426725
0.037973585441
0.947280634372
0.594707213246
0.087512145459
0.0492453354936
0.23928318759
0.982765894088
0.690327192867
0.713297465669
0.316869460548
0.439979276364
0.266245382954
0.497133126949
0.065001532199
0.917906086683
0.0147399977193
0.931567382834
0.734206517214
0.598244111231
0.118753992363
0.0193805646269
0.0191529681719
0.30473199738
0.18297513842
0.343166629794
0.883280967052
0.819921220864
0.815828253756
0.560192518842
0.622994491507
0.417634512748
0.173281208577
0.971255409846
0.251551011054
0.985339961358
0.970483051306
0.327814713147
0.960687406783
0.472535664909
0.555827794318
0.0276314259415
0.0398569513051
0.883358528288
0.0338493125011
0.0179393411168
0.526513902477
0.660372841854
0.129437331029
0.289413564958
0.27499442946
0.468535270009
0.0934271325189
0.0837159848204
0.713144575247
0.467143310298
0.542811907585
0.125135352085
0.457203949206
0.382746654468
0.864729159006
0.807799686141
0.143015168911
0.131570525942
0.890550179603
0.0309585788714
0.413405220491
0.299841099695
0.980855817115
0.939144819774
0.875279820616
0.308689641093
0.57615229557
0.955250866226
0.0976849324117
0.494065467414
0.200206446916
0.98385747964
0.211186854454
0.0996924509001
0.613206138067
0.0290351793466
0.930016788079
0.824496719987
0.0194943025396
0.0388105205243
0.241121897334
0.459347086494
0.995700017512
0.0729605213402
0.433087867211
0.982083950189
0.987107979292
0.966716222286
0.213676734631
0.0130152575271
0.963955297274
0.329560057196
0.121955402531
0.961258969139
0.0396802175677
0.961668996913
0.0661188756347
0.607899238211
0.238044856101
0.496905060162
0.0778675854327
0.967917262113
0.96760040875
0.899975927905
0.0793807136353
0.0455734189372
0.247943171179
0.0982845253291
0.976368422343
0.184943787444
0.172699265367
0.0265284765109
0.825866846063
0.838380713867
0.279363487689
0.904708661143
0.858551568279
0.481477134678
0.110029506791
0.318029596252
0.876052345606
0.304323731852
0.927838114057
0.992775377235
0.95496128635
0.804887753374
0.103074318145
0.932599872557
0.232340283383
0.238002101538
0.0685599601156
0.606211127283
0.342640037331
0.236079367034
0.591383238975
0.0264837877655
0.0563024848431
0.93172411562
0.839160155155
0.651608600188
0.743029882846
0.333292321332
0.778316017985
0.124591215122
0.840701761314
0.676907026018
0.9686145702
0.531078077385
0.532536990241
0.909303972875
0.0151226081768
0.308313425121
0.0402513233286
0.623964332063
0.316220183434
0.958868213232
0.018939003205
0.774566509122
0.0422795083967
0.0300620862112
0.954700368334
0.553248672028
0.156366330357
0.763092766091
0.241418156164
0.885033966242
0.422864261433
0.860722236621
0.935633919139
0.889223565444
0.854066101868
0.353585400328
0.0987917172746
0.0498829750734
0.418378702501
0.101165836484
0.0407985468534
0.598852630933
0.0317262134546
0.930622972699
0.0117128432772
0.375605542561
0.960156641227
0.658048864095
0.814937747407
0.0522124812377
0.700179801916
0.836370159238
0.674747910438
0.0112004008922
0.932455755837
0.987626689467
0.950316482937
0.854758948659
0.570841559477
0.393527300337
0.378912040077
0.118551093012
0.335806895941
0.355384790111
0.797357978924
0.146133246453
0.96988869825
0.359674872135
0.938589241716
0.963749685473
0.0641093614487
0.992893867058
0.0383685031903
0.0684292128324
0.736022008222
0.935604524469
0.407741382816
0.805251604645
0.119598492001
0.37254149502
0.0518328049392
0.108268668912
0.186372284278
0.670294383903
0.304862033461
0.888319452481
0.776624341092
0.0128165655088
0.0559241238629
0.925302881658
0.0273270674097
0.987455609263
0.391261995266
0.68432192113
0.0300432132713
0.646802259521
0.72898942321
0.577286473162
0.0914649594606
0.958424925811
0.900011358513
0.159782008269
0.590776588793
0.349610524891
0.916878841058
0.0784742093965
0.596603114257
0.681156678541
0.109394327927
0.797687319461
0.477733644282
0.466657275381
0.0827561366546
0.593789299992
0.116926905432
0.0289081702238
0.433968567549
0.0269954829532
0.0532012684624
0.34978914287
0.190371336206
0.970157123249
0.115164148629
0.825190800123
0.0224123304892
0.606999110257
0.641832376255
0.130864202908
0.916995735963
0.0137619979778
0.750076365964
0.357026863723
0.527141207273
0.340732901693
0.117784075913
0.778526611766
0.943910191897
0.285679361031
0.920736894428
0.0319380943173
0.366438925375
0.757927173885
0.499039861436
0.226834528175
0.906611782156
0.0360138707297
0.721527133446
0.539727675168
0.374000204445
0.20727495379
0.206542644981
0.949590058426
0.731274850268
0.133587964587
0.560225494627
0.0621431366894
0.918434810577
0.995700017512
0.449048736179
0.487820250266
0.170440997874
0.917821931578
0.564707288667
0.864724335501
0.558538542375
0.458019207026
0.183149594148
0.715894091605
0.955850790141
0.633533615698
0.904698784986
0.235571987202
0.440882959045
0.0928487635157
0.0665542604124
0.449697772822
0.205986998957
0.308567448808
0.926148117995
0.930321674675
0.918840170522
0.382473705143
0.609808707054
0.495727692484
0.128032028564
0.015687881135
0.294594766526
0.16065869588
0.0316942071499
0.169671324413
0.582841775692
0.644243641555
0.122027282132
0.320806488868
0.014882534009
0.553540954081
0.389961000598
0.971331503476
0.199193548612
0.965438764582
0.0583276618807
0.971449799472
0.949866689323
0.487297994492
0.113945923308
0.613482793896
0.268997906697
0.835409913062
0.713297465669
0.890405348724
0.383566635631
0.903958000158
0.930001486314
0.162436619798
0.755722176742
0.914966798113
0.905601768082
0.180889724634
0.897314966185
0.429656982104
0.948959772671
0.339958665553
0.976442614399
0.339152723702
0.143293278919
0.52644638447
0.089482626451
0.964979554274
0.355528257991
0.371312313099
0.393703151901
0.842370572691
0.966736117744
0.455849709423
0.920782601221
0.554170530853
0.0775934322706
0.533301236065
0.0881317648285
0.0250041606049
0.926790006369
0.946844938161
0.945465963117
0.152680133275
0.510254912753
0.148979701792
0.439443887122
0.483679588993
0.897678573478
0.195976377493
0.208128412171
0.102866652124
0.0167757676963
0.861952857959
0.982817945989
0.0917794299573
0.0472880641411
0.155552911717
0.964219414635
0.33406033236
0.976382236998
0.00627971422044
0.904425104546
0.922683976494
0.14695852409
0.023146035486
0.917532413907
0.055502358803
0.72505243544
0.972553434169
0.68518916041
0.81765260681
0.982558014182
0.910042501469
0.916663492819
0.177369335697
0.15965525541
0.892373632877
0.648599359322
0.898734532297
0.274317342308
0.505064782307
0.549957835759
0.00253206395299
0.0905194320422
0.0223453303292
0.900690450107
0.950566223445
0.732812352709
0.0944193232549
0.249448119332
0.812276166644
0.119162318312
0.575958642644
0.0230224362402
0.812665452806
0.579456979871
0.0916589536246
0.676149121762
0.434598171348
0.974221827972
0.288746702639
0.793408712897
0.739554853589
0.785470248115
0.213741773681
0.921816063237
0.878950369872
0.614844628593
0.0317674382543
0.987185114871
0.856973561653
0.0633946454636
0.201116714423
0.1415804554
0.0819828019093
0.518630615824
0.888895196447
0.430073866352
0.683009927488
0.971843456759
0.299075737912
0.598196487059
0.232346986733
0.79522062568
0.654300431058
0.0499456036761
0.177773454163
0.739239034201
0.0676416657334
0.620958300726
0.717173454693
0.717235722196
0.694905909785
0.364774337587
0.332501030212
0.567873470948
0.128651626549
0.352795320403
0.702805630049
0.0643786917812
0.548291675964
0.37763039658
0.920999175548
0.078897636423
0.365792149296
0.930542952116
0.352555480262
0.826016771892
0.25610796583
0.802180603448
0.834135205468
0.775352709812
0.98733688257
0.0750311655477
0.746268226932
0.979242676539
0.850413028552
0.977057172212
0.596687131273
0.880779864723
0.420727433885
0.155973280721
0.444049009486
0.895115091844
0.187341609438
0.060789876152
0.392854447208
0.41258819482
0.966338778953
0.0112495535399
0.981430592784
0.940636004513
0.118893148085
0.0500706711462
0.274317342308
0.666909491483
0.176961565331
0.0124913370764
0.588821838867
0.360508203605
0.954227589751
0.0215988661927
0.884855392255
0.371065301162
0.87383751157
0.0973852972811
0.960459245828
0.124165027945
0.960008765208
0.668093517812
0.584036632585
0.242318998279
0.597197076605
0.980460637772
0.977207698292
0.192797572149
0.0867527215006
0.166714309271
0.945655220238
0.604060076559
0.94255010892
0.985140146735
0.288426012591
0.754892756602
0.952203619805
0.342223323364
0.231482835035
0.0236455831352
0.0724139888092
0.598917661504
0.539488148595
0.741585400688
0.97580078994
0.750758400996
0.994655693258
0.531728674234
0.678404546754
0.97813083063
0.967728808794
0.410048260277
0.970223342537
0.374697685662
0.279892684974
0.27379246827
0.985954911721
0.305420649801
0.27379246827
0.0745101837195
0.43217083592
0.270042691361
0.197708676042
0.691363826009
0.327632802595
0.111250919758
0.778805449056
0.827811304156
0.771474588851
0.957408068561
0.969273818441
0.0946908803755
0.0314274250095
0.077059893878
0.812811414418
0.131681472463
0.0198058779864
0.487060733652
0.747764634893
0.0193632860667
0.0109965747464
0.0722219393382
0.776233376106
0.972580854637
0.972392625171
0.347859732098
0.964197294208
0.226869241062
0.97764131133
0.432146179609
0.884175432906
0.426198455859
0.257215624954
0.198136210291
0.919032524702
0.705429069258
0.38278214705
0.326174128633
0.904291435706
0.824533377318
0.705598220464
0.132436427742
0.919282253362
0.958139320649
0.0809105162136
0.119610516708
0.966050270992
0.524296049438
0.368369730666
0.731899139648
0.0157801702678
0.718242395701
0.492328995072
0.247013188428
0.749061111387
0.660915432013
0.960802611623
0.66806837831
0.7933991862
0.941467623232
0.51616875447
0.739406806299
0.942827067915
0.121429839312
0.915476355812
0.338148995779
0.864696016037
0.193781362028
0.771791985517
0.62387040217
0.0907367987864
0.533649968906
0.134494951644
0.535169901371
0.473851705104
0.155985178484
0.555137434019
0.435213411105
0.00998381549816
0.978182445941
0.195942159602
0.0789458349321
0.520805417006
0.155069427378
0.872266923945
0.879490349544
0.630667564763
0.918337359822
0.26585156298
0.0146358017073
0.0624465640282
0.0243140849792
0.870005270102
0.6359120966
0.752863353952
0.68792712911
0.0530424127775
0.960406958615
0.926168097844
0.483796714397
0.917897832223
0.0198130229794
0.901092287082
0.337606792328
0.889223565444
0.464430369396
0.600394089151
0.987444038872
0.221083409605
0.095758011844
0.457830907974
0.896765713866
0.415673135949
0.262846409015
0.325149537995
0.971842946992
0.753055269607
0.946494371834
0.0358265002176
0.89960336274
0.0144781450179
0.175400160307
0.184258921651
0.638791276237
0.529769817781
0.0821550915757
0.353083633812
0.573004591589
0.133959751217
0.00924783538419
0.971499951568
0.487005752108
0.801207438085
0.00634077648604
0.861682469489
0.690238308387
0.975329570666
0.919208426083
0.816087535397
0.423670983865
0.954315632575
0.130762219831
0.611016650874
0.0787133156202
0.806564916313
0.0316955513079
0.968604302766
0.139351904097
0.291000182099
0.959525075209
0.0548947269375
0.03419603906
0.883243836888
0.949773284821
0.456603915282
0.892779310724
0.887638907878
0.757071556078
0.0823560310147
0.571120797315
0.357711931377
0.84560128642
0.35211427118
0.748411019463
0.562602404044
0.395615565374
0.763143579232
0.579673717441
0.85661156064
0.315944941446
0.049446754456
0.84151423213
0.57975636866
0.853685617424
0.908052620091
0.345285227047
0.646132845463
0.803098679155
0.870579560346
0.0502353646089
0.966302180072
0.966814457742
0.950316482937
0.932490567052
0.993927859066
0.599522684049
0.175759447621
0.0787898729051
0.0753719781009
0.989518466779
0.442439814699
0.48568507665
0.489431705326
0.0623794015827
0.0642994662182
0.0695933124169
0.0389177415038
0.117666948855
0.926210092734
0.00969874845491
0.329098342501
0.318616854472
0.539794283537
0.0924001933942
0.553654061325
0.132799297725
0.253268031045
0.115545331976
0.971342701677
0.00953056529449
0.0234801166476
0.449807477085
0.394697014169
0.129091264115
0.0106067650245
0.733255941599
0.250733721312
0.644670647267
0.708230393236
0.893317415839
0.00422562871858
0.714351359204
0.494078735099
0.860973703912
0.0392995673722
0.799274246845
0.202073149007
0.618219912764
0.994338453949
0.0576825056535
0.36349871106
0.687534436828
0.107346202416
0.202445585681
0.0672516062945
0.831105033749
0.557953208635
0.343923684679
0.471996402472
0.18382719049
0.940969221209
0.82680141126
0.0265563597457
0.584652164782
0.853664799632
0.872385490089
0.195523084147
0.0786298958322
0.721758988504
0.909829473105
0.00982532168729
0.373069129301
0.956282152879
0.61268993348
0.325526458546
0.088953321751
0.848850225084
0.948146985167
0.823558005668
0.865489739529
0.228602219486
0.310842822604
0.145517717035
0.516748982671
0.222792037854
0.41358384866
0.978507955014
0.443313475487
0.47343554465
0.496045142831
0.584864449758
0.794948197025
0.679038147953
0.0314422228387
0.414034303919
0.975111298117
0.280419749892
0.437978644278
0.210771071899
0.685113377135
0.79648474867
0.151576325206
0.675528013491
0.920854391122
0.276588347221
0.0159193772867
0.238796105216
0.681185710761
0.960238124993
0.9295886553
0.014167021951
0.926851378585
0.168573498214
0.772731225983
0.533338127083
0.783512527519
0.68045775452
0.963489110359
0.796088130866
0.838187681774
0.996933266698
0.78472699273
0.304804918688
0.557008191133
0.189233619429
0.922851024513
0.186024838653
0.0144562935927
0.0744127998106
0.846489881341
0.092913950643
0.886942734581
0.657342159676
0.98385747964
0.477739305565
0.945357391257
0.00943025402184
0.230083575688
0.858096475124
0.552755199249
0.28480511012
0.249725215635
0.660719559605
0.47854460861
0.880547903161
0.805724190076
0.148969383984
0.036005928423
0.110654244534
0.655706897151
0.0805746411371
0.0613835159122
0.206349932686
0.0895331067636
0.099595356909
0.512884172444
0.020809958923
0.0170839790785
0.987243216056
0.858838154871
0.313491383948
0.40535878012
0.960970278388
0.124076039978
0.023119735188
0.00972772420595
0.258617221798
0.0121098911263
0.682128165438
0.769740111704
0.960919866863
0.376323336791
0.668792497604
0.605410686506
0.784284039551
0.12434747753
0.829562879916
0.943474083243
0.76128250307
0.785886998716
0.453209624477
0.133327560861
0.0700760006958
0.343112128437
0.0555351972927
0.936231101442
0.941467168765
0.81262481651
0.0848572343382
0.65942870812
0.362689903449
0.212742933583
0.414845307188
0.687534436828
0.644160712587
0.247956223055
0.981686833073
0.611467224099
0.171148280353
0.0268940322841
0.183715738045
0.34366853587
0.805645484143
0.960698434754
0.76493733262
0.67390311593
0.00967597643779
0.918562429632
0.279798756048
0.163749807454
0.0211738380122
0.259039358426
0.597298054014
0.502403821718
0.233756272314
0.0650174419329
0.0559074643949
0.0552128427218
0.973150011572
0.23311420734
0.045181303554
0.461008493739
0.00887593435454
0.966437835363
0.0349844212256
0.604758453745
0.699038823547
0.169933227676
0.738955080266
0.932327473258
0.962077593926
0.537914866326
0.87402698125
0.71374046852
0.762854543273
0.28963813955
0.358676392268
0.115755358462
0.0523298213301
0.500480420553
0.28598081826
0.440786523309
0.960575797124
0.328485916125
0.84505054849
0.951654299504
0.175110162941
0.094007277229
0.930407273801
0.00695143931175
0.737226756121
0.352204061981
0.525302639825
0.987626689467
0.914834530684
0.973125654112
0.699047361229
0.431951294277
0.944795160138
0.824510517548
0.448582074477
0.433864840141
0.646292492694
0.870958731665
0.718034823944
0.427900113871
0.14393236514
0.943778055326
0.0141357963034
0.759091163136
0.664892923472
0.954470983502
0.56929990715
0.438324405232
0.0156887167553
0.981968112206
0.873481731006
0.774711160049
0.18106444981
0.018666068092
0.626655863919
0.0185148971481
0.75090474481
0.028560991209
0.843758661307
0.0631942716871
0.346523677167
0.214106724886
0.244344830503
0.761906875617
0.0101731540635
0.213741773681
0.0825410450394
0.699058568783
0.4705998888
0.990058334145
0.674507115841
0.979994095716
0.808895600989
0.328911578136
0.0542974745493
0.0367705485577
0.577468929633
0.526347770133
0.0379653094436
0.770296073792
0.183764825935
0.850639110108
0.812454556219
0.360613061091
0.524459813041
0.629290229938
0.967756467174
0.981709520116
0.116845482969
0.447750664241
0.726585093576
0.555606871226
0.831059058662
0.317394799465
0.790760861965
0.815795272197
0.351898802275
0.483998560011
0.82108859162
0.61201698836
0.462303883594
0.101196668006
0.927794196385
0.370108453101
0.367805025687
0.783037384341
0.886143288549
0.475622428077
0.2006710155
0.48133705374
0.157148482405
0.976375512924
0.298033965947
0.77249933756
0.412587688977
0.752588429988
0.851794305146
0.0625353730267
0.249421842952
0.00377887200199
0.956056164577
0.741585400688
0.864100316824
0.795915256035
0.842381544765
0.118641489452
0.745703606299
0.255508332187
0.274503960145
0.97131767584
0.959986255648
0.842967555909
0.696382802434
0.965446651906
0.711203825802
0.740743582337
0.820802426586
0.0984371510185
0.849958622383
0.854730053819
0.130901136859
0.328573046292
0.821226289922
0.932530326896
0.610474958525
0.87916263405
0.223330079879
0.386867214662
0.691017000102
0.955707317903
0.489865690419
0.259570195573
0.542915868975
0.0235835027306
0.202619028488
0.546478406824
0.0830525378382
0.30837551198
0.736022008222
0.480709936658
0.932547123792
0.699305637546
0.150832008653
0.600456042788
0.141638389597
0.38373833755
0.902411291153
0.584036632585
0.612164235882
0.771288161524
0.435213411105
0.0487877563407
0.205776413141
0.903504691566
0.765536210417
0.0169398733815
0.285510006439
0.985988826569
0.860930716028
0.409815372387
0.954904446176
0.891965471172
0.980219182103
0.493700766128
0.874252387766
0.924911867493
0.485014085805
0.0397042728928
0.960562732214
0.637129538162
0.26190648947
0.913119045311
0.674518709029
0.893429535828
0.992682241175
0.375577248536
0.871691598175
0.364901479953
0.877875589273
0.934944555068
0.0474898045485
0.990853003021
0.152557081177
0.337178128037
0.769894759699
0.96207425202
0.965476122703
0.744058941476
0.876809701309
0.0200153883494
0.982636131744
0.369409225769
0.0900330351658
0.671485077695
0.92775847778
0.0576294435062
0.162332562622
0.608543567782
0.94229905545
0.0360160456033
0.975410508747
0.0492042084158
0.710919161144
0.923219187664
0.962093680543
0.637014681479
0.964076354254
0.0123013303042
0.433952587442
0.290279867267
0.0375559528403
0.0338394895467
0.497542999553
0.100824602655
0.143830358934
0.904687784597
0.750325256446
0.432661933576
0.333918722054
0.624673211564
0.950216503097
0.675242899345
0.970191367022
0.370651371145
0.804449621943
0.934865445167
0.50679466236
0.628441637405
0.323417015467
0.552603919101
0.667237856253
0.474179003214
0.967669982066
0.768721952321
0.280759312369
0.922396974128
0.418335080806
0.791883767791
0.800885406755
0.00776065492371
0.922981377984
0.668524236554
0.0349844212256
0.652427251158
0.0103822598521
0.0543346490749
0.936892117802
0.971086237769
0.312682906955
0.0116026255947
0.0261029347849
0.13505400741
0.752461548887
0.534596670203
0.43030514008
0.759046399162
0.388670529781
0.808708811229
0.994447971149
0.524581522159
0.454595162361
0.0103098057157
0.895873087856
0.584167890832
0.0133888922307
0.147355196561
0.829439308583
0.996135620652
0.162019499346
0.0184191697392
0.112197852225
0.558657148533
0.0111295612184
0.16139092173
0.978449247528
0.870570683744
0.0157555620391
0.814782305202
0.273019729041
0.146111365394
0.482547408829
0.0772145406076
0.442748474703
0.0659679827705
0.088370594001
0.922396974128
0.059533230986
0.0943464741623
0.120023859376
0.869890527166
0.407536377136
0.696911157806
0.149572287752
0.0127791317059
0.996734076852
0.00867197084785
0.836320030063
0.50741406683
0.65895998986
0.840701761314
0.328979191618
0.659052376959
0.672711393969
0.892130338017
0.954470983502
0.976864933863
0.361153730014
0.915192189297
0.980498264661
0.941344954017
0.251010289268
0.646202194217
0.985703687254
0.807628929398
0.939603534237
0.213277024593
0.842030141529
0.141223705525
0.863200131211
0.00918453091759
0.968793338226
0.223874891708
0.0620589746869
0.739255193581
0.386047780614
0.91855078309
0.0365403845995
0.0196672190529
0.987918611045
0.199922286956
0.448479083693
0.433674946867
0.739534836498
0.22332557021
0.547145842271
0.0764058938771
0.0768954611257
0.885897904132
0.65686572303
0.08344002637
0.0070556857578
0.975781944919
0.988733478343
0.652427251158
0.424528684463
0.208243726903
0.349486357119
0.0188133252205
0.565414337204
0.806935983532
0.25019607447
0.658018070169
0.646343019011
0.323339305734
0.675683949329
0.731973695516
0.978994459548
0.296032794116
0.467137431375
0.918784899723
0.686902670241
0.0251566720465
0.917457975058
0.0490301677413
0.472535664909
0.855405545515
0.0993399805386
0.859125305231
0.0199155799155
0.92428635292
0.0250419296403
0.702411431967
0.951626318771
0.0192631086038
0.840150470091
0.103211767569
0.959332312046
0.652699623869
0.460776373927
0.667359147699
0.0565963670946
0.0148084742415
0.0125108862552
0.58806927746
0.0134180807994
0.904253682931
0.289293568108
0.00679947870768
0.063032863264
0.935182018492
0.284366192083
0.459033786906
0.24680559779
0.550261093158
0.524616422072
0.369635371665
0.271424049589