0.173163729745
0.769057232309
0.0574624464748
0.133505544283
0.525140810322
0.201201105026
0.684582730662
0.978073598457
0.0181638124602
0.930456826648
0.197924045614
0.939051717549
0.708061339765
0.399404600541
0.94190996277
0.881878711185
0.985933683579
0.451714445191
0.915627459761
0.493907629734
0.834348212216
0.0474973156527
0.850610338527
0.800657474785
0.0767373578644
0.0223999622882
0.0918208094617
0.423437772472
0.039264656701
0.652846802197
0.0467218053574
0.957607248256
0.781810318653
0.839010582768
0.784841403549
0.575750035821
0.588732447001
0.563035443893
0.748568875509
0.752870001234
0.653842992921
0.0775176446282
0.123797592472
0.991344392972
0.0764574806129
0.528281184405
0.691129470982
0.0349366342026
0.0904272808481
0.504947882744
0.0686080145193
0.114470355232
0.0559304449474
0.449881845518
0.963557088731
0.115284405962
0.132453941301
0.565049864725
0.0332420684058
0.989003227569
0.190181590935
0.55662362971
0.0842177427584
0.533248973739
0.747123902767
0.0402484987182
0.457354454956
0.320043007724
0.380510747935
0.34150308882
0.896816163843
0.274454112449
0.29127970138
0.882329156037
0.796228793852
0.888559319848
0.282472624671
0.536595946377
0.294035452803
0.00431218504138
0.285715889354
0.0269910666137
0.150380389044
0.671380685197
0.472506412449
0.339150704835
0.5730013137
0.287413135919
0.854675803639
0.684359920351
0.185033865273
0.0189619458722
0.954235647332
0.932813586637
0.186640167302
0.151488283004
0.945803532525
0.637229042057
0.736537482485
0.67019189801
0.391021474384
0.964346704107
0.956214291959
0.559902133692
0.48316464165
0.412331369089
0.198797425206
0.765446485811
0.261194045218
0.844979401096
0.343034102166
0.168196512797
0.909527558335
0.300496892685
0.980120712948
0.862530726666
0.750793830294
0.981472584467
0.827055133163
0.902779542657
0.910440414351
0.945817383011
0.017581617787
0.858860778812
0.822528561789
0.956081382025
0.785394040717
0.0204613379427
0.658771259387
0.902667442609
0.633313932028
0.12997692881
0.0399112479203
0.932739807612
0.0814796026711
0.70410527351
0.972387736911
0.244841157422
0.810935263395
0.112416160009
0.978460495984
0.945106816083
0.677965058894
0.943977586525
0.291552762854
0.00701446180634
0.0742549957358
0.0133862301227
0.310452044872
0.917308519555
0.185316210184
0.091564841085
0.987369750149
0.95068525307
0.370988430068
0.0506214957295
0.776786012424
0.995174800619
0.643164486555
0.444585604883
0.872375923028
0.377634410036
0.719017508225
0.518161580235
0.680846026543
0.48111610178
0.969055570691
0.959175579225
0.204523175917
0.0743628745593
0.663946560895
0.383945950236
0.0942799397984
0.811451034029
0.295270984048
0.0638372862818
0.442062002322
0.988189270114
0.497326399461
0.965933086881
0.715390099852
0.22350365657
0.844950630308
0.39593983947
0.333564289919
0.829352455925
0.328006395969
0.0569843395791
0.387305086365
0.960164017655
0.851271914406
0.779443067247
0.0091748542772
0.770251181541
0.912961105802
0.965605771724
0.388263927701
0.983503696666
0.936929602079
0.71183693959
0.567546293564
0.947387739793
0.306050498298
0.162956789574
0.980747452944
0.0587656555256
0.0497543749363
0.943326584939
0.00307720178321
0.0286111638694
0.98702203109
0.72150799378
0.682778183105
0.838505508265
0.970575829506
0.294035452803
0.768646509742
0.958709790534
0.955207578338
0.0234749398611
0.715918255647
0.93796790699
0.612154904074
0.0634819822919
0.38606798472
0.37185884526
0.980064256115
0.00400170061107
0.897223654166
0.539261234601
0.00774086590974
0.0809902657587
0.112848888627
0.898198225346
0.706035256662
0.589724466846
0.0282772280936
0.483338593933
0.337142415727
0.798126513711
0.982511609512
0.327547384536
0.431861225415
0.93391770369
0.0100217196861
0.617890098898
0.00889139409112
0.961297284555
0.973221862062
0.379552526487
0.989194391104
0.982297497245
0.464834213442
0.548793240484
0.0210964131529
0.0291851177602
0.287846296845
0.161861756642
0.629471738738
0.873598254212
0.0502250739421
0.990546534188
0.748772072397
0.942273831965
0.897343680729
0.0862095166815
0.81350140094
0.315107616152
0.701108499505
0.838360934961
0.790211743994
0.975249134398
0.590997425304
0.0816866257381
0.929250568579
0.250814893756
0.964613836895
0.850806023259
0.721558370458
0.34684414468
0.094223330017
0.799277271672
0.914488570179
0.903951634047
0.570967991189
0.693553101632
0.704319747616
0.957036680893
0.829414829389
0.0921642775474
0.92681361579
0.868164803318
0.818195921496
0.0470605049103
0.97787885522
0.38102696171
0.920030325534
0.969319256122
0.948517296752
0.857587180226
0.0076472706408
0.472506412449
0.600461561075
0.176476518709
0.939008397549
0.0924691538036
0.00624692178561
0.529938951936
0.832333884745
0.0453644262335
0.28531937919
0.105450414755
0.27460169509
0.68813184718
0.794512852605
0.805300932494
0.975957259149
0.0719279765973
0.545115418192
0.67360353601
0.395512807162
0.723008472473
0.0165270189809
0.941321830764
0.976954387466
0.0181024389633
0.201858354214
0.567430597873
0.962967343395
0.457354454956
0.185580972581
0.0764574806129
0.926519424933
0.0200290604512
0.71571762358
0.910796241374
0.620385460645
0.574237155951
0.77074423659
0.842978443864
0.983645619832
0.909756450768
0.941512481145
0.0246975260483
0.367495006957
0.0924291305255
0.932304465261
0.408684808598
0.360654788179
0.0254270467108
0.822513785805
0.394296916632
0.744129094344
0.0101303749384
0.534339517231
0.890915709651
0.845578990932
0.732293914425
0.0963295764886
0.990104453583
0.358403280526
0.866856341845
0.854449343576
0.0445250604445
0.907821739268
0.0197873633708
0.0244801446145
0.448075138402
0.883250353336
0.967377352221
0.157191506851
0.095146144884
0.629801718618
0.399127526868
0.610640750252
0.949860913182
0.826098905961
0.577835860965
0.0889101578792
0.559170718622
0.0407116393897
0.637539153297
0.947591127876
0.318175727854
0.0316342338346
0.460600165193
0.191613378649
0.403049245656
0.724734351951
0.951516502482
0.851634874568
0.122672337684
0.0683751793046
0.0314937733947
0.273894121099
0.406392065252
0.256075430232
0.352579201367
0.697126638479
0.0096250918465
0.749894921448
0.498306398553
0.0750928265901
0.0774224446193
0.776669887797
0.986505381934
0.514907425691
0.966444238744
0.494638650078
0.0132199835186
0.0206942014656
0.594506245992
0.782106013585
0.808340102848
0.592502074133
0.0204995883329
0.471966223473
0.0168090595907
0.955649854421
0.937987454136
0.0922349211713
0.235283876677
0.932962954267
0.0782678927404
0.00372680198473
0.0553970020163
0.149341040656
0.560059222302
0.840529498046
0.786360337415
0.0279656072864
0.16660411975
0.822315552041
0.0698918344137
0.501169741834
0.965215461445
0.681653285797
0.549380676022
0.185097559624
0.865662252964
0.488713018758
0.624949089844
0.0876529116673
0.389347473585
0.733630515642
0.937526542658
0.0781446250587
0.431923995061
0.261717946784
0.352574529619
0.329774564379
0.732730713962
0.921252134205
0.714193342914
0.882836793055
0.0762423927456
0.0773587009567
0.254293501067
0.0284445803744
0.319906578028
0.643365207941
0.890090702126
0.0797026647543
0.221984937671
0.00628616773131
0.0441935916294
0.135876963645
0.630512074243
0.916204045043
0.935001285027
0.768979437311
0.929370132933
0.888916108464
0.0643556591643
0.330825141488
0.0158321003588
0.747307411359
0.894992093653
0.793118952118
0.920030325534
0.861610704262
0.987775555646
0.0737861656449
0.961831914666
0.624621045749
0.0376431575268
0.0234733058337
0.248323409582
0.938257768313
0.631587482675
0.0761611815217
0.0149799657534
0.979863912763
0.415511124333
0.905017685351
0.893023600955
0.640175253786
0.681567429921
0.732972820121
0.736164635425
0.567196298543
0.218010114875
0.500056146443
0.906788935944
0.978060159203
0.604285587886
0.103754800096
0.963269707725
0.0262199431775
0.0160211963695
0.302190304366
0.200034999972
0.0816358805582
0.254631853756
0.0245036018634
0.0116623527436
0.00586397434156
0.919777461854
0.984522596839
0.535957216168
0.688845507596
0.360183538249
0.826365120019
0.927140657418
0.441004432091
0.634723374137
0.691610882186
0.834775277229
0.811935072669
0.0763101142657
0.977678768151
0.803399164316
0.713677823194
0.692213545262
0.0235868055395
0.978391282137
0.864546555149
0.26392841764
0.1237738049
0.0373108802674
0.121075751995
0.897881160362
0.2671294858
0.919095312969
0.7828745523
0.14020783319
0.505675410813
0.0722134598744
0.891965942464
0.00415933066194
0.260233056007
0.0355838898848
0.456654280705
0.751624409954
0.95722446396
0.0100217196861
0.810293260626
0.929466472374
0.95193227196
0.273389889331
0.933964087383
0.321887113179
0.795828525573
0.50203278243
0.818195921496
0.0849979297036
0.872454294171
0.364096592912
0.00709673480492
0.495544565987
0.961828569996
0.283679108122
0.94563626537
0.045690602255
0.985770135856
0.0234901967088
0.00528982221703
0.642968579633
0.00366316980169
0.925460201339
0.970248811997
0.939441552493
0.104687113309
0.30358443862
0.220380939922
0.881094142751
0.595908952101
0.0217626544625
0.032269777061
0.354353305965
0.644164825951
0.567509821612
0.189936383216
0.675003797817
0.879709496825
0.212959332514
0.561164878209
0.943840462786
0.0560339360914
0.580154557596
0.702285770806
0.870899178972
0.262724042534
0.947749695164
0.0202220404055
0.330771580711
0.431701740554
0.0962856202971
0.0459691501265
0.745846409255
0.859748507591
0.0178399922737
0.399979896553
0.157977610577
0.444290346624
0.733350187241
0.0477056609124
0.0133335600536
0.477847201559
0.909814827014
0.943326584939
0.0392920134077
0.943755733446
0.836401441471
0.00592151242031
0.526454566173
0.994664846702
0.382811613238
0.157458211163
0.953330356794
0.680063894509
0.984315953298
0.08689536941
0.155187288912
0.4403426403
0.668537133719
0.104203340246
0.662537924891
0.993368281718
0.0237297935922
0.861793788505
0.84629103926
0.0759577632358
0.340883263035
0.96199889151
0.902854151644
0.628384259024
0.347643531303
0.911303553069
0.801458111851
0.948287919065
0.385591404101
0.431933312174
0.126412716673
0.0518596185396
0.922462915033
0.536822072262
0.279307521609
0.00199157969729
0.840139122867
0.165531507406
0.44826835263
0.953893318645
0.616718816203
0.41913243196
0.0151147379158
0.109201608682
0.540777027717
0.620254497701
0.993441277711
0.911122703101
0.00565562382221
0.100243522853
0.419272037986
0.426252362992
0.0205287442643
0.377288194967
0.00880233670817
0.309514243755
0.966603944477
0.461462463517
0.361583939772
0.656837870941
0.628275962833
0.968803341854
0.0417188491873
0.445802278961
0.136807135464
0.477734657114
0.516377585515
0.992437248725
0.0311286422234
0.868557211501
0.698861576038
0.628175148529
0.736484595889
0.916827944787
0.936198640663
0.0479020977264
0.966153296854
0.571248519233
0.101560236885
0.37911257728
0.412539718579
0.785455420714
0.10349418848
0.0856745975653
0.166006276287
0.970027037215
0.834139982372
0.368213602765
0.00992483823077
0.504249128183
0.738027308391
0.0603568133956
0.336308994539
0.976671250873
0.972198245737
0.0133254416139
0.521760042006
0.797172604617
0.242371148977
0.365984374609
0.0297453803742
0.548397886654
0.983964079567
0.107353046576
0.3816429845
0.40137242196
0.45157618624
0.63987359662
0.596654842596
0.854079684232
0.941424649598
0.67341077021
0.860058808134
0.232662645084
0.0468843607252
0.0409479345022
0.0659384022475
0.840877377318
0.968431435985
0.0996792334333
0.975920492606
0.53247210989
0.970895382012
0.31940732062
0.0691462132736
0.885579316429
0.610224674642
0.193646782856
0.625915659116
0.0120781110401
0.290417183577
0.221277945693
0.885640865748
0.434933178747
0.188018214331
0.773699812716
0.933852241839
0.711290476623
0.721083599809
0.498099106696
0.160841961949
0.0755266836354
0.404149355522
0.254999259344
0.240347983596
0.896034438297
0.932913542712
0.432936044453
0.111051164344
0.0805484298617
0.358176028507
0.037154501144
0.690010517732
0.123152528475
0.980796294562
0.0232448498215
0.0998655761267
0.970858627404
0.981906931289
0.529694364868
0.472351902422
0.474272845237
0.858298377667
0.378066191397
0.0683689333753
0.363617024743
0.91634121771
0.788267818142
0.664466530842
0.0965805686646
0.278586725452
0.870517484853
0.986664286596
0.281150203039
0.0403119178416
0.0189191553168
0.0459521231544
0.931268928916
0.776163271703
0.0388958876656
0.600099090278
0.468046653922
0.330087066396
0.298762556261
0.898202185378
0.612228533577
0.512707844239
0.453567895126
0.857909515907
0.609820049854
0.899695920662
0.961922479965
0.251257668034
0.871023476812
0.947446435757
0.0723552176139
0.332352027498
0.273350050326
0.362193948539
0.954981995048
0.0347096124861
0.36455807814
0.00993371730674
0.683246863351
0.818750295381
0.279307521609
0.813906181372
0.0592911782086
0.903628556098
0.983714588803
0.97248428091
0.207855126081
0.746704157126
0.936339226997
0.877448174176
0.0156951856412
0.404535341761
0.295231084431
0.167256388139
0.0281493468322
0.267493829774
0.960733115093
0.972129150541
0.513382867859
0.00556409865408
0.458411050279
0.549561564954
0.772287625117
0.966648255476
0.941064133643
0.976547478494
0.23112349336
0.738645234314
0.900406536195
0.918477525826
0.874899714885
0.723422801553
0.881519206005
0.439555088147
0.14957067662
0.00954596158034
0.763466310002
0.0208468934337
0.603507884044
0.955499261857
0.917423062107
0.348561522501
0.938425234781
0.00858213744818
0.564569419259
0.970215559948
0.0187970937551
0.988661835508
0.987447051965
0.0807242641704
0.933159402384
0.700896447292
0.804648188272
0.80422915947
0.979387888793
0.174163365312
0.991610722287
0.196966836775
0.251236835038
0.171009202794
0.927237279483
0.122898482971
0.854890858478
0.543018764377
0.862617739835
0.0301616205349
0.830514937921
0.291261566239
0.144141774371
0.0190249246305
0.0555942276006
0.0369528198323
0.372408799605
0.895930323218
0.929716241497
0.661684705373
0.333426155132
0.602560475287
0.596894010777
0.162776702894
0.543128099286
0.980523814691
0.639615258319
0.713939045639
0.764142351637
0.0174570236873
0.043652103879
0.16999885683
0.25771474648
0.223618603242
0.719606442392
0.82786268238
0.90743519097
0.0486099095173
0.0647504576518
0.144050167207
0.0699588418127
0.155110208969
0.419565159535
0.948028276615
0.0132049649277
0.534485241108
0.107620559625
0.13338022476
0.1639299663
0.806407727962
0.699723724151
0.241136962811
0.525941021531
0.0963295764886
0.942069019817
0.0986627440997
0.0148911115847
0.95916261538
0.300843469886
0.0030478509493
0.555278643879
0.300703235242
0.283631488226
0.140441151759
0.0287686243987
0.404877379851
0.175100135334
0.760467882035
0.482106100114
0.596894010777
0.0336835392849
0.902794944098
0.8114226186
0.0179830139271
0.899661101363
0.272557122522
0.988107127378
0.640412130856
0.977442470623
0.0407798511339
0.856815784812
0.868827916689
0.899300925509
0.597790740873
0.204963579622
0.934178993399
0.685244947059
0.695082496974
0.714135916028
0.837314344942
0.403706363465
0.112001060369
0.239533730667
0.109871203744
0.969342422752
0.960024256011
0.711645141492
0.346252917978
0.0854257124539
0.598204251673
0.985185405525
0.0172283613306
0.69234863235
0.251236835038
0.88261347451
0.370113813122
0.70810650694
0.629007723524
0.910230906896
0.0597161983886
0.157808519514
0.804407876875
0.95369352245
0.658593145114
0.681043168014
0.554415712966
0.974393431566
0.0131965520656
0.988775432057
0.379204080927
0.951017507195
0.653315189169
0.493089696775
0.96611770437
0.960678543904
0.876988792192
0.982673615598
0.651811414398
0.190223780673
0.489930042636
0.088715753239
0.971957714355
0.0352461699352
0.625241172253
0.933243470577
0.228609881468
0.442348186296
0.0922726591035
0.6391534061
0.128068516222
0.850362808343
0.243997442511
0.0717126985997
0.0364692985683
0.0280652184763
0.790211743994
0.0799825508391
0.706908799451
0.964934234661
0.742905906561
0.968053431265
0.066559666753
0.707379456786
0.749315547332
0.467004801855
0.443726882808
0.237344857058
0.940343566639
0.858975792099
0.301656090538
0.597034065149
0.720075389885
0.128806888101
0.14516135125
0.945326188302
0.838841181859
0.957756380391
0.375538359257
0.213008480742
0.386960004505
0.054680916418
0.572474984575
0.239153647213
0.930769413249
0.00258801028351
0.956121382279
0.869102464538
0.0579139892335
0.854570949696
0.866636344103
0.191630245089
0.854520723271
0.829692613526
0.554239443309
0.806610358836
0.796854822813
0.969608825828
0.96445783923
0.085346280397
0.165278371459
0.354665459218
0.594254223004
0.80643430896
0.391367225596
0.0188381631049
0.0133125616565
0.983651693749
0.0517410501955
0.305746814801
0.00890727137634
0.0954759178774
0.554643643189
0.00791006423447
0.392607205156
0.0821364664221
0.977337853843
0.556702631234
0.791364571034
0.617308781186
0.905462400177
0.0281493468322
0.948248313779
0.646438532644
0.957602679992
0.95800948896
0.992126905891
0.863182265903
0.389662893439
0.786815823587
0.991585108497
0.801041431348
0.0769229208505
0.899300983757
0.0380139739953
0.1054070662
0.356233095661
0.0981593261348
0.756012864826
0.0566033908589
0.553329188876
0.158152521791
0.714456218724
0.0131899357484
0.415511124333
0.070864658331
0.323570433101
0.916910216722
0.604039433771
0.0210607299535
0.773048577894
0.473138032779
0.291833712134
0.601752944065
0.388396701449
0.0318819752189
0.344195853734
0.0922726591035
0.900406536195
0.0817293317071
0.947637741491
0.425337844816
0.0252097979071
0.236264916591
0.879536785609
0.900773128217
0.186640167302
0.78142061456
0.67296085418
0.184668669474
0.06234717428
0.994075244114
0.834427392607
0.938326175718
0.363693741177
0.604435069129
0.427284405712
0.135574508987
0.510425987159
0.791270587859
0.327340106087
0.889949764574
0.893643843464
0.151751632878
0.393039969334
0.588094137889
0.936272024271
0.0829025866638
0.615950334479
0.217015945511
0.479674334151
0.963679730752
0.00644115857092
0.02493347366
0.680460475174
0.326043198096
0.0401025599009
0.291438648825
0.0565303759488
0.0871456155922
0.114943807347
0.933671024332
0.224429711795
0.670352218529
0.00335917584034
0.195041555203
0.8112936699
0.888991989185
0.202666734243
0.986167987053
0.756235159235
0.492184719126
0.0653889540578
0.110068922482
0.0316002537861
0.93074055131
0.0358259494746
0.239385646728
0.585668836606
0.92428218025
0.986232032385
0.743699717659
0.899191472137
0.466028101523
0.672184096039
0.900677791131
0.776786012424
0.383585012649
0.0501680897499
0.96239672335
0.933869222791
0.981600727146
0.199714675579
0.458450739661
0.0184111057387
0.657240405013
0.656979411496
0.145415395722
0.340959376576
0.414488874523
0.137010981901
0.656694958451
0.20172794421
0.955145229162
0.2137684857
0.929435738121
0.970138043337
0.875815737113
0.924294988418
0.86436333409
0.0585766252132
0.357867789627
0.908654462951
0.668270609438
0.118105333168
0.679002647224
0.982207333861
0.518918924097
0.696074539536
0.731423138025
0.5269853518
0.646045131891
0.66089938089
0.036426750509
0.322647636104
0.00382782271943
0.337515659545
0.0287005007293
0.0214534005707
0.1154999077
0.72111576933
0.414739304756
0.515231185257
0.587308755609
0.692500153276
0.967539457801
0.895444180002
0.493934129397
0.2671294858
0.278167310925
0.952240124954
0.377010275528
0.948245083508
0.984062124254
0.993819189804
0.828999131395
0.505177089581
0.964141895554
0.0678046622075
0.562464524868
0.220599375334
0.343085295567
0.188143198473
0.993335781551
0.546988233548
0.957128500613
0.9505012844
0.288371019833
0.880838869437
0.730130142472
0.562779643206
0.0617918949131
0.151189229446
0.778169922185
0.425629109227
0.851188898517
0.679303040062
0.0826389327517
0.146276315847
0.973251953637
0.237408751333
0.388336435229
0.892148838465
0.384399413811
0.995451202787
0.203974181014
0.255481487025
0.90396091234
0.0941226382262
0.0547192102557
0.425788917635
0.947999958258
0.960485852626
0.0426411785657
0.157363447768
0.19494449571
0.953966479383
0.0394283941552
0.00579041291761
0.849127826862
0.454160943102
0.725122098116
0.618715313751
0.63204653571
0.0269194247092
0.780789842664
0.0958174604415
0.701322558641
0.0356041459966
0.0490587920873
0.543376025817
0.0382550908255
0.887239001771
0.959097898069
0.744209123406
0.968251139594
0.963385813995
0.874983164192
0.628014918611
0.10934832795
0.2690216889
0.0629538408542
0.921549414887
0.0281307179014
0.160192667482
0.0536393545349
0.677414292373
0.0104543763164
0.983503696666
0.810980793245
0.966996476276
0.990050175173
0.025794405182
0.819799805894
0.0249692036249
0.297390232208
0.648942166775
0.0176144682338
0.376575713904
0.135691760047
0.0473154051956
0.981509090889
0.577738335023
0.0698815593751
0.352464496965
0.669983813268
0.993926868022
0.22726934816
0.222295549794
0.597251372643
0.636236929681
0.144971265425
0.494570597897
0.0673622336668
0.927922936012
0.331073498054
0.685553434752
0.976428510912
0.712463530884
0.960779256996
0.370530292974
0.91121224758
0.43320611518
0.836736071398
0.0505970557402
0.0517410501955
0.971754036151
0.33996941035
0.0767373578644
0.72051338664
0.730120824817
0.898010950157
0.884393548311
0.0434740993473
0.93409876797
0.701887814609
0.309342353546
0.217360907988
0.312352818664
0.506093283827
0.0720622940797
0.0224931532738
0.714162318001
0.269912254707
0.664537894557
0.975778296644
0.247034256445
0.00441937220947
0.745535504494
0.97300074521
0.300345209986
0.427079696366
0.948453736715
0.212346977264
0.274478831599
0.98749228457
0.501180904889
0.191515618207
0.537249319905
0.575270560279
0.1543160726
0.809409858819
0.873068247989
0.959201340454
0.147683500979
0.317983694448
0.92311866593
0.91817491196
0.00947623599436
0.0453644262335
0.0175518167346
0.393243153818
0.988691320243
0.947486770465
0.441597480255
0.656298055976
0.483014797313
0.544131489347
0.0465309987574
0.0171896821492
0.23721106311
0.981803842407
0.57471108543
0.804437873752
0.00366197739508
0.919190416615
0.802488406256
0.938496267865
0.916453380292
0.0400655655027
0.390542597529
0.864979591937
0.86654802888
0.408770368915
0.58333303488
0.917739809445
0.584208844683
0.837372507107
0.329962390457
0.939453194812
0.152897963102
0.984121853923
0.879539637123
0.760762739518
0.510057900971
0.167423901619
0.497524467105
0.0435881626196
0.632394648741
0.838568566908
0.124443486153
0.0959592060369
0.87596442304
0.617290208842
0.879373657588
0.0738268199173
0.179188223994
0.634236465237
0.433033097946
0.590661243764
0.265437707998
0.00940507734971
0.740527948691
0.285770554563
0.378755881782
0.969843339067
0.887170483745
0.262662906611
0.0595824478719
0.690882692063
0.706547483349
0.98931791718
0.72511016232
0.0415619918794
0.889558998083
0.757185092238
0.905033783784
0.666462912617
0.991980052349
0.0767138026079
0.956294753222
0.182373688535
0.0522814930282
0.972456974095
0.863566926905
0.778222726183
0.6649489124
0.651120336683
0.489734107862
0.734988438087
0.79747719322
0.0900719046463
0.792398383772
0.960840157167
0.0456672423144
0.927220482451
0.33176826855
0.298418899315
0.256854920212
0.824455979635
0.972984012643
0.742580694831
0.418209785514
0.922774993162
0.995257391068
0.158427363316
0.835560906759
0.0658669045122
0.931454324074
0.957398603424
0.388631162238
0.931917491312
0.538289951887
0.540790890208
0.681136811773
0.618256049228
0.812301480852
0.174400404741
0.749199737526
0.974362014043
0.487152180539
0.635180415428
0.707727455931
0.0235340206842
0.525165822259
0.953564986582
0.658003351519
0.658352506003
0.678834897793
0.447967947036
0.183463062187
0.901385057035
0.267804801727
0.00433293996432
0.451930287068
0.974279676406
0.149165279252
0.761135084505
0.0681919198706
0.0733244585994
0.910154011293
0.97881676717
0.650699260601
0.540623249991
0.313373775491
0.590132418692
0.0408014752743
0.787026871544
0.104116725618
0.98569255443
0.720619475363
0.353434659219
0.0300449278694
0.0564902265223
0.987658838995
0.522853425666
0.370358818381
0.758665089336
0.0458713638787
0.353871019894
0.685096747044
0.225087924874
0.0832598570672
0.969276435198
0.963561403114
0.00801821465955
0.891039115368
0.851259954783
0.0106378515148
0.741510421969
0.57508807393
0.879234711961
0.618024711038
0.0268582745467
0.236705501495
0.244428846891
0.235117515772
0.167237883764
0.850899361097
0.836425517642
0.0116350511988
0.231858318609
0.00948591168984
0.837314344942
0.480717713482
0.647517316831
0.878203096863
0.491233747145
0.875810241347
0.882498152472
0.797860217406
0.105964586544
0.667195006412
0.785701298452
0.50611173437
0.184131568608
0.448313090572
0.061932920589
0.933766632441
0.353626382346
0.945447952203
0.115684166598
0.0167963083046
0.844101994751
0.610639538112
0.00486221213163
0.868895558469
0.739208109553
0.83095306002
0.00504560312742
0.920148140362
0.0270129017897
0.322134510362
0.925701172316
0.544132869894
0.900369564669
0.288615387947
0.920771301294
0.0602281520773
0.174827007934
0.321614253145
0.444299757427
0.97288451844
0.186024226093
0.972059758754
0.0694542381992
0.703140989101
0.959274595122
0.390173244667
0.214303544906
0.246616031242
0.984109310886
0.488097852541
0.021593686151
0.774955704193
0.322412392205
0.582165419302
0.989731660216
0.98315956238
0.482583825898
0.710621893272
0.748725635433
0.944755951789
0.866891570647
0.991157245144
0.495569147937
0.207912387258
0.0599607539673
0.995136657083
0.492664168136
0.524851613933
0.926278536847
0.921949491837
0.575495172061
0.645885454613
0.0559007106391
0.119526605893
0.710630284194
0.97963253855
0.020952286483
0.965846748409
0.943030182764
0.610109964457
0.109755620357
0.104707797727
0.123329167629
0.373267397739
0.8241377448
0.972732658645
0.534192413738
0.401486732801
0.774732857068
0.273682266069
0.500073878322
0.800693255636
0.912741251385
0.0360255091252
0.704656360385
0.920487007561
0.710306445536
0.538257767247
0.170465783639
0.837460284043
0.820776095747
0.0588554174802
0.589791335913
0.028648065411
0.933793722658
0.215656712351
0.916033693028
0.203509165418
0.60934089158
0.507994584493
0.0371664424768
0.459443118154
0.797578855755
0.721259280343
0.913811055147
0.210439757806
0.794881610095
0.938468520408
0.259793629356
0.208636185121
0.0413696286002
0.45951565523
0.670584776121
0.132800686352
0.89882633045
0.100274792088
0.599969808739
0.88261347451
0.694262908688
0.964765805412
0.925220107795
0.815500636661
0.584328888831
0.977255763095
0.277433300253
0.00593859722202
0.0242025068019
0.0325328548911
0.0777703172761
0.825540386781
0.313709159692
0.792398383772
0.770251181541
0.772345013858
0.0314229917296
0.0281977333298
0.0143039395489
0.234589040385
0.526033839598
0.930910946069
0.720324179759
0.542222446649
0.156837943891
0.290986644075
0.76723743179
0.844317925182
0.821848138788
0.377435002998
0.702758203995
0.956786127726
0.842415628754
0.65823201461
0.410052118998
0.219789233843
0.850415733056
0.387849505438
0.847945850154
0.480748662748
0.291906372619
0.900217278935
0.949334411393
0.307303081089
0.2542378657
0.522973019161
0.790663879178
0.907430285875
0.149406621454
0.00948591168984
0.1924867698
0.953809371316
0.397633954681
0.945283391844
0.547331602616
0.025936066522
0.753098887458
0.2987259359
0.303016393089
0.725493815018
0.963733671085
0.504249128183
0.255532072819
0.342991811875
0.796058882754
0.00545283198777
0.287975862611
0.516016589946
0.998142163625
0.0100359659645
0.0176335955931
0.27838987135
0.264934717138
0.898986741844
0.487536707517
0.547399350892
0.209653993548
0.504478697793
0.974060122639
0.0336875237396
0.983141464361
0.984697143073
0.82058520735
0.305269871364
0.0180313106364
0.164017353753
0.196602359673
0.983208155124
0.895127407687
0.99618329506
0.280584670121
0.758893610846
0.897314218563
0.903807333869
0.957319996888
0.0490145837954
0.396260368358
0.938285273293
0.202495819956
0.772919836604
0.00339959470524
0.0951349186111
0.10087002626
0.8808750601
0.38933976663
0.929370132933
0.916167704321
0.450629712272
0.260619321568
0.834873105875
0.715161608841
0.956954837263
0.970895382012
0.340882953583
0.277601043598
0.715760152422
0.0397760404102
0.264325381138
0.871672684371
0.209407843176
0.0386353931345
0.877924124544
0.940954579598
0.304161155138
0.0550776098436
0.848019714439
0.974342401602
0.00476531286504
0.93442602198
0.0501311871775
0.950267907778
0.00492759245948
0.521904355068
0.0877957413043
0.0433412068905
0.826909200044
0.234379742219
0.881327243342
0.0592689684767
0.357352324042
0.0348932431355
0.397803746226
0.0433688544815
0.489490998729
0.208327577432
0.969068627287
0.963471152906
0.61549530183
0.904352347225
0.528530278409
0.976312332956
0.152941133174
0.124274028399
0.0307768691838
0.968261032695
0.22927806476
0.897527130454
0.171265667554
0.291989228739
0.360844266523
0.920738939111
0.0910145948545
0.567049548964
0.042819838978
0.0184835016335
0.246632270024
0.660757825226
0.26404682276
0.378550336852
0.170835764613
0.072917036039
0.937055050264
0.579523032826
0.289634814126
0.0717918899641
0.915520053521
0.683600455946
0.506927343597
0.177052114065
0.655294067906
0.578481704096
0.157472682201
0.117317004918
0.981693028506
0.694782752901
0.422877114529
0.498370084689
0.356018675102
0.081067426763
0.0277498805163
0.0265850196483
0.780517424386
0.879158367313
0.148177704499
0.801142514876
0.0254437695023
0.126850775456
0.155422794047
0.141289893142
0.521198638891
0.43583354662
0.326817863163
0.735081497121
0.680396292959
0.0176299913922
0.026482199746
0.602731537645
0.605878496981
0.100167490446
0.677646395529
0.0467319939361
0.102843742425
0.257750131822
0.699039419948
0.95975964849
0.979155548748
0.639680725444
0.91161384056
0.950137846527
0.456814529523
0.557818253767
0.944755951789
0.980746229075
0.488648017786
0.615152945713
0.746971052753
0.985489717778
0.0207170118891
0.922711858491
0.0583163775903
0.748939992592
0.660223841373
0.972530505492
0.062458632275
0.0395792153426
0.59159261775
0.297018995689
0.1543160726
0.0194175702484
0.852644146806
0.666637969317
0.405451122434
0.881420299009
0.0765454565289
0.782864979076
0.8480631035
0.0226233612861
0.197562391895
0.624788141727
0.451479117916
0.00660727719253
0.0664224639718
0.902475803579
0.437869578275
0.246363827311
0.644224702619
0.365287934585
0.938446030351
0.249810374135
0.392417887006
0.122280964194
0.0827923309339
0.859787032837
0.535336338907
0.954536109375
0.989003227569
0.180974610927
0.0205769674666
0.430738515811
0.897330077746
0.964790321329
0.159094571746
0.979446560651
0.891988652027
0.229793324704
0.816468170433
0.259601343068
0.684991015127
0.0167569000829
0.449059922163
0.681131068979
0.535861311129
0.507431756113
0.979158614632
0.0239654377753
0.234209704999
0.0576372419958
0.765853486313
0.912889866631
0.0566671560643
0.924234135322
0.498340948083
0.554805774783
0.415182720184
0.157655628295
0.730596835251
0.949019762044
0.097358723396
0.515570682107
0.97079489297
0.911866357975
0.010359587324
0.838646064271
0.95069017864
0.434707464012
0.0148361488089
0.893846896964
0.985728975396
0.119056408649
0.109335308907
0.0274626573198
0.994161875861
0.434625580081
0.425774658495
0.245333058482
0.993173924319
0.0328854723896
0.941499060992
0.966094454931
0.454900211164
0.976534708109
0.00477508382179
0.345561890567
0.703497312261
0.570324894019
0.319934854549
0.348930006258
0.989762318016
0.707120119167
0.18182811022
0.448191329802
0.660967075648
0.976688903625
0.93493071399
0.952448288338
0.105878973872
0.794258443552
0.951704841885
0.0106909941504
0.763955612625
0.854352995484
0.760626597391
0.0142586831733
0.509806720294
0.309215426381
0.636812739637
0.0211604903398
0.426009712266
0.615113015076
0.972465328694
0.953120663458
0.851259954783
0.976855390712
0.585317214222
0.501639082999
0.368765615351
0.0481173214538
0.083994556263
0.58069192784
0.947209978431
0.0284869661426
0.669757847209
0.891363575802
0.0434797134537
0.882444832514
0.961360842132
0.920599588151
0.471936648861
0.956274978064
0.0996895134998
0.171419150768
0.26931760703
0.942438696747
0.426252362992
0.337562064827
0.468038777074
0.766778713054
0.0366693833951
0.0794384697226
0.50079381114
0.101953935646
0.210480228845
0.76257317868
0.968791200183
0.634236465237
0.790923455374
0.206807156166
0.856870404105
0.489571255427
0.578108857146
0.654397755723
0.870615242374
0.595582546761
0.286309842963
0.826766113956
0.173516793852
0.470083641517
0.236683555698
0.312887982361
0.215166881637
0.462845407133
0.222722823005
0.182792476952
0.166992691494
0.711607459488
0.0242019281382
0.0558943235787
0.779548951245
0.115428305216
0.712488450137
0.220226091782
0.0102380375674
0.245783482242
0.987767501359
0.884631757211
0.0254235449217
0.0364540112806
0.0355089887314
0.15907601613
0.689920352863
0.957432276768
0.168349873925
0.00667765696507
0.783309193547
0.921622421708
0.328242531038
0.938572451372
0.45011467543
0.259709028648
0.0585961789363
0.907113840222
0.239967327469
0.700575353754
0.867427199129
0.0184327961513
0.663278747241
0.707398234633
0.0415798014573
0.179514434087
0.176771879834
0.401807626513
0.149036812395
0.0238739078389
0.267289439815
0.791760733702
0.139601483663
0.612438174942
0.157268114648
0.137565183215
0.578771830941
0.458562829083
0.993174280244
0.942939643208
0.314377451557
0.392067182997
0.942251968522
0.286396977012
0.137026011348
0.385806101309
0.612508946929
0.892459634589
0.00730241042693
0.0868442313055
0.442378127077
0.662940897729
0.521986989264
0.205985188687
0.0708680895147
0.0264264145495
0.48582570092
0.0474749560564
0.714273130998
0.180371420168
0.0498383379644
0.609555974789
0.00734326134882
0.313057411731
0.497931915359
0.994047231155
0.969767109696
0.413689287751
0.0367525853105
0.804395209349
0.176626222057
0.0374936363782
0.933766632441
0.879358700004
0.863736410892
0.749364846017
0.992079191871
0.0978457947867
0.321225405764
0.875037950292
0.726877445255
0.492375463962
0.753038368012
0.167911150191
0.592239305689
0.299045534884
0.373144924551
0.914415864304
0.443804089058
0.892036068208
0.117822212979
0.97894651171
0.995232662708
0.428855598606
0.971429459479
0.168352671112
0.859319225947
0.0203009710916
0.385393474892
0.0226034349901
0.0381891377535
0.435660064205
0.688823546708
0.773891881665
0.648085085636
0.8385068579
0.778874535713
0.706105133185
0.486222625429
0.923445692785
0.0907531752384
0.771325799551
0.839396306494
0.963950507636
0.331483000028
0.939765204718
0.328365498531
0.182860864158
0.752793200026
0.980162056475
0.821947926846
0.171622567239
0.958389077784
0.857308299309
0.500526178371
0.158403131181
0.370456493904
0.910483768172
0.484143135066
0.062065719301
0.900027121267
0.298418899315
0.769100313174
0.141678507091
0.45853491414
0.858893442835
0.880112475717
0.00441937220947
0.22580242954
0.0331498946835
0.880158827079
0.971657070741
0.158291731112
0.081999435372
0.344798232457
0.958158413647
0.946925090396
0.975170038579
0.337691455809
0.0261017866725
0.147693331988
0.530327279355
0.996997294012
0.0417093721702
0.743026972581
0.771370174816
0.219169638623
0.917217191415
0.215057433198
0.0780425045031
0.366479752904
0.0850472435358
0.0797299538308
0.238709043855
0.923966365182
0.153507726782
0.115493406423
0.546517920379
0.198653425651
0.577979375623
0.632637976962
0.637363012674
0.353080342823
0.582390609374
0.990112367082
0.966688962941
0.189728462604
0.895381649797
0.0945831001077
0.513944490513
0.366576113366
0.351354074245
0.378604008978
0.0188792916242
0.0123431252382
0.546821271126
0.344028251924
0.185134629417
0.940226384182
0.74621241649
0.789858519627
0.209958155185
0.0998655761267
0.952058336613
0.321784212533
0.465233435819
0.787305948237
0.505675410813
0.609128683505
0.728422970385
0.693658346639
0.450141013005
0.69883307301
0.0350769205576
0.0143039395489
0.215445074037
0.93866670634
0.925152916189
0.729217973065
0.99247353265
0.944480998577
0.0398767777243
0.352116982768
0.879456695873
0.268307518464
0.669126666969
0.975083630256
0.478907780741
0.328451613423
0.126346479411
0.180729912066
0.806121666752
0.956246246613
0.161670739976
0.371709478178
0.00543987443952
0.580328725615
0.964840640209
0.983599632572
0.807904828083
0.959450821755
0.668357196695
0.827161380404
0.956992930318
0.910359601251
0.907967098092
0.696904165025
0.714344076428
0.0564234962284
0.316708304711
0.95108623419
0.953224061864
0.254796067398
0.982134605124
0.861654396265
0.212403917698
0.286299199904
0.773114862377
0.789852271013
0.898796447261
0.159986079706
0.894082666154
0.115097449175
0.970810878706
0.472218565361
0.0127238106767
0.263783183094
0.0348932431355
0.917767463548
0.976413961814
0.70453692115
0.198472947739
0.214012482206
0.235621031667
0.0614271128185
0.710176092113
0.92308373636
0.200263187762
0.206316155525
0.549975018652
0.0145862651967
0.0394319369659
0.945666451831
0.521198638891
0.632401116466
0.0792339856108
0.959902517403
0.370025999787
0.417224822105
0.902369463805
0.0145195254274
0.0265690394871
0.0542407115745
0.313082797681
0.0105063169208
0.727914175828
0.439146755935
0.796907427602
0.0761396548962
0.592328767559
0.891470070355
0.0926567540374
0.518724206304
0.516510995206
0.214842391268
0.0117905694093
0.384302487455
0.465363299302
0.218550078699
0.918219751084
0.839666082039
0.486833304721
0.32423230312
0.817408482384
0.0572814647975
0.18107584562
0.975585364555
0.92191081423
0.811276558703
0.833670995283
0.0639796552184
0.427538591731
0.125285464746
0.908606073879
0.933822556845
0.107167365374
0.992534559915
0.854535683598
0.0246169568813
0.104713678685
0.619396386831
0.36357708446
0.538923157758
0.0348784441155
0.29355327846
0.555042761639
0.99262424579
0.111009491163
0.68352062465
0.732759903615
0.154392596759
0.958404112145
0.997722639431
0.840492415338
0.444290346624
0.975675090888
0.276123301765
0.77074423659
0.545273608783
0.0330158367401
0.96448490731
0.40680649161
0.201724351529
0.625274474769
0.531409857405
0.960737271432
0.718860514677
0.31302814911
0.969504466218
0.96235245627
0.639152846254
0.0284409128292
0.989518248888
0.504819039179
0.0475721528896
0.728512860306
0.769100073563
0.950180224329
0.0566149794266
0.983230361725
0.025323275379
0.0726743700951
0.96083565289
0.877775073226
0.853427210003
0.690629297059
0.839375618686
0.00291405429352
0.676821519065
0.00418339109483
0.318384178531
0.357997873964
0.378604008978
0.109845407906
0.619737056182
0.0348541641862
0.986467013431
0.054170054708
0.397040751218
0.0460620113004
0.635839824644
0.783374539092
0.735967535823
0.1054070662
0.635709661553
0.602722776126
0.0201954901518
0.685341661482
0.00848701845228
0.724237622254
0.417426803835
0.0120207692712
0.938542010597
0.903867945943
0.118776459181
0.445720386095
0.0253909589125
0.90037283591
0.0527252013174
0.00599835320398
0.97324968805
0.120796743654
0.636528357181
0.627238055936
0.518698222736
0.27382347738
0.976534708109
0.693414197285
0.400494408759
0.869104039921
0.950828521792
0.782990669271
0.521072753267
0.653328591737
0.301028479159
0.939577312079
0.616514171227
0.0315496256252
0.0111384281794
0.309386325528
0.601835468552
0.964934234661
0.54981377906
0.464427643902
0.987211882779
0.610328595868
0.970247961378
0.678564036148
0.629675750629
0.42653175097
0.498806474146
0.0533929726897
0.848000991094
0.100167490446
0.113419626195
0.0357433758282
0.0579448412268
0.802056409154
0.600510580257
0.403258089585
0.0554773237471
0.725175645833
0.927571235688
0.514127067468
0.968498258628
0.25739492326
0.277259706189
0.304935865949
0.138215687094
0.766096840203
0.0809826223072
0.909168326326
0.615950334479
0.85860039667
0.121092892384
0.54079727452
0.788606142027
0.389880736454
0.421326106985
0.501180904889
0.934219540987
0.267493829774
0.892534379882
0.881530792686
0.969713785513
0.0917095893803
0.172108951143
0.745293336189
0.908955658705
0.298385423881
0.0638230294533
0.0535479089891
0.660091534542
0.966521473337
0.0683899247641
0.428119355661
0.990050175173
0.332707866386
0.138069748076
0.048976457382
0.0151811448573
0.46223884182
0.624929948751
0.869771585718
0.903281212227
0.259195144573
0.970178991064
0.106032825976
0.105076103238
0.291989228739
0.412331369089
0.725353437896
0.359687045302
0.0230227027462
0.97869715473
0.655634377427
0.0413914486805
0.474295072505
0.633493166108
0.790811558171
0.0370458339759
0.932306796704
0.792783710229
0.972289949155
0.456012526034
0.495685912859
0.126531706999
0.731503971932
0.995196886406
0.0114429230993
0.618690277005
0.00765324159752
0.631170478726
0.849788993293
0.0118433211508
0.0186641111937
0.70254261077
0.313235004603
0.827561738602
0.708413963234
0.223757124586
0.466584552334
0.118335817073
0.990421886386
0.528390107142
0.906602503023
0.149158675897
0.634498851051
0.90316245141
0.847444043231
0.702221306335
0.747672582008
0.629471738738
0.976519064453
0.889758227385
0.0221769289079
0.751971309503
0.622787333705
0.0934736633137
0.368571713929
0.537652584159
0.0741666182494
0.0865666945141
0.923925336022
0.172040086016
0.349220559475
0.267305256934
0.416457890009
0.0979740426302
0.416443395153
0.0423009011418
0.46085348165
0.0564348778739
0.756182418534
0.0920721612721
0.525620963817
0.731423138025
0.364693091469
0.214928387515
0.172603751727
0.984093612693
0.00523698006355
0.215484396147
0.961477129404
0.988986374532
0.37730450279
0.00692862903853
0.264182153175
0.498301136847
0.0460014809433
0.968001432677
0.96795843989
0.710177689736
0.640801314058
0.0217398048501
0.818223673961
0.935301399404
0.356533037964
0.374415833252
0.35153033709
0.9590170864
0.0260913862692
0.840299416456
0.297554034605
0.848203884839
0.933596482705
0.563775321967
0.360573070015
0.00947704532682
0.204488210552
0.890406195259
0.624394021913
0.231919554528
0.835713685005
0.820060690206
0.399036427311
0.0207216837415
0.0778679846706
0.817534099449
0.953370327537
0.978133015801
0.0378198670485
0.749499989444
0.452577252999
0.905845144479
0.762746801202
0.0279610277876
0.211027011395
0.388473123396
0.971625664388
0.33412753965
0.0448044206356
0.842851545067
0.861557771727
0.912436296053
0.256530146516
0.934861897429
0.739848401774
0.163770442096
0.964083454002
0.98282560526
0.0509941344009
0.593867776687
0.907282365518
0.131795649511
0.253680294116
0.411261694142
0.0641139552305
0.916486954204
0.833329241452
0.100295878672
0.992408761126
0.202298080431
0.0997876996961
0.309478783118
0.84813618352
0.199280710506
0.0767075974673
0.835503676769
0.649013721673
0.90318850698
0.812340622251
0.322412392205
0.751562544779
0.0448044206356
0.89481989065
0.111554417715
0.802907565432
0.19804733419
0.857870035688
0.261194045218
0.0554593943625
0.976855390712
0.430057876524
0.162051323246
0.589569218144
0.0290673705471
0.6391534061
0.678820556538
0.0503441860714
0.513612525934
0.940361069837
0.871372609498
0.0326582811294
0.0176442398379
0.718408545
0.0839360665821
0.7994239675
0.341028667331
0.12677849297
0.373267397739
0.854295516407
0.511219082917
0.481232017033
0.527829933413
0.0254643779013
0.69036065299
0.884511936556
0.837246434336
0.42361556604
0.0101512335188
0.630233852623
0.799482271572
0.00458589890171
0.544082612001
0.96424529025
0.965078242905
0.659688979028
0.45290644634
0.540435590722
0.97772704681
0.621523088927
0.100316924292
0.445699406411
0.0489568716287
0.987862539457
0.688038104522
0.908296184366
0.538059676959
0.322743221304
0.215207055274
0.0261846137018
0.531626503781
0.434095400123
0.982011478884
0.264873063149
0.115792279967
0.407320400497
0.617149836022
0.985825925912
0.0324738601615
0.131714284898
0.75062827976
0.448229225293
0.119259338861
0.688240974389
0.0417477415722
0.848531430346
0.619482865819
0.801821879588
0.109545531004
0.947446435757
0.898037198806
0.971243145552
0.932582339038
0.0719405270517
0.970327379918
0.10992493795
0.992103045952
0.230737334615
0.970009324831
0.00315124636967
0.448762279221
0.489433708146
0.372106975177
0.498009267758
0.712228828629
0.840170853208
0.972420929462
0.923966365182
0.907774176836
0.191676714927
0.249178194328
0.958198537496
0.174927824432
0.433994449101
0.696658698566
0.61107357843
0.111477011198
0.541633157552
0.757941384298
0.909827203384
0.68488439198
0.698970464292
0.322506348044
0.0338125868707
0.148590753143
0.020682883432
0.545439480442
0.185572618731
0.0105291636681
0.455682714887
0.986416219138
0.298296398337
0.646855609606
0.616666655315
0.358737949416
0.70349352208
0.00743742056778
0.776455126336
0.759078371752
0.433141237949
0.961570009468
0.00419146514134
0.0230230646603
0.852082361619
0.897345658195
0.457597532775
0.833613367578
0.830818676099
0.82044775177
0.994456077182
0.685976563888
0.462196363859
0.561531840088
0.0452842293197
0.918848337154
0.0680002592372
0.116781160661
0.850377001722
0.463461512882
0.884384466788
0.578052167512
0.54830364858
0.835839363973
0.624028633628
0.509313026372
0.702703916214
0.317545641137
0.195517401008
0.920303023212
0.417605811122
0.069784840457
0.789334538094
0.413355318348
0.964362010811
0.226129497614
0.578510113787
0.259936828924
0.247748229739
0.234291300643
0.31279041851
0.964139465245
0.755104308667
0.137946602841
0.589566796762
0.0102810572775
0.956921362025
0.0186808855149
0.677965058894
0.668303975123
0.952521896087
0.231858318609
0.867184868316
0.858974912367
0.118492265684
0.711170627067
0.203216573101
0.640185854648
0.912002408395
0.188143816334
0.618815308577
0.644742653608
0.25918889659
0.20063629676
0.380295272086
0.929582025874
0.84060876113
0.366232616575
0.050102060368
0.167748167078
0.194084757806
0.9262408035
0.241162731619
0.928635497556
0.223437387547
0.604737121915
0.0103412726264
0.396251590045
0.829858265277
0.847531917071
0.915791920294
0.12314027277
0.728337353801
0.0123933521853
0.0256619269217
0.917243514332
0.709291971258
0.193187151184
0.398491777485
0.0148367846469
0.596333297458
0.359636167228
0.347176125346
0.0362394772298
0.095020489206
0.505386375683
0.59757226453
0.442757594577
0.948657919264
0.404149355522
0.541955229212
0.0359312824482
0.0359312824482
0.55470940889
0.617880432947
0.0413696286002
0.858365951997
0.539337549654
0.050222237689
0.978643113266
0.897527130454
0.539739998051
0.766422505018
0.975901280821
0.174927824432
0.94536236536
0.168161922708
0.378196867204
0.182443727749
0.944115320839
0.63987359662
0.667351480142
0.79284701896
0.305984121178
0.984272236929
0.870880556478
0.19041192041
0.807575965047
0.415022971334
0.986393873664
0.949530427837
0.543104204155
0.943658719327
0.95657819231
0.951585636415
0.0227907532339
0.885212643694
0.834828961387
0.515867188454
0.145073734659
0.530804349298
0.843711813258
0.261194045218
0.498303925337
0.954469221819
0.260838246183
0.39515844164
0.989171015896
0.658608431683
0.987888164449
0.94151709708
0.449477942885
0.0261017866725
0.943030182764
0.909743124828
0.959004476726
0.132403491664
0.14152830686
0.852017719978
0.360099970404
0.971807681181
0.970701685465
0.929687395435
0.132443747854
0.0159320787401
0.183463062187
0.768333983563
0.951165625421
0.87050505496
0.931720802824
0.0673622336668
0.618026962444
0.164912512691
0.981334671694
0.187847924708
0.312076847005
0.0107474616543
0.97133035785
0.0281493468322
0.981892275769
0.988307624251
0.990071308204
0.314495164792
0.776455126336
0.461622197328
0.521828809664
0.941552177089
0.241382500706
0.986624290861
0.0613142300676
0.263314252028
0.706648795423
0.0851019063534
0.996713540521
0.634236465237
0.701529337085
0.0866741639042
0.143038542977
0.509734825121
0.992363552576
0.616021311092
0.603034903729
0.767670750532
0.0359032085961
0.213201900539
0.267185418002
0.983682172062
0.011804860326
0.00824801269001
0.0468624317294
0.082423378524
0.536404557857
0.911437771401
0.401018606896
0.389517523647
0.72467570053
0.344053139973
0.685565618573
0.290167820587
0.0841949147288
0.925432538876
0.93631641546
0.297021601829
0.235795004208
0.501293888674
0.120632540085
0.017844075443
0.668699775929
0.85465282425
0.513951736581
0.958336723253
0.936864404588
0.386222282664
0.937929014058
0.959874340036
0.906602503023
0.733812902228
0.964066346301
0.790295335296
0.90011347965
0.115493406423
0.0267891578388
0.818498236034
0.213008480742
0.931990416995
0.827330574381
0.0670163944206
0.266006062016
0.987197958656
0.496999009691
0.157191506851
0.842639928492
0.0864897288317
0.978946218672
0.522433461665
0.805716411854
0.116716966393
0.11586837297
0.965190034489
0.440787463462
0.0139973626826
0.756499576067
0.699442240405
0.936514671189
0.301262631132
0.461451631084
0.700914727298
0.27608007357
0.924018955985
0.932787375439
0.192311148502
0.834505941955
0.884765385115
0.542905508142
0.0134763786613
0.823415938405
0.377403775058
0.0617918949131
0.955466911771
0.277363702044
0.889968893778
0.173113448794
0.563789534145
0.729315787755
0.0467432867993
0.563035443893
0.0254900067607
0.0396073241539
0.687922355783
0.479150712602
0.376589928066
0.972120645615
0.00596408752347
0.616013044994
0.939843344067
0.0184571965809
0.519450632597
0.866440910863
0.644119017611
0.376050163412
0.393389292097
0.0199609293912
0.952846128394
0.579047429911
0.0272696705628
0.225006623725
0.360200832698
0.185387504486
0.911877306654
0.76217209373
0.974004823738
0.728512860306
0.624233677819
0.500427016022
0.765490041565
0.891271768842
0.370453216868
0.591232590579
0.133533734915
0.449881845518
0.0582956900983
0.389818817447
0.101704882752
0.947776511411
0.58176976854
0.728185019265
0.0743129871604
0.393767126871
0.676648065196
0.206598288362
0.582583391037
0.852696668979
0.0202434449506
0.144473954991
0.206737824684
0.276332388848
0.833659562048
0.00404548271339
0.680563468252
0.226881821292
0.00332184441817
0.146587268081
0.0826597867471
0.882424547483
0.306309180861
0.751537258789
0.871672684371
0.224674961709
0.962742747597
0.822126131797
0.696899196506
0.974035574182
0.961434957814
0.00147374363934
0.424499040054
0.989537960148
0.304621747348
0.970127429694
0.00626876512009
0.353079837172
0.358139116836
0.638992286721
0.71401631726
0.738010028984
0.386237618712
0.103130390887
0.683977712391
0.00445920449046
0.698304703319
0.972232703208
0.384065011781
0.0336875237396
0.107643918651
0.0349530412293
0.399765547462
0.591552913135
0.817659443355
0.0314947610421
0.677547499776
0.870189133058
0.565548456289
0.985382684447
0.971866302908
0.84542280166
0.837007239164
0.456581180593
0.950582763272
0.12531696261
0.0158488363526
0.58999624698
0.418085110224
0.236392982077
0.99126098994
0.243397725065
0.973893824528
0.295882326898
0.658773998377
0.279786464692
0.977025043023
0.608811599655
0.185716629457
0.255875929261
0.456508920162
0.100462535425
0.385806101309
0.14768380066
0.0398937307555
0.00734326134882
0.0984959460129
0.72965400303
0.941247155441
0.223693706638
0.159718834068
0.644347184953
0.959663370553
0.411422349373
0.874420038465
0.844935755953
0.338965012975
0.983087659855
0.501793065125
0.43191927772
0.321924331658
0.251640317477
0.408684808598
0.166997959881
0.899478630747
0.918209372743
0.677646395529
0.518420159235
0.0941277020802
0.125867601178
0.465155183002
0.015088402128
0.702221282416
0.342640972078
0.126074743518
0.796268093113
0.0241635356128
0.0795992716311
0.883194197962
0.271047889224
0.0333410713766
0.719765099371
0.223336777308
0.898846729282
0.211209676098
0.270901537989
0.0874851582747
0.2966070516
0.496194460953
0.891060424538
0.458603317576
0.969322304622
0.856044108624
0.45166621979
0.158633366174
0.964185147969
0.938186462214
0.598475613622
0.684928647431
0.979953782556
0.0401190100037
0.513406090642
0.950404485249
0.040409667187
0.0780425045031
0.648085085636
0.706768379428
0.222806494845
0.657319036224
0.655029069091
0.982472749547
0.270203577904
0.984110434967
0.0310542141118
0.959658302317
0.278287272546
0.29067280033
0.663636321305
0.827984245397
0.152855109626
0.891628578032
0.00775095721352
0.096317022518
0.809409858819
0.71886515941
0.0464788778476
0.89587802535
0.683260850865
0.642391643525
0.673005568634
0.627238055936
0.103366606583
0.960200533462
0.539817667965
0.40137242196
0.995107870752
0.345283297321
0.074884905368
0.822758904368
0.563925340639
0.830541356809
0.245225078486
0.0170540800095
0.357997873964
0.971443961985
0.0466513069636
0.706974044359
0.591264918169
0.760901816971
0.709329211024
0.992982330098
0.668303975123
0.771005253191
0.961429937575
0.881420299009
0.866598678158
0.518494853423
0.70230918064
0.668233426546
0.1506991126
0.783507000604
0.716875894458
0.176005818892
0.947598894929
0.0203621049346
0.503198692604
0.482125123169
0.979928447076
0.354456166959
0.194994839878
0.989732710241
0.854535683598
0.870961428459
0.022611453865
0.45857664293
0.0340708956376
0.785746759045
0.0666555220572
0.866755643609
0.0761783519867
0.956575885631
0.00455748777886
0.0682838934547
0.0792747965206
0.913520302668
0.696427591537
0.473124410701
0.0365205063917
0.200366117696
0.4569874158
0.835363866876
0.890910876328
0.0375757577673
0.0412112289657
0.0649624071671
0.403708326192
0.970910032891
0.993640320548
0.855129114877
0.61317247844
0.938516860461
0.311789214249
0.0187961408445
0.734611546149
0.0961196180461
0.785437092722
0.681919382833
0.0111878453071
0.754097943364
0.0301050886905
0.0430671500717
0.92151938491
0.432838237114
0.387751716537
0.75415712294
0.90406989049
0.310788296548
0.0675818296688
0.607139899501
0.0093325100447
0.117041920527
0.0275121408656
0.895059602593
0.695918413805
0.154610647302
0.915317862615
0.0435044643216
0.649619607702
0.0176923562984
0.753038368012
0.567785808219
0.965131577918
0.630438327469
0.412033731286
0.0330463193927
0.417766209596
0.194787224323
0.952058336613
0.0279656072864
0.246718136216
0.0294651485615
0.203058454143
0.0303810952323
0.393947009158
0.765742345102
0.858647582951
0.187847924708
0.508782967876
0.975906908351
0.448881483861
0.216913101389
0.850369463852
0.0170225263229
0.00442089917913
0.75389489318
0.771068676391
0.756898605654
0.144085416428
0.0478957225715
0.410895206813
0.103165719687
0.581863449084
0.234148619391
0.655680773886
0.100185118011
0.0333182992124
0.306545520335
0.518795960027
0.735594820625
0.519191183756
0.417753048291
0.962437823796
0.00939648659415
0.927797130436
0.895797771776
0.587163327541
0.946284440701
0.167109268916
0.96553470045
0.125587245894
0.985792636673
0.113218800231
0.18476372151
0.205103499259
0.994633282766
0.180978086775
0.38059065
0.764785788369
0.673307205426
0.425788917635
0.00408305436892
0.634035075572
0.202617788471
0.316708304711
0.398908499768
0.94426039985
0.880168116437
0.567553063299
0.489899276751
0.421373947244
0.310220744649
0.0199470101495
0.75764885691
0.202361831802
0.0220889193622
0.325563944228
0.572385980991
0.948519236551
0.962874615375
0.0108365953611
0.953893318645
0.948089238995
0.495757492472
0.946183887274
0.287234747189
0.236565879847
0.0823381775597
0.396760599406
0.431011421411
0.335999126058
0.248095191776
0.826583986817
0.978853082972
0.929259785185
0.927962929867
0.0504081386879
0.301645724016
0.841755096585
0.169498735506
0.74796228174
0.913413661594
0.0275239335516
0.128862486308
0.265533276291
0.626861494968
0.598589754544
0.326063248401
0.873519748775
0.0492984483276
0.146271147106
0.227763363159
0.163529958886
0.926387741036
0.175402887019
0.702544356988
0.44009965595
0.835543742675
0.290556508252
0.0254643779013
0.727880396353
0.376914748278
0.0200532362731
0.295565633407
0.885912756439
0.567553063299
0.797445883711
0.876370427987
0.853160422388
0.877571080454
0.00523283456277
0.647358370642
0.0106378515148
0.79265518525
0.986806884101
0.59281051183
0.723548923237
0.30440793159
0.00200289229165
0.943775951657
0.0630852567822
0.922774993162
0.13338022476
0.194968659341
0.928292767822
0.912976255483
0.668684805399
0.757104967641
0.801793903462
0.116660297569
0.891758706669
0.513752090778
0.986167987053
0.158062436476
0.903867945943
0.081054051545
0.302847803285
0.458762112926
0.797353583655
0.637378019538
0.783948895505
0.109704817719
0.873500683915
0.286064785224
0.0976052240792
0.513612525934
0.505472930795
0.892816209678
0.904332972767
0.100540025242
0.894079387581
0.756058934564
0.117098632772
0.604460585168
0.844040418257
0.949006224809
0.312356940832
0.610317871235
0.044704146388
0.0272992827086
0.138684322374
0.0947836321721
0.586833280237
0.199345440969
0.0251710286251
0.855870533523
0.808917107576
0.0156340857531
0.984261238026
0.11459203398
0.95890296329
0.51099867793
0.152893745769
0.644851052822
0.197181407935
0.813033058166
0.36778266635
0.674283671658
0.874910912923
0.740680371807
0.479204273017
0.00739210123946
0.376784498119
0.785821788435
0.829718292215
0.717961682759
0.321887113179
0.0356528738402
0.453266176373
0.993227073004
0.749482029922
0.986820014131
0.330246623362
0.868147621816
0.0557667477359
0.959218813293
0.826978765457
0.296328999153
0.981539965729
0.854974051207
0.0380355461685
0.522853425666
0.692691474886
0.750749941309
0.349522350958
0.935929291015
0.882105753673
0.00429663309039
0.872777843516
0.705026469666
0.884167674084
0.337515659545
0.564186170577
0.931754909076
0.286030430981
0.0494427644381
0.0536393545349
0.0125731409956
0.0470298747493
0.980752522863
0.989194391104
0.944714246815
0.0179846101277
0.332023346529
0.862621171152
0.94203318975
0.170880117363
0.0490587920873
0.181307235724
0.808166279031
0.255267985519
0.360325651076
0.0188578092577
0.178398986293
0.806655482974
0.953743914499
0.336701393004
0.85580546035
0.137635443109
0.834730382234
0.684010480493
0.00774086590974
0.0112860738096
0.30450121375
0.808204829957
0.0597380781132
0.125983293556
0.0686639827857
0.986657675752
0.00140190013528
0.579961686655
0.048101015985
0.223618603242
0.340560742615
0.950180224329
0.47747773381
0.651619980104
0.602174483752
0.824999819262
0.0575274847279
0.774512183684
0.0419722239309
0.284873966898
0.549975018652
0.0189927038389
0.701004784563
0.937063526037
0.690411199741
0.723399377512
0.381502630082
0.360974491552
0.816179177002
0.558938031659
0.510839737869
0.726138798284
0.0474809825577
0.198582856067
0.728113070936
0.648140265308
0.703081456281
0.534425916102
0.923569796409
0.704586001525
0.0582437433681
0.046627206662
0.985084746616
0.00739429857727
0.91461759278
0.362526850863
0.310091930376
0.850792837359
0.836108244339
0.122229743607
0.0518596185396
0.627068270907
0.980774545452
0.802920548171
0.958715907539
0.140579092572
0.26763777722
0.836164650529
0.560392601982
0.416232631468
0.53836264425
0.111324736888
0.954625026391
0.956088017281
0.978799581447
0.800946159456
0.118082886073
0.985337657471
0.200136464105
0.267411759912
0.523792646451
0.796036798795
0.274258903167
0.945559787819
0.973034870903
0.183538694872
0.48917267374
0.086485503236
0.972314207979
0.995174800619
0.099131057242
0.1150051973
0.528977879736
0.918754571254
0.078972665504
0.812479276896
0.0285703858841
0.110226969048
0.0195282245794
0.81642477789
0.741428079112
0.00903420006429
0.0696423526012
0.454643519179
0.580022533766
0.729916537487
0.289767539951
0.811837662826
0.460847463877
0.844907922431
0.655417036946
0.629679090393
0.913337612056
0.212021177038
0.925907734315
0.0242019281382
0.814465628762
0.90105769061
0.701935722985
0.986467013431
0.542334554452
0.995558602841
0.38933976663
0.94488257199
0.416760637969
0.93170219883
0.406710643065
0.878880016512
0.157567540072
0.986178280114
0.757126456092
0.786452125732
0.870517484853
0.926988115567
0.921173268249
0.84576845683
0.0137385181504
0.337635965716
0.950396579863
0.913832197602
0.27843848458
0.606368344031
0.965801151069
0.521646686061
0.986528759842
0.930551947323
0.428682209026
0.0140438541645
0.776178746942
0.360587245327
0.865854383664
0.158955686524
0.754086520992
0.61285568446
0.948287919065
0.797695358594
0.200929423392
0.961708912018
0.911784558743
0.310452044872
0.546994382614
0.975583790719
0.167579116157
0.285910042952
0.085736606458
0.0723619328645
0.933972135051
0.0609079028167
0.969416354782
0.162630215894
0.59074040748
0.103415340831
0.983082275111
0.606216982101
0.96597939188
0.107609795031
0.444868828908
0.129965767589
0.176703492933
0.171319558078
0.922653045551
0.815642207834
0.546821271126
0.918209372743
0.573561015042
0.843216273411
0.111703209636
0.0532597409005
0.0597779759035
0.0357365592346
0.781962953388
0.057250510288
0.0301414657155
0.0295115557044
0.188397597054
0.973091091845
0.287488643033
0.161785829583
0.0473904635912
0.949482478575
0.4083633236
0.612508946929
0.074163396937
0.0726927430876
0.234655567588
0.654429997192
0.500708321244
0.977366651759
0.561830974371
0.843816155159
0.223880012726
0.613214507268
0.738023608281
0.292454170141
0.955505296341
0.0840836220826
0.00408339067055
0.748900519044
0.836070329353
0.537249319905
0.553185999266
0.926909550081
0.713135824824
0.138079683583
0.922053883675
0.147650803751
0.544458347132
0.0474714437808
0.0220372080464
0.469191277472
0.0132252243746
0.837739463566
0.920288102261
0.765683070116
0.0244011500963
0.938005245433
0.516956126819
0.639129192921
0.0118598060409
0.942973857156
0.73358873643
0.052979668726
0.120262617262
0.37393169599
0.956527968273
0.186807679455
0.0787840638205
0.972239794633
0.0206667318235
0.267621753516
0.331206865595
0.832816731744
0.833659562048
0.626315744405
0.871665723983
0.980338973285
0.0776378010577
0.0169379782722
0.0429989450116
0.177319499838
0.518885201314
0.166314366519
0.179877547374
0.543146622068
0.203471096961
0.607581801737
0.377763917237
0.957910894919
0.358009516246
0.109402923622
0.702703916214
0.52041126228
0.0476713987944
0.341225079979
0.0466882257419
0.212645927555
0.0237297935922
0.196268932311
0.812308697234
0.877845911759
0.385291452426
0.710017448272
0.211345741704
0.446449722055
0.926234985475
0.587092163598
0.574927830249
0.599738396425
0.96207670551
0.0413696286002
0.695632335495
0.0172284057642
0.484470626746
0.848988534693
0.369972257449
0.971943802947
0.676731223236
0.52919954644
0.00662115524453
0.00144655673773
0.291027707839
0.338982773142
0.862530726666
0.2390121374
0.987473191234
0.00729929956978
0.74254869595
0.815507012925
0.786191247001
0.823542835663
0.311187550863
0.0597784450714
0.962296003793
0.885261365318
0.99055426901
0.289296904388
0.220012940677
0.216893523194
0.994174530014
0.137198404819
0.8935111631
0.633397468702
0.193498885473
0.115529643645
0.692620003105
0.0682619982242
0.25854545242
0.794351525803
0.0312944710625
0.936439060183
0.0833397580166
0.962609983663
0.870189133058
0.737616242249
0.0802195215172
0.455351034174
0.92983532405
0.298885247973
0.126163124049
0.562929009884
0.46475056578
0.401018606896
0.0593546012604
0.907136094725
0.75673905691
0.599539841298
0.799971183639
0.984485118273
0.471085771974
0.644099811378
0.69435914575
0.649127372927
0.791966295752
0.473592716836
0.708876855159
0.45760149707
0.744980976877
0.995093489023
0.577912348415
0.382913674956
0.781044640584
0.915830320318
0.261006560506
0.908706617581
0.0506389126814
0.671666267515
0.733404104242
0.801841358175
0.979981211073
0.940814660762
0.99323308335
0.882970497501
0.928812513916
0.883249092471
0.136834396544
0.688043954961
0.956061937296
0.0217703983884
0.138337536659
0.0356002309093
0.259837048512
0.971922372484
0.489920355616
0.737254635857
0.714479506656
0.939781871643
0.0798219053959
0.938494066963
0.983000319037
0.867960265298
0.843098842439
0.15753317808
0.626006344039
0.0662629692642
0.00885066714968
0.11146228761
0.050298104057
0.904126757182
0.780299165882
0.0172508254616
0.0445250604445
0.678834897793
0.313448183934
0.759950713804
0.87085831199
0.990404239273
0.0308905540083
0.951696802937
0.522742544457
0.0147479096474
0.853489346352
0.0350251834461
0.905894087672
0.166949652336
0.742673901449
0.94855257088
0.737717046368
0.420961588118
0.0571852286323
0.0362350723126
0.506807752743
0.11255906985
0.916870059161
0.869321857385
0.480369223614
0.0172591951421
0.0576757501124
0.456204143708
0.227199076564
0.592580758135
0.426241326767
0.154364601787
0.160026660071
0.0314103442772
0.208710097699
0.946728241183
0.548922961639
0.0371664424768
0.993772021461
0.985268420645
0.573064722703
0.0564889469023
0.978928979878
0.77439680838
0.65346063775
0.562600497294
0.215406964812
0.223218777241
0.0581179551167
0.0251210408707
0.785417591381
0.0710063764937
0.514018861351
0.945021383856
0.277806680886
0.588655561212
0.639285645673
0.321481364902
0.21277722501
0.41875029129
0.555826012946
0.206718786683
0.509442024302
0.405187778791
0.556216604871
0.818176569032
0.819832303767
0.379076244372
0.613069477312
0.385005476955
0.580402110099
0.864848017747
0.33297586292
0.249378325425
0.945329160811
0.0147410086456
0.952631020838
0.974673999915
0.167372558953
0.976576424645
0.913977990049
0.845197557824
0.052305723072
0.0594762849355
0.192328061895
0.311755312363
0.0130723912572
0.512626945492
0.217895715598
0.148444637121
0.7698090777
0.570675051355
0.698120205455
0.872416852326
0.759247358734
0.438970182108
0.536318344124
0.0261343426971
0.0594047951227
0.0433241008991
0.958249456471
0.0432814632725
0.0631068608207
0.972021360872
0.646340399202
0.966688962941
0.640768514006
0.311786887021
0.290775098016
0.989439229085
0.900777580128
0.787304236417
0.0131714752476
0.0159540375651
0.841759327423
0.91587434212
0.781265266207
0.779443067247
0.336702323603
0.706117105941
0.427397038138
0.344200090044
0.759560997017
0.22392476714
0.974962357595
0.354456166959
0.839043667449
0.0154946999129
0.989784547497
0.786746132635
0.409834027847
0.240277462167
0.411865373089
0.373971632776
0.705185066039
0.26013652545
0.244635952202
0.435649780851
0.54913303976
0.26220875353
0.0353024309804
0.851293251243
0.985716473094
0.945139465008
0.977777878579
0.958695640021
0.627909597997
0.98140267
0.0616146502917
0.461351494123
0.0360427076818
0.789945554641
0.721663345118
0.536264742174
0.904752892264
0.966477491146
0.978704491055
0.97646887034
0.976810006805
0.993872766955
0.978743556422
0.564719381955
0.297202655073
0.898237136438
0.955298499701
0.0454414733467
0.0387658812216
0.067672598254
0.359374090145
0.883665386664
0.0116481404513
0.016335812609
0.427906702812
0.951917554086
0.372049752251
0.762775792319
0.187597081772
0.365070125774
0.0771536815176
0.131726758383
0.499638900695
0.247404180676
0.709194337075
0.731150463554
0.453600485448
0.304398509435
0.149542990913
0.180346874967
0.266705621233
0.975432356122
0.979279180539
0.499485682863
0.983230361725
0.467908905908
0.396662519194
0.976167181652
0.659864498953
0.076194267511
0.967852960621
0.28537045083
0.234457059384
0.693595409982
0.418365780051
0.158118459092
0.0539328230919
0.321785990865
0.659275598133
0.889238004686
0.949119422329
0.670901921137
0.727908496926
0.264279931191
0.843227070235
0.19349113416
0.135429527836
0.805666053611
0.982268750338
0.0115455860998
0.419064839018
0.536098973204
0.0848430577028
0.913994465494
0.748720623745
0.898235993895
0.472506412449
0.168046059362
0.02577357815
0.0333470039777
0.489206958064
0.19813625957
0.534711369367
0.994861337461
0.944714246815
0.167577727135
0.790197121094
0.890309605776
0.868554393396
0.026653426024
0.904986112054
0.715755912942
0.157182443838
0.456295267222
0.455112439242
0.310292590273
0.644851052822
0.964866341052
0.97260831422
0.14377024865
0.244275824036
0.0289398920835
0.214257859618
0.0786322382273
0.927285444689
0.860271760078
0.967051934711
0.756499576067
0.906755811357
0.96974173631
0.95184759155
0.107946382751
0.0659486370684
0.798733527616
0.901851142781
0.517845705244
0.0154110135774
0.748510873048
0.754764956391
0.826697880863
0.368450574294
0.81526364823
0.708576710801
0.952178319352
0.0406016036086
0.676900806306
0.629032631362
0.975327445713
0.458505611264
0.694340943584
0.983710536384
0.386241196948
0.135130126241
0.305715308879
0.808525950156
0.5480548199
0.945839098332
0.910166577474
0.0506719090891
0.106353449529
0.892713662642
0.191375321069
0.514177666269
0.978857829777
0.657688575864
0.0407276942496
0.853058283707
0.759168309496
0.301030601595
0.996010588764
0.950774625229
0.179696222095
0.56861230109
0.0729983517218
0.984046219789
0.546994382614
0.658771259387
0.438794223283
0.00840017874568
0.699998436258
0.0781109805419
0.89665566574
0.411255711379
0.960198302689
0.716409571621
0.232067624619
0.942981988085
0.847215872762
0.0622673777504
0.375585528163
0.943667534113
0.853535550139
0.00431639672576
0.668033798959
0.987801347725
0.0246615489438
0.564033911601
0.113860894673
0.725798933453
0.911377536386
0.38578957607
0.308066207995
0.822912173887
0.053462687419
0.820417180126
0.714633610981
0.285201245986
0.286409148542
0.8931945494
0.0651527098189
0.965379443232
0.24878972271
0.85475072279
0.254475105348
0.780994136805
0.104264481533
0.898691271407
0.462740501102
0.0113185785764
0.152571277425
0.972098425664
0.884719261443
0.518426249125
0.332511688164
0.640772276853
0.509879778679
0.0277942782342
0.0273116204313
0.373652329927
0.905637896031
0.969404471337
0.892525230419
0.16853386578
0.132084694918
0.1069383776
0.991380161528
0.651818787399
0.142712987204
0.833613367578
0.691190673371
0.961307662937
0.0493426149369
0.272237623973
0.629132317052
0.0291898983621
0.637589754823
0.0926567540374
0.655648196224
0.168488397088
0.525119908008
0.571643196896
0.982017050626
0.391958278287
0.918010794629
0.603910471578
0.103605839323
0.405019169891
0.155083036471
0.652707989843
0.793784847452
0.675151013372
0.265088886089
0.797877600891
0.480527327468
0.0392988938188
0.817192045269
0.416870965236
0.800134484628
0.99213460399
0.00882213292799
0.728808552902
0.92199461111
0.0724387305131
0.762607542009
0.772316205695
0.0647736383473
0.00268054034471
0.14368799023
0.252236479106
0.0985862850971
0.791346133321
0.305567769669
0.0416989574459
0.108059017512
0.205452122216
0.982338563453
0.138435801309
0.86337732191
0.431076720379
0.0393985140085
0.938285273293
0.5204082739
0.0371664424768
0.0616071806897
0.263840782109
0.982704491442
0.714193342914
0.763889547859
0.292916275739
0.29355327846
0.267603191325
0.507880540667
0.0335565134779
0.940853558283
0.0216684017596
0.893672783038
0.578771830941
0.46578536752
0.112879481429
0.0207088325513
0.0158488363526
0.326098395972
0.192049930931
0.234921503263
0.829594060607
0.826438106533
0.767021476659
0.658849245326
0.607113340481
0.33473257147
0.177734940979
0.971343549183
0.204582358742
0.975970755974
0.966160580665
0.325575458009
0.934488470753
0.540647769135
0.53401507837
0.0389671547477
0.031247428612
0.930908196649
0.0225269105649
0.0377382128681
0.388936791558
0.643321265988
0.212428800001
0.303337956402
0.214435703089
0.514560415363
0.0763120719073
0.0957013287379
0.821346992558
0.48820898442
0.448568378352
0.105341153472
0.28043612719
0.514177666269
0.836619954826
0.89110478354
0.266003051769
0.209599306469
0.885987570019
0.0410855894826
0.461955885427
0.61710301422
0.976221439178
0.928968495804
0.89136011791
0.386241196948
0.684973424083
0.923935646294
0.0759468852942
0.513382907968
0.267563075244
0.981297883564
0.280862540527
0.0338412926169
0.522368019897
0.0278693552456
0.941737181894
0.809956403775
0.0238739078389
0.0578613412987
0.141924436524
0.325038891624
0.99503309954
0.0867170107996
0.548137981564
0.985920840103
0.986349253573
0.952548860946
0.192601164642
0.0150725911906
0.887213123164
0.260983168299
0.125810865292
0.927150037414
0.0531060790193
0.957602740873
0.0408424672183
0.492496593198
0.299522227825
0.427954113402
0.0562479176638
0.96706729261
0.979131851506
0.641932094295
0.114116181702
0.0373159482975
0.231007040444
0.07986474612
0.974060652639
0.212374210463
0.174302793123
0.0514410476906
0.882127656923
0.763668746462
0.387527481125
0.879234711961
0.909478862011
0.6184405772
0.140885518685
0.305657209688
0.861239684515
0.289953877294
0.949889884198
0.988562889813
0.96697470182
0.768757824343
0.157553480475
0.942519729292
0.0849745939168
0.312126995151
0.129283977239
0.721558370458
0.349539223118
0.281571253681
0.671897284973
0.0421939816312
0.0260913862692
0.912811838907
0.864307833552
0.863192559826
0.802067269666
0.187879463979
0.721790893841
0.159426103309
0.819131590303
0.75007159361
0.960321889806
0.507428836891
0.369972257449
0.841817290603
0.0192144362988
0.25200772598
0.0527425273196
0.79519268023
0.311981918253
0.92982812168
0.0289051268037
0.877632191718
0.0136439357179
0.00761204974027
0.967962021568
0.648722539657
0.192311087339
0.789855033678
0.183443510232
0.946698699837
0.130005597178
0.902255863751
0.934015816503
0.86700549492
0.840196745332
0.25358015884
0.126334881949
0.0567451693334
0.422089704821
0.0854975741896
0.0462292509837
0.669683480759
0.0380747545446
0.903279937942
0.00887715281052
0.315205691077
0.927576422278
0.694545498028
0.742948562956
0.0338671243965
0.654858170577
0.905858548818
0.6847865372
0.0389188439264
0.948386657163
0.986610262082
0.94160608877
0.782990669271
0.900068653303
0.539988149124
0.367669720903
0.111426498244
0.262321343101
0.359233968355
0.847579047315
0.162783904758
0.977909453408
0.297029862882
0.909212134432
0.951922830505
0.137057950433
0.991756942694
0.0424132234827
0.142382900774
0.789294258532
0.979830852846
0.520922116135
0.871765860836
0.0833828081305
0.312310950682
0.0792080132401
0.102788310133
0.360738562888
0.577922911333
0.391290008598
0.921508074887
0.686110332902
0.0217132020804
0.108004783498
0.912566128535
0.0402521252894
0.988724799002
0.519306285954
0.628889095035
0.0400258828389
0.754414793984
0.688122045253
0.520254392667
0.0762527280078
0.931527511624
0.859231808554
0.181686657845
0.328572980237
0.519318856246
0.901742410427
0.168721984723
0.351209851564
0.800656753422
0.12839670613
0.922520503041
0.529841631012
0.498058147278
0.0751346204438
0.470419196529
0.0941951907688
0.0142586831733
0.360732512844
0.0329393390338
0.0558540521151
0.68938878149
0.234134865002
0.951450199408
0.0611806984365
0.82118995643
0.0188578092577
0.563067652491
0.729679117189
0.110968150764
0.952501966958
0.00839179613504
0.764537918749
0.412819945902
0.45760149707
0.224528521463
0.210281609197
0.829520589319
0.941748725648
0.176183281903
0.878710520931
0.0527651030166
0.498476812105
0.653315189169
0.57655166328
0.273898518142
0.930337869365
0.0269028737385
0.763173628563
0.535336338907
0.435519447743
0.0989179964832
0.204681522104
0.944401882602
0.684229805644
0.206205859754
0.751246665399
0.0703971709461
0.952458352348
0.99503309954
0.452676463257
0.434294487067
0.164783984337
0.952755836568
0.455365020046
0.799747089026
0.242099641736
0.510057900971
0.168488397088
0.626253391244
0.950397786262
0.535769830133
0.847221724051
0.261859742308
0.501794909838
0.0603315780441
0.0773587009567
0.413794704839
0.379872528565
0.363239426975
0.902995108972
0.663575008785
0.899242813919
0.412266984884
0.536566589766
0.60219888782
0.134318305917
0.0267693336233
0.198582856067
0.481879695118
0.0326857498934
0.289514422317
0.763801999159
0.685077838795
0.144635328734
0.296237075304
0.0302685148405
0.540296349971
0.477469596977
0.960096918718
0.217556215098
0.977364585568
0.0621224825317
0.980639965274
0.948377148256
0.500922680389
0.205016510326
0.843585712474
0.172028595795
0.856139919873
0.763889547859
0.859771606619
0.479052936681
0.869686189056
0.926006352379
0.261412247218
0.715488437321
0.901625011594
0.87583250593
0.204469473459
0.761268488767
0.460833017317
0.992043980856
0.608120111374
0.979977505152
0.237540822558
0.0607088612286
0.50833733653
0.155914971802
0.967525852501
0.365159866577
0.508521174643
0.372603316463
0.895073116472
0.94109575756
0.46440611247
0.937275575907
0.623902517411
0.0368555856293
0.645972031886
0.106553895289
0.0147020622137
0.931995338131
0.976937466937
0.945414619337
0.0964719706526
0.611577643592
0.159007506506
0.351468883682
0.525348694193
0.859597262052
0.079439981871
0.183274797114
0.0689196579109
0.0132093145514
0.929185694058
0.964840640209
0.133878516815
0.0389355154619
0.17549650245
0.926686805751
0.351492119255
0.9715023735
0.00861631442362
0.875067309425
0.91005632445
0.178063192296
0.0315342501252
0.898956486819
0.116185616549
0.640175253786
0.974710163611
0.553646742204
0.782397020271
0.980941895518
0.920005502558
0.891395950129
0.223125122807
0.266354127326
0.927705014661
0.602875216374
0.707258358206
0.472280147199
0.447307825651
0.684203805514
0.00209910617513
0.13462560981
0.0376623890185
0.961408417403
0.921442162092
0.555457018194
0.0498413324952
0.192311148502
0.666680502375
0.118793880757
0.461034683616
0.0301414657155
0.888367800893
0.606306432625
0.0975633162373
0.725175645833
0.3317185049
0.978122149463
0.270859765103
0.886359286814
0.769283988427
0.727880396353
0.287026257559
0.66569387417
0.814686874126
0.606317570827
0.0278640692337
0.961995151469
0.846647709975
0.0676006763498
0.186827500144
0.221518791703
0.0552434211873
0.258420761596
0.823424961485
0.336416761703
0.508079055562
0.950587141164
0.468796143273
0.550106220212
0.245840073712
0.752014414657
0.721351668659
0.0758673508976
0.246178090584
0.629347104432
0.0429575175533
0.673153695968
0.704054428667
0.724014782123
0.658204993459
0.483916762223
0.0696677645953
0.422563116893
0.224155713714
0.249300764466
0.621316297667
0.0939069329736
0.496336159461
0.323248427881
0.957129620676
0.0686933860648
0.47920126799
0.935606498954
0.398102329262
0.736779784624
0.128063599898
0.749518248716
0.894378721796
0.749630322168
0.985790359816
0.0539544048421
0.672919159107
0.981603826034
0.909684784762
0.984404090739
0.604575730992
0.924293334692
0.602013202937
0.274445914181
0.324202527186
0.898429840385
0.273704087228
0.0239556036516
0.464890664201
0.4078530373
0.966237906378
0.0161435724348
0.970291112882
0.939916067622
0.265984110613
0.0545190748707
0.472280147199
0.348596363257
0.309884235708
0.020941849317
0.524353120283
0.503488771069
0.884511936556
0.0238142023385
0.865274899831
0.397008193624
0.873845883916
0.0547313425802
0.864707980305
0.0636837794434
0.961714302555
0.560353579275
0.546848040006
0.195484598729
0.52339721739
0.988801183635
0.981713182544
0.22024408779
0.0722834690265
0.258238720648
0.94265923584
0.516733509048
0.95606373633
0.983585569476
0.442757594577
0.894212267523
0.958260002355
0.364844019634
0.232303993561
0.0231032018892
0.147664165816
0.62845309623
0.541456352073
0.710263176618
0.955284991682
0.691670174228
0.993963494596
0.505245383167
0.653842992921
0.973696496464
0.975571296312
0.55246732424
0.974362014043
0.359921266147
0.253368605052
0.163502144964
0.987553441836
0.386586148253
0.163502144964
0.0452842293197
0.467092836134
0.291989228739
0.13227833123
0.638940594291
0.354341907393
0.12148506115
0.83897444049
0.674138893658
0.697541667122
0.944115320839
0.962604568313
0.154131443986
0.0204228674376
0.134702760068
0.904136775104
0.604906618915
0.0224071774165
0.242481741848
0.696746905782
0.0299567851185
0.0121074455381
0.0958174604415
0.855049661619
0.958926222531
0.947446435757
0.200601589182
0.939259253279
0.203859169588
0.973264008212
0.341674893778
0.810914929501
0.381370990296
0.613953183341
0.235283876677
0.914639447872
0.610321666695
0.628745794418
0.29320378442
0.915072454627
0.767891314214
0.694340943584
0.0824951632973
0.927140657418
0.941785377137
0.121712689578
0.173435553072
0.976462406906
0.700077975206
0.521196346115
0.855108419658
0.0121336368828
0.734885098746
0.52090353028
0.152709286408
0.818419325258
0.708415145346
0.97633531581
0.606385766593
0.926460297881
0.94311739733
0.488891076395
0.632393312311
0.966467013349
0.0804809331109
0.925822587037
0.437296191958
0.765309939767
0.263859102988
0.660299415963
0.747342225183
0.0487375363969
0.461538032456
0.149016608121
0.378910554637
0.5479076834
0.125550590152
0.510292629184
0.442961460988
0.00989427959719
0.98710818441
0.267099431613
0.130273904269
0.564559238988
0.197460395016
0.899297274153
0.955234823927
0.779071964048
0.974638617537
0.330245810004
0.00782726348367
0.132380439733
0.0465415768528
0.939156276738
0.56021675613
0.830142105623
0.652140409152
0.0411199284715
0.952269485084
0.902626918293
0.618296568248
0.895546079021
0.0379516237464
0.889145461483
0.269598092456
0.86700549492
0.538325168873
0.609001052468
0.987587250305
0.151116971274
0.174167550187
0.491563775988
0.923407476151
0.524450989562
0.364979253632
0.271816584254
0.966919494024
0.81041583233
0.951497534933
0.0305715941411
0.788534621648
0.0320120898387
0.264655848109
0.125220562516
0.623664966892
0.392482753279
0.0622504832481
0.302397429839
0.519227361824
0.10907818956
0.00871251897547
0.967757041549
0.704388995957
0.682306904445
0.00392598008375
0.899752712019
0.733196986588
0.974391998114
0.93767784259
0.772677562369
0.454217112726
0.955594535141
0.13252289548
0.560507724501
0.0543632014032
0.700024896585
0.0305888072856
0.962874615375
0.133263591267
0.376487070525
0.919281926955
0.0858576686547
0.0470220574804
0.882896149441
0.960391615993
0.530978468232
0.85326252601
0.946989437903
0.812308113112
0.224399077272
0.541346080889
0.418652843241
0.883248369603
0.434319463899
0.62190578348
0.535925549294
0.305593149667
0.713788761959
0.540667113453
0.821806032751
0.413341212659
0.0449509428305
0.909957312785
0.415133477539
0.787657126995
0.936542315638
0.295071593998
0.533473644532
0.752556355705
0.88930401268
0.0585782210355
0.963232345728
0.934014498873
0.94160608877
0.923979566781
0.994042957981
0.376784498119
0.137375159293
0.0726820857761
0.0618074883379
0.988592077505
0.439967195313
0.446160599655
0.33225622571
0.0747227438633
0.0994248441498
0.129639832205
0.0545321927894
0.119871690587
0.951344362677
0.0123802373794
0.307761798368
0.426444984614
0.603094294945
0.0917291744831
0.757189198181
0.0916068352904
0.186245141944
0.102228560846
0.985933683579
0.00990637335104
0.0393157874974
0.370025999787
0.507302975317
0.241340281252
0.0196312694479
0.71464684428
0.244536799059
0.618007392107
0.737648017018
0.925665942267
0.00344930422716
0.579501364165
0.459443118154
0.813330278555
0.0554593943625
0.736431758705
0.146062570567
0.448332500172
0.987037406788
0.0418213567889
0.373672251929
0.577102952969
0.0816145866114
0.269592580903
0.170730625929
0.854725846679
0.49756595184
0.359420631468
0.448762279221
0.188101066215
0.942939744326
0.831125520008
0.045796269563
0.526676481583
0.814797182443
0.834905639182
0.12216603873
0.0554955950585
0.678543841676
0.881741266766
0.0178307226107
0.246744393408
0.953898905655
0.489047581529
0.360318693453
0.0711237979476
0.902742479305
0.96912629469
0.742651874942
0.871477100914
0.0658188451219
0.278594433493
0.174954447792
0.601784068982
0.158410601529
0.420534124456
0.95559717599
0.503635469643
0.290140664318
0.498976214075
0.52766387367
0.743345627155
0.832034148783
0.0321790414842
0.414542114423
0.941064133643
0.149341040656
0.438536960378
0.20678860886
0.653625131585
0.762743507267
0.300731246024
0.548375334814
0.75062827976
0.388710093202
0.0199873940618
0.28643112664
0.538648626518
0.959902821778
0.945499682374
0.0235500404977
0.92220935968
0.268603233151
0.852761003544
0.399760699155
0.65779972306
0.760561478779
0.961805397628
0.77021707365
0.794621156064
0.982943223785
0.721589465243
0.167684480325
0.490014671956
0.15250290848
0.85693269468
0.22060589584
0.0151811448573
0.0691104491964
0.774305300812
0.115874221985
0.884043776964
0.598716611709
0.981297883564
0.366209340417
0.986757696714
0.0100948816132
0.226663568469
0.774512183684
0.446769317436
0.285661237118
0.167781671058
0.472636741065
0.565296887986
0.834014699825
0.774083517869
0.0993747985857
0.041613653723
0.0596353300665
0.765724345041
0.11506569924
0.0916959443446
0.108925666059
0.14684918946
0.0908912198385
0.462548540522
0.0134437690791
0.0118494362464
0.978518060502
0.929940932528
0.314345472509
0.478326938009
0.94255585363
0.130629127997
0.0484321005231
0.0133349105475
0.300843469886
0.0205074637607
0.324720449279
0.716198083013
0.937174347197
0.479938084006
0.755362512215
0.691376165646
0.718180383028
0.155548596109
0.754013070319
0.90332017549
0.828056402973
0.713031345364
0.506403352322
0.104488786642
0.0564902265223
0.283903172777
0.0615396194628
0.951807307212
0.956129492072
0.723647131456
0.0612837335567
0.493744716235
0.465363299302
0.133348999812
0.587316814418
0.577102952969
0.692748551033
0.253651478495
0.991094885496
0.51110938228
0.157808519514
0.0405392529691
0.217516149986
0.409469254694
0.761094288757
0.950180224329
0.813819793374
0.685161571227
0.00976826289273
0.932306796704
0.239006677509
0.144445865588
0.0220047719846
0.120946232105
0.632950585187
0.43826013402
0.203768288239
0.0506389126814
0.0568216506305
0.0376423923524
0.977038804983
0.286309842963
0.0345256783096
0.491311746099
0.00586514075021
0.960566875455
0.0520248300186
0.687427694822
0.911872303892
0.144641238672
0.716045607645
0.950500008755
0.965803487879
0.47457127437
0.789574941592
0.693900333213
0.686638450875
0.274932838064
0.255799325211
0.148325048725
0.0664719305918
0.486153598048
0.244643901766
0.4769372308
0.952156555501
0.443764345188
0.813472335118
0.953391794926
0.163606363818
0.178911663475
0.904124689003
0.00627385883243
0.793504340747
0.304157917568
0.432045528317
0.986610262082
0.91894724167
0.944731892624
0.686546347758
0.550462737692
0.923753634449
0.722173782286
0.486141083559
0.318175727854
0.646025807675
0.760910641203
0.596104413503
0.354456166959
0.270494547698
0.971550667403
0.0155586983705
0.881420299009
0.696346876379
0.95388286806
0.608123672886
0.417642780221
0.00480706574497
0.975070153451
0.819827670229
0.668537133719
0.140279441195
0.0134763786613
0.614160289219
0.0116509328855
0.70055314493
0.0206667318235
0.849891975103
0.125597722233
0.621316169493
0.177949062378
0.408679995663
0.812344331318
0.0146328298947
0.287026257559
0.0729983517218
0.448307244444
0.499195465883
0.984905236378
0.730996872473
0.978060159203
0.844084416951
0.366942316825
0.091474085912
0.0364730923501
0.568904528879
0.573689245711
0.063223018162
0.743781456869
0.200838824065
0.806181138046
0.748288422708
0.38235779617
0.525105829697
0.58077691349
0.949248066796
0.966393224209
0.0984959460129
0.284220058192
0.694505631388
0.342379067405
0.926614708556
0.238865242277
0.785709239778
0.792997204514
0.31716668878
0.543866175076
0.851246066151
0.538290536285
0.399979896553
0.121035185298
0.822918361368
0.419935508481
0.283980683082
0.628553820188
0.873122214919
0.322134510362
0.159916256028
0.642774311621
0.188092426486
0.984301571686
0.42409004362
0.79376896751
0.335684227434
0.7622062353
0.711450874987
0.0787600745563
0.209715988196
0.00404548271339
0.950549796155
0.710263176618
0.858860778812
0.783614508012
0.514566361965
0.140748144322
0.784528156943
0.162502876038
0.184140603117
0.959978596205
0.906041499972
0.854310071223
0.834734041744
0.933972135051
0.760387897177
0.782907848917
0.704311469964
0.0871754991095
0.789244077074
0.857426745273
0.211374863392
0.373887789459
0.822924840347
0.918801779239
0.345260195943
0.889168900396
0.163012234722
0.415769447095
0.621282449701
0.964796973601
0.643670061431
0.365213060359
0.727102448056
0.0389498334307
0.19856407938
0.474758762088
0.090053101624
0.514003790997
0.789294258532
0.492202508471
0.932236025487
0.771509516996
0.191890631925
0.472952463306
0.151751632878
0.486313872451
0.78035297094
0.546848040006
0.574051233067
0.752793200026
0.442961460988
0.101338136388
0.282953108785
0.913915626185
0.740596705585
0.0373866085139
0.363416028641
0.992418680211
0.879069754646
0.365904569132
0.957400329097
0.857342554282
0.974194026592
0.434839145911
0.844097766715
0.905561631942
0.580569005193
0.058358696349
0.981051871097
0.766578941823
0.258510259744
0.933878344452
0.671012109451
0.891060424538
0.992791441921
0.330246623362
0.853308542103
0.25232412101
0.894184486501
0.895036693831
0.0610099478601
0.988294174443
0.148521519326
0.164342031365
0.725258159168
0.95935685748
0.971080009886
0.66848614938
0.933825150686
0.0229718465367
0.982303164813
0.369113213072
0.0566808344184
0.7210860216
0.925752009299
0.092211130765
0.270972600642
0.518064103118
0.916876777544
0.0369528198323
0.970209983714
0.0370915893392
0.6427909242
0.903743127645
0.986126098904
0.645313260091
0.963883107057
0.0180585361327
0.266651674027
0.314383412659
0.0353362343639
0.078456308476
0.44431546736
0.118363724784
0.124659591932
0.902608436141
0.645479481634
0.442441710824
0.559831086919
0.681319736301
0.93056624836
0.655009989264
0.968196470406
0.377622682027
0.764261523842
0.945026467362
0.432460926726
0.676566585328
0.178755963508
0.7858185488
0.586426677982
0.498284008487
0.944100624401
0.644558839688
0.255757062057
0.906433675839
0.271850746499
0.794054246622
0.810904375056
0.00560323464535
0.938486248055
0.647731476283
0.0520248300186
0.713506127067
0.00712813980827
0.0542891616619
0.948519236551
0.975886489512
0.297117205622
0.00643950627419
0.0277238080685
0.122129263421
0.809537019332
0.455112439242
0.541509940924
0.706302298734
0.437719410528
0.737626706361
0.988624572292
0.575495172061
0.391249613851
0.0112092746344
0.821370896765
0.863345029475
0.0130870778824
0.0634151580022
0.80037452461
0.994287474995
0.207394006675
0.0166953265026
0.169998471463
0.457384026291
0.0137804959783
0.0943715809993
0.977710095244
0.690991970398
0.00711329878249
0.805777352312
0.43806066155
0.155539987056
0.46945358735
0.0537807375605
0.613307833716
0.0449005015807
0.130990702332
0.906433675839
0.0284468439281
0.135816840993
0.088702325274
0.898986741844
0.506447859886
0.790923455374
0.112485418358
0.00634986491731
0.996713540521
0.00794414343032
0.825892784614
0.509642233058
0.692303514757
0.819131590303
0.733264884916
0.727237867352
0.842614481726
0.95466202213
0.95388286806
0.972098425664
0.304935865949
0.898224545991
0.986097974995
0.916860158632
0.184327728175
0.626167284793
0.994654377257
0.767100815592
0.889479971633
0.227115656949
0.834215836603
0.0949354161363
0.815686223797
0.0194395386574
0.970529408475
0.0224801509323
0.0894727271735
0.802871063128
0.359374090145
0.908542534231
0.060538929755
0.0183022446964
0.987566188386
0.208016899146
0.495355205674
0.387696762291
0.750053470524
0.170150752072
0.644195695537
0.111845213745
0.0456492132566
0.881752370897
0.791252611912
0.102526826895
0.00331806119325
0.982190674695
0.992342674327
0.713506127067
0.446254480375
0.0456672423144
0.307857844292
0.0274165364956
0.579892699299
0.822812373294
0.163116127817
0.664665880268
0.624336524238
0.29007773098
0.730342616564
0.696323399443
0.971322618967
0.411255711379
0.558776487542
0.931448485752
0.715502185832
0.0294594669049
0.930815429257
0.0478873274744
0.540647769135
0.75293412016
0.101927961967
0.863956575401
0.0313101097473
0.890989896194
0.0485225625849
0.850173334931
0.941038543435
0.0349385427183
0.865458321961
0.0773322580825
0.924713850181
0.566270620611
0.476170615654
0.613289928173
0.249611847299
0.0145195254274
0.0217808905065
0.854212600209
0.0132861265401
0.889629879284
0.419632566004
0.0093135363395
0.130840342103
0.872777843516
0.182387356595
0.45157618624
0.196320839435
0.457541746816
0.690925131451
0.522802317396
0.338510484112