0.160669688918
0.737663069112
0.0554053846202
0.152984387352
0.571140633015
0.213944579327
0.340276010911
0.983697314328
0.0124232421262
0.919225230756
0.0957135335451
0.909771083109
0.785082509041
0.469049207392
0.9337583104
0.786956290048
0.979823218202
0.36726090788
0.870760430096
0.506504004875
0.807610657441
0.0404947665392
0.940431951379
0.71870482937
0.080032937478
0.0279308310623
0.0927808318366
0.363654972481
0.0402197835683
0.714414385947
0.0674671563186
0.962998519635
0.832914792634
0.607918655512
0.766934813946
0.42361669322
0.4608862155
0.170895119057
0.593514777698
0.761195041074
0.692276066625
0.0824841734305
0.139170483065
0.99304782183
0.0750146309196
0.311228089978
0.705957943069
0.0393165505773
0.0632404256333
0.534828622831
0.101386344849
0.0982392754695
0.074837932679
0.321800935806
0.978512498147
0.314340563468
0.227865601704
0.664247980106
0.0426597058054
0.988916212643
0.215683887558
0.493244636742
0.0416516014165
0.566163788709
0.763147893585
0.141657347189
0.436276272526
0.195984595898
0.406732086884
0.434941453613
0.870241928719
0.291113993607
0.319492641339
0.856931828619
0.852261510801
0.851915868383
0.348872060671
0.558011852256
0.482820551404
0.00559506743312
0.20445811604
0.0257059002599
0.177576520571
0.641953820773
0.442586693885
0.327142898625
0.618012697252
0.234225708084
0.924281325664
0.666980782992
0.112684000545
0.0172533463617
0.928814268495
0.895952528139
0.207126635866
0.194433641711
0.93582638095
0.648339050486
0.635816146965
0.723968606284
0.426988658536
0.901480482907
0.955511008283
0.55387571979
0.482151271898
0.38775821985
0.172758015324
0.659469734232
0.232436085477
0.944378036964
0.309539094776
0.376939210079
0.923146570596
0.351652659735
0.960986153532
0.903938223527
0.76103339508
0.977883936382
0.96560307929
0.924683068073
0.909842269858
0.915525085158
0.0139793201857
0.864144330215
0.735277992183
0.967182124407
0.701571788761
0.0229998639704
0.718185006662
0.878634315512
0.70266380691
0.18537871943
0.0822642124648
0.892571980719
0.0552224490521
0.769243381807
0.978827470075
0.291877794921
0.840728985889
0.169260597899
0.960379328457
0.917455621476
0.835978183869
0.936339488274
0.262210773005
0.00648027719502
0.052952504045
0.0218777219175
0.214916861864
0.881024980503
0.151204693621
0.0972401247872
0.98359701612
0.948510174265
0.620726747847
0.0646433093172
0.677598157269
0.990673910604
0.594094987934
0.389887603069
0.805848378817
0.413838672818
0.761563512588
0.205861821402
0.665467571893
0.39620911068
0.966412388197
0.928597269956
0.112394267548
0.0560362319071
0.597338533925
0.30437153746
0.0675908036758
0.798053290912
0.295861127346
0.0909042167234
0.502131870144
0.989112338464
0.540486316976
0.964797234421
0.717008160774
0.418119987605
0.824041518362
0.577881964183
0.413220562078
0.839728963068
0.372581392347
0.0468451009691
0.392026954316
0.958405672048
0.815087930322
0.781790185924
0.0121067502575
0.744928308539
0.938255678621
0.961494162632
0.625072093791
0.981466451538
0.917964324609
0.786275282929
0.58624317205
0.949119679156
0.258788855588
0.0994522695416
0.973875524538
0.0518342067103
0.0346319763564
0.927665875571
0.00240557074364
0.0349630249668
0.977678640956
0.799824996059
0.697895806304
0.798408316795
0.973565155765
0.482820551404
0.865965923727
0.973222413067
0.914892460104
0.0399340481394
0.841417750329
0.869880402677
0.528304473732
0.0612327019603
0.228273800091
0.796963657177
0.986043674082
0.00593186712788
0.880292823754
0.384977946758
0.0119120652458
0.12559262082
0.10139951447
0.887420873618
0.881045725766
0.693200136357
0.0292950747815
0.531091223283
0.452728063775
0.567795819432
0.979189993394
0.442504612145
0.431510109436
0.865870342174
0.00676969917537
0.711747843356
0.00418456593437
0.962682240147
0.973951049842
0.453182347922
0.980119724987
0.975374727334
0.530409093556
0.475367363604
0.039114065093
0.0402901525904
0.221226511889
0.134542791854
0.448983143502
0.826744751859
0.0505648566239
0.978631825793
0.662881183793
0.925726893872
0.815075987904
0.219784969673
0.854777381383
0.366974570011
0.680955522749
0.804339888523
0.611080729699
0.967097775438
0.726951175616
0.0496875525722
0.913568641562
0.200565146969
0.971934340873
0.919589786138
0.534493150457
0.207402748953
0.234312436234
0.806994036075
0.930478795532
0.755576108554
0.435463332506
0.639976706331
0.68851592608
0.957278345454
0.823154866074
0.122464319875
0.932536830035
0.824204494874
0.733278185742
0.0501627614471
0.966388518077
0.363016701516
0.932761388149
0.957405936037
0.935439397686
0.739168434
0.00570738940998
0.442586693885
0.492097518306
0.200130584887
0.914635804532
0.140212539797
0.00445804808634
0.561117613081
0.740104644575
0.058022373438
0.329027172667
0.225868842882
0.38268156799
0.744419575816
0.710624573216
0.841161506527
0.971781065715
0.209576563735
0.570376368339
0.719275127595
0.583138173769
0.749002500922
0.00978179761968
0.917808186227
0.962320496333
0.0628246582795
0.214920111573
0.52538662584
0.95157599619
0.436276272526
0.258301125765
0.0750146309196
0.936782332951
0.0206014169167
0.832470243671
0.930216985361
0.531927882699
0.71553011955
0.742363810952
0.926428459023
0.973918612029
0.814497332362
0.883912495621
0.0243241211547
0.493186860373
0.113493777675
0.892255360682
0.492013848308
0.490579075342
0.0333549469973
0.612288698197
0.313472067244
0.797579356436
0.0083942642082
0.385173274741
0.861382897287
0.854191510597
0.720485320231
0.0535170801026
0.987910458291
0.277403821874
0.883578011755
0.796648798894
0.145290385916
0.859162267905
0.0419037892757
0.0130376791008
0.482485884192
0.917966642884
0.904396997499
0.0619373221336
0.13998671227
0.682473276543
0.281357249684
0.551826457523
0.935323436751
0.830335763353
0.635530181234
0.120253383146
0.649088657084
0.0262343297797
0.611214597744
0.953845508604
0.486057417922
0.0403431783967
0.436708229662
0.236435052932
0.452873057482
0.616189228004
0.932769882499
0.701329734943
0.0876894747661
0.0362318576441
0.0312684167788
0.324185273739
0.398617024477
0.282559955185
0.408369151012
0.714868031362
0.0047924779123
0.831571868971
0.428326996105
0.0849312024988
0.0504682700808
0.779875731783
0.983519932261
0.705233308696
0.978540311672
0.584046443262
0.0156127299047
0.015661501879
0.517310503649
0.77399513853
0.719913733184
0.474184769362
0.0196840725979
0.877720400525
0.0213761877383
0.946178068484
0.916076376274
0.120108243054
0.375918891618
0.951129283769
0.0635621700779
0.00378534471888
0.188230244188
0.205431232244
0.516326293274
0.844616000352
0.628414727565
0.0393837953952
0.186584791392
0.841646266016
0.0595185018828
0.54772332266
0.938545425311
0.681251221385
0.485807225265
0.197179315918
0.863900109222
0.485527476429
0.703571339434
0.0736958262717
0.446002906447
0.767675682437
0.939093172515
0.107056860344
0.631738557858
0.289852749024
0.601673408355
0.330140757871
0.720026481107
0.898466626141
0.774487117599
0.943493994818
0.0893262111801
0.0915761972691
0.235126467626
0.038956408462
0.0821117499306
0.650762597497
0.904215890859
0.0537696342423
0.410289919616
0.00561811121646
0.0842052041808
0.116273291109
0.449964688556
0.761676307611
0.941757295541
0.726627614745
0.964808711363
0.755230056631
0.0630501530875
0.31843745809
0.00905912993486
0.85620666187
0.796860723988
0.90469805905
0.932761388149
0.761159123814
0.988553665081
0.0847744396179
0.920454125064
0.509251494014
0.0864416824633
0.0490149854422
0.291130018737
0.935422694227
0.587754277604
0.0394359643695
0.0121962323996
0.979041922454
0.338892193181
0.904609892118
0.867412436334
0.601345239797
0.8099589467
0.856314276065
0.692087263539
0.516877654937
0.138176428473
0.493903723773
0.87939455847
0.977032797495
0.65129070759
0.0644659343644
0.9379805827
0.00913919718026
0.0227083736811
0.363872459861
0.271815203061
0.0532633381186
0.288544041994
0.0238035040656
0.0142925466616
0.00723788559083
0.914465982908
0.985696979898
0.461830179979
0.563003600058
0.503464023297
0.89694173025
0.820510885005
0.474262720586
0.677762036973
0.577728956032
0.635296165542
0.797019489637
0.0880988684914
0.97057334041
0.821097781529
0.70093068306
0.7275016903
0.0177529808754
0.964758127285
0.782236489555
0.180002236529
0.0887330699208
0.0853867684732
0.0214652988876
0.822860122223
0.294874526659
0.919591538775
0.828694799053
0.108227046197
0.482293076436
0.174876326451
0.893571772276
0.00489062013597
0.306619995697
0.0317840397208
0.487720071958
0.788980311639
0.939823236176
0.00676969917537
0.935390031031
0.900939240572
0.935273633739
0.302264062225
0.872755918152
0.107164001847
0.818117123465
0.442456292989
0.733278185742
0.0770607974064
0.909043166704
0.298498950766
0.00554467256352
0.214045333398
0.933359902038
0.333385938015
0.955353313617
0.0486193527587
0.98523051444
0.0359747102839
0.00219049208001
0.616106581534
0.0043687926159
0.856385769409
0.959510895282
0.893645968495
0.141001168558
0.360199967887
0.300565735741
0.851621625068
0.441868193535
0.03106140966
0.0350681842256
0.29550281645
0.661111870193
0.556575812234
0.354455602295
0.495746349838
0.853908731024
0.189499846317
0.623369370747
0.934835722569
0.0354658808617
0.618239179006
0.635161280598
0.891397931317
0.497769450353
0.950147882893
0.0119777432207
0.356005222949
0.3268784519
0.0503913354956
0.0563732433311
0.883008463942
0.800224260454
0.0105225103122
0.40343225488
0.19070861049
0.727175515154
0.699196665357
0.0295795227108
0.0137350007173
0.39202955905
0.924240164127
0.927665875571
0.0365985789096
0.890277994988
0.813916549051
0.00350621286048
0.621776442648
0.989484268316
0.16236361837
0.19976645535
0.901661595769
0.612575725273
0.975690176148
0.0695213152993
0.201652558093
0.715047269683
0.657472742308
0.0908410341848
0.703821110983
0.990863085994
0.0159638797497
0.801285519268
0.766994421323
0.0867878149719
0.355807681877
0.959043641724
0.92967078135
0.559536649234
0.317918937748
0.907725298024
0.887097091691
0.948080164803
0.352410364459
0.456652998098
0.0900914022171
0.0569243683089
0.95272633146
0.444325675208
0.207716098118
0.00274436139525
0.794069983581
0.150710471655
0.502022730676
0.940016949589
0.574605474942
0.588451078852
0.00968768748297
0.0807570509518
0.436677727625
0.734818949048
0.990319782361
0.896111194871
0.0061221382202
0.188107012289
0.521629845302
0.43775074035
0.0364768288494
0.450214253737
0.01223846371
0.589569250746
0.969594884206
0.634070212498
0.494564898757
0.768741969161
0.779360902154
0.933705429959
0.062472324803
0.435799310834
0.099967172966
0.490390842451
0.308189368071
0.993788617347
0.0212209746831
0.841132865745
0.674280043705
0.575601041766
0.7421234501
0.870156845192
0.904148181259
0.0539837693461
0.807368593408
0.564156965605
0.0739614057488
0.444891174323
0.528306605043
0.706594860852
0.136569991664
0.068965466921
0.173882218191
0.94646383093
0.816240418179
0.449455330483
0.0124669325887
0.51607874072
0.771950357575
0.0592361375004
0.361113590322
0.966766464664
0.974064212568
0.0617402566372
0.540238682602
0.615018597043
0.314695223631
0.233239560034
0.0217275034056
0.641910303993
0.976687164032
0.116696705912
0.192058517616
0.405100558804
0.318556821679
0.715557538592
0.561279932322
0.76464212698
0.916044842042
0.73212118808
0.770656929789
0.238047410599
0.0398589799524
0.0402413788429
0.0514203617966
0.777677505741
0.981320157675
0.103483726377
0.976308556147
0.661133728354
0.964034949808
0.248233169095
0.0719308961094
0.896477617198
0.610616576926
0.0997096039775
0.730046157178
0.0144677327254
0.444337945784
0.0975321276396
0.828428443994
0.428062791493
0.228952724076
0.794506042542
0.943340844018
0.707387572908
0.707004864033
0.600733221582
0.16421642693
0.0637823845231
0.531092883487
0.180252297862
0.21456825297
0.866553192803
0.906780909035
0.516607830556
0.133989209749
0.0819722944283
0.532797106088
0.056110030954
0.496486154695
0.136743827735
0.967577727749
0.00742224083758
0.0347248361523
0.952512377597
0.980014022892
0.622505987816
0.48475815592
0.615783259177
0.56156724314
0.714051498559
0.0946639099863
0.251631961353
0.961111466112
0.693607065299
0.728636588007
0.10703483222
0.335678623407
0.777079344155
0.978677196481
0.122569137927
0.0257313275913
0.0413754179903
0.0459414452024
0.919948684478
0.768667706762
0.0305372359766
0.828067417232
0.385198550341
0.498470397654
0.210771843558
0.863401024346
0.590993758825
0.559505453078
0.492725646171
0.877765375056
0.515806505555
0.932280956543
0.943683950279
0.235089543785
0.844690928738
0.962600105061
0.0421906505078
0.198943085424
0.217197203315
0.181677277901
0.965797580651
0.0256593456169
0.328254182856
0.00622741600043
0.624529085576
0.809814335021
0.207716098118
0.82481096886
0.0569767498783
0.884080460183
0.980359531832
0.977151593772
0.174948464112
0.576142761949
0.932586661216
0.817467129267
0.0186183186
0.539927559055
0.209923898601
0.233209967374
0.0174858157949
0.155739631304
0.958489169701
0.977431637543
0.594958114815
0.00627432134839
0.485127955741
0.614659827779
0.639957314176
0.964063622192
0.963355346819
0.946572305576
0.60558789669
0.595918333303
0.854941989784
0.905872561252
0.8365070782
0.703734944055
0.922178674265
0.453148837796
0.342074443149
0.0131357019659
0.63748323565
0.0139644651514
0.661162884242
0.934893660023
0.887211858571
0.315420611758
0.900781281445
0.00727801428012
0.452114077091
0.944177682592
0.0617692086401
0.987909380337
0.988135375058
0.0587083882923
0.94471708098
0.811119471675
0.844601109991
0.882972892753
0.975733370278
0.145054243572
0.988425623702
0.200963760058
0.277480599163
0.124466500872
0.947646448999
0.135768396769
0.794576780739
0.550342590988
0.862439446661
0.011008448474
0.777289503399
0.0929527016334
0.199109094199
0.0178826541066
0.0528946621966
0.0277368670573
0.387384846127
0.915911114626
0.911546936826
0.642038332964
0.208282465499
0.605865404408
0.534051126751
0.162619352589
0.76021775922
0.981782933561
0.639736920243
0.680669832835
0.868146673717
0.0172823593516
0.0887166391908
0.245791327108
0.256490439143
0.271129058865
0.808085689071
0.67508202668
0.878790640923
0.022386103999
0.107002586454
0.140501835617
0.0434838192883
0.0767689126805
0.578680382477
0.913325833858
0.0385141259936
0.606690764997
0.0832832647183
0.158893845304
0.277105503095
0.668078832136
0.763718356824
0.190157792172
0.767381960993
0.0535170801026
0.929546525874
0.121158228509
0.013422449574
0.974941467294
0.282108218468
0.00322068634714
0.506102442961
0.343963107413
0.313932032739
0.131304605021
0.0328741741264
0.392467494575
0.140501835617
0.760146905813
0.462652644037
0.534051126751
0.0287657313415
0.887231522685
0.738584714861
0.0175773752715
0.82637665284
0.519303855252
0.97607435661
0.55266643594
0.962937499804
0.0627632145886
0.795094647498
0.892398539538
0.910605400711
0.769180159063
0.200430564107
0.815551088887
0.764012835889
0.553416759575
0.441734856449
0.827029768233
0.362377502534
0.137471353556
0.205109940664
0.18094456949
0.917442223804
0.950155132629
0.869898525656
0.144786134714
0.12586267669
0.665954826085
0.979577293248
0.021176092336
0.530375504851
0.277480599163
0.930361529876
0.630649458525
0.664162614799
0.774477159066
0.852455305586
0.0745527917939
0.119765348222
0.741957670003
0.92838399934
0.720659456347
0.634257736911
0.453930873111
0.96709812325
0.0255037409802
0.983255275841
0.404759269455
0.914484838603
0.674259936171
0.423179144448
0.977675370815
0.962785286723
0.796638848453
0.983030904001
0.450981459813
0.159403556973
0.587043896817
0.0396037969434
0.969591076768
0.0195051914864
0.702325167765
0.912762498175
0.395378973154
0.36082668331
0.157993363606
0.570755546975
0.215468288513
0.875041475962
0.189923967873
0.0325177914551
0.028399074606
0.0624460187711
0.611080729699
0.0362055094404
0.732784160214
0.958219028486
0.745639665263
0.967862700103
0.0836717013659
0.732896558925
0.754773406231
0.385983927483
0.517872012331
0.263731528356
0.919731641544
0.859913827809
0.230192831683
0.537813812695
0.752164071275
0.106392634173
0.173438364119
0.93314511121
0.820925581245
0.953019330901
0.40067684653
0.113926086385
0.433843479079
0.0432109326142
0.620093929623
0.267628450795
0.936573576534
0.00097263187343
0.953829995959
0.778558841343
0.0850050349719
0.830815963355
0.852568506693
0.242399850447
0.765861085785
0.704917015469
0.610502446461
0.907138487492
0.632101248285
0.955181195196
0.931719602871
0.0727349052312
0.0603071837231
0.60782443512
0.519987762505
0.674913226614
0.28725365149
0.0153050570308
0.0175219304947
0.979662177977
0.0752384662749
0.252537439671
0.00931561105477
0.115146605089
0.480485662783
0.0201482550785
0.329064713097
0.0580567993765
0.985064415328
0.489289204992
0.705450380379
0.612247054622
0.809629039596
0.0174858157949
0.95787447262
0.623629359932
0.954191224502
0.955739548203
0.992845605865
0.797547624348
0.408793683129
0.650861390364
0.988707093262
0.727633536271
0.0637217504291
0.860066431993
0.0238209155053
0.233722563544
0.393472825438
0.116171629879
0.903476345478
0.0559296834737
0.553927276095
0.144639564583
0.659394906623
0.00698653849647
0.338892193181
0.118836973807
0.284211332041
0.874216692945
0.534203631768
0.0162871637053
0.786336715403
0.439880623776
0.473448083786
0.66298761207
0.299496914162
0.0178064265565
0.302848563928
0.157993363606
0.854941989784
0.0941193052088
0.961253341728
0.548397541354
0.0323469480731
0.261510625213
0.881175984946
0.886508111454
0.207126635866
0.845258783971
0.443984783449
0.241738842973
0.0370167080676
0.988238447959
0.940165294696
0.926735319436
0.381917967488
0.483500728814
0.367151533271
0.174285524278
0.475551116505
0.720547702807
0.41247233451
0.727012437186
0.808321795813
0.12106897728
0.314352106621
0.592905762027
0.923204590394
0.0708459331014
0.642628313424
0.281503146451
0.375028021334
0.936984957211
0.00328023196751
0.0258604089415
0.743946054692
0.307599721907
0.0448409489226
0.37801195845
0.091677846669
0.075391815569
0.162060060797
0.949589246991
0.301751048736
0.731940033647
0.00289850562039
0.238957855653
0.856973342062
0.906965066886
0.118890914025
0.982780236979
0.619042185293
0.688262957034
0.0651382252451
0.19970643462
0.0382031063121
0.910058740068
0.0380864686901
0.280003925958
0.557246343305
0.949051031525
0.982080115637
0.806652380894
0.891578060787
0.315297748507
0.852714353282
0.905309506598
0.677598157269
0.426109932879
0.0560632933247
0.962318526904
0.96094723828
0.973627508781
0.321572169818
0.460520139451
0.0194642405902
0.321976593185
0.623286902435
0.157601502726
0.304596902822
0.326082622181
0.0698833434737
0.554360583559
0.280709195194
0.954415089168
0.234984409194
0.950311164815
0.969640293126
0.859851471352
0.878849837627
0.838280267797
0.0299067986421
0.356730650982
0.931008218554
0.688535029342
0.119547629506
0.547899474671
0.978443074228
0.652204294987
0.512013194787
0.820381538403
0.547957067872
0.657705040487
0.679056999989
0.0300476677924
0.477047772955
0.00440448026631
0.293912699023
0.0216490932046
0.0109187867381
0.0583324819966
0.710884225349
0.510524447204
0.629331787853
0.711439440105
0.648745777342
0.959844559382
0.856313216996
0.456362358478
0.294874526659
0.307393519004
0.881730328492
0.194211685639
0.947124839012
0.979739620366
0.992549261104
0.735670327141
0.352592256724
0.955456961826
0.129335298858
0.610271339701
0.233329777343
0.454467767175
0.2062049927
0.983229734591
0.556629088701
0.909961623022
0.952946107309
0.435625467159
0.881837735255
0.798976700383
0.581655249385
0.0881839745459
0.12935693845
0.73347763283
0.508755369093
0.767086438947
0.655532848917
0.0412778828271
0.168668176347
0.9733843093
0.243178656067
0.453847322155
0.923809940833
0.431107643047
0.995395882752
0.242413269529
0.189064468431
0.956383043776
0.125087250909
0.060787590429
0.281253039148
0.960421459755
0.956028985589
0.109822961673
0.202290412371
0.221777958588
0.959294187304
0.0295586907132
0.00820871710189
0.683547986254
0.633134340854
0.695312118057
0.725478079935
0.728348748321
0.0342755362299
0.642039358
0.116979332753
0.566561492815
0.0123481247245
0.0687280827111
0.655870980211
0.0341303298253
0.894831885938
0.965347685098
0.765997211492
0.951410226259
0.977461465186
0.877094199224
0.683221915532
0.14564794262
0.233278015998
0.0988849637632
0.917907080671
0.0441789333686
0.0999941953346
0.0543293646892
0.752644000526
0.00852642192951
0.981466451538
0.782217346755
0.968762468481
0.974589804589
0.0306146123018
0.745389255201
0.0371708834821
0.289908435482
0.636168714801
0.0163591456113
0.312928560969
0.0678777570805
0.0506200478329
0.97087745818
0.697704980878
0.0330090434776
0.390739620459
0.330314461768
0.988953078719
0.354987982536
0.178074053697
0.67810139767
0.848040558007
0.147493091292
0.478592210789
0.0652305228629
0.849113495281
0.259195001204
0.710633030395
0.960600904199
0.849538231841
0.949213433447
0.428322779854
0.884487515539
0.39614193706
0.769176098954
0.0285950331429
0.0752384662749
0.96628850732
0.241583184542
0.080032937478
0.688321920195
0.604287385321
0.885688355431
0.891544486812
0.0592999438344
0.947046738445
0.744714784227
0.174558497315
0.344226616414
0.442538021034
0.508368921118
0.0961714006802
0.0293974933039
0.482465400392
0.219888007185
0.672441021838
0.971992405556
0.424067613976
0.00266384325935
0.754362407357
0.960823090024
0.492887212256
0.379630065438
0.927663379942
0.28337275969
0.288148424976
0.99114482485
0.407040603477
0.158280728223
0.65085349665
0.666138589266
0.11406446402
0.792331607969
0.857222509723
0.971924717961
0.149393067465
0.193145882403
0.934570407576
0.946370788287
0.00697641235553
0.058022373438
0.020081167151
0.373611510273
0.987898377304
0.965369823825
0.303107818747
0.68450060701
0.390309706628
0.481729447667
0.0345008352136
0.0104406102892
0.505191387122
0.97684996591
0.47859789838
0.785508912646
0.00441740706023
0.887492415409
0.803080106776
0.912409466486
0.902529801817
0.0579470079446
0.284785607058
0.916733084405
0.774844740669
0.37896195243
0.719081187882
0.922633634415
0.57123809753
0.752283539036
0.284199139247
0.946063341247
0.307358232732
0.975308712355
0.989785181959
0.881506719069
0.367430394444
0.283802840329
0.343244936293
0.0448073443506
0.614233287563
0.79209257063
0.197422645486
0.168543400792
0.812006345728
0.602439545319
0.817142861718
0.0690859774429
0.163395455384
0.556294227318
0.604033001434
0.53927018797
0.517727228788
0.0101952030662
0.903869958343
0.411407403692
0.304660382268
0.957506620494
0.912769789574
0.492565078125
0.121849654122
0.467210329229
0.702694969112
0.982011565047
0.79699632689
0.0532196149201
0.891480576823
0.819001822741
0.860620551199
0.789912757957
0.985789559877
0.0706773269639
0.963133232135
0.105966001335
0.0656130306658
0.97832236572
0.810111776703
0.805091453848
0.741395222815
0.582234077228
0.514482673023
0.81635285986
0.79520750233
0.0695019102028
0.794345716944
0.963664568042
0.12048071874
0.959233463818
0.35053035245
0.16370788141
0.1971356639
0.893839310843
0.963315089052
0.67372414544
0.385677243436
0.959849444189
0.992638591834
0.255898825516
0.885198877491
0.0705167891568
0.932126834129
0.935846798773
0.359590420573
0.919100840451
0.504044296491
0.394659594443
0.588030984082
0.398428966705
0.891423538324
0.228276876559
0.73796808974
0.97710253274
0.388114181431
0.641667095617
0.624898069513
0.0168514340647
0.508128750759
0.948360194597
0.683932726859
0.66180205446
0.711826173532
0.463272786356
0.150884031582
0.908986044291
0.239029468804
0.00530559970779
0.506955940671
0.96905280806
0.209874238839
0.839125154533
0.040708467919
0.0411414333508
0.925790506857
0.963392872216
0.619424207666
0.551494016461
0.335952768658
0.593284120904
0.046006505975
0.75811611972
0.0854459528442
0.980986255087
0.722438088373
0.297883751641
0.0338001714948
0.058666269522
0.987635004805
0.676577981216
0.245824751125
0.823326015357
0.0295040622627
0.342657451711
0.590979599448
0.265729384966
0.0545342156511
0.974054573604
0.958113075509
0.00857756791177
0.852915115587
0.772097748795
0.00989460376192
0.697017322439
0.584445001553
0.892745757406
0.576732045339
0.0324755885848
0.277603456003
0.403022574401
0.157146781113
0.20652917073
0.838890025674
0.885474415427
0.0121577840277
0.16479235405
0.0088541209045
0.827029768233
0.423741964545
0.594437342869
0.837085855821
0.39403225606
0.87620538064
0.858554495378
0.831734090663
0.092526699895
0.699699523424
0.788639326085
0.398606294085
0.202809191506
0.522738917362
0.0449821592357
0.926850197197
0.511456261071
0.950701562405
0.0628012576519
0.0142572932451
0.718318588169
0.677529761554
0.00423363191508
0.842676097512
0.591230227564
0.811048819327
0.00570335900453
0.89385337334
0.0236613093824
0.414096684735
0.907170665068
0.713704503681
0.936327436078
0.310752553905
0.853177172405
0.0865619642606
0.154949476718
0.43144629234
0.470387699555
0.979804836661
0.243675066615
0.968540679108
0.0380634530225
0.765781308059
0.91562367577
0.554695536595
0.315835370917
0.139976268414
0.987627703706
0.678985750035
0.0629570801957
0.826406446023
0.0436860244782
0.768161723957
0.981943915099
0.981974623669
0.361849078698
0.704438350964
0.73079201394
0.960909478145
0.792808005224
0.986818751852
0.469539811257
0.141405846294
0.056465572507
0.987958212379
0.470305343308
0.586510487688
0.91612464411
0.921256352196
0.633231148152
0.662022544784
0.0833784365291
0.0690082953202
0.729386883394
0.980082761508
0.014595092181
0.948264403026
0.937358369415
0.486674428496
0.0762051291556
0.0872073644444
0.107893036945
0.432948433849
0.769092060701
0.96497856196
0.450041574535
0.305897655167
0.75492660044
0.205098941502
0.391907216851
0.821918043918
0.858040302875
0.0421787146781
0.658376918685
0.909545760714
0.724268019188
0.47749761985
0.122569137927
0.800081073425
0.802116586431
0.0450012249414
0.604694556327
0.0241023499544
0.938590392293
0.225589874413
0.967758206846
0.353851190491
0.561776852541
0.445551517112
0.036568086639
0.46567645347
0.861536870902
0.655206037288
0.794487407251
0.200537381033
0.824381750693
0.916732476949
0.148616134126
0.383295492887
0.0337393836731
0.587484102996
0.64538276601
0.0755291943939
0.894277279207
0.10856912303
0.35322765141
0.930361529876
0.662405633261
0.942200765526
0.884081604772
0.744935287593
0.625954084853
0.956387799723
0.282023230511
0.00754814345477
0.0311058819502
0.0332279759049
0.221282351886
0.859018133105
0.40162659069
0.794345716944
0.744928308539
0.537200529282
0.0181803416085
0.0353723507712
0.0236669842435
0.241927337437
0.584354286818
0.922716397005
0.756502362099
0.537051949702
0.16684138648
0.24129285787
0.706887761071
0.675390075844
0.841704107572
0.327421656922
0.678435615231
0.957659413745
0.781447551486
0.750933730835
0.254287691815
0.254373324931
0.735441874638
0.386052380939
0.825651571694
0.679590885635
0.203235418612
0.83449274363
0.929649388629
0.175786182707
0.290252756313
0.552013256407
0.578728437005
0.836910630574
0.427010308267
0.0088541209045
0.245303166675
0.926096232242
0.314686252582
0.948441675535
0.591394620148
0.0301522708299
0.768345709527
0.236323493129
0.283076884958
0.630272097245
0.981324321885
0.51607874072
0.296026172186
0.221927926529
0.891465911785
0.00414477760306
0.237406121378
0.584181196767
0.996962301325
0.00670954974638
0.0166879139107
0.121190464733
0.211868107101
0.920779662936
0.457168348825
0.598055289952
0.279690377783
0.65359342187
0.954425862461
0.0671215073358
0.975330508185
0.989112898209
0.854073068227
0.312947775623
0.016516685153
0.293292304446
0.182743467966
0.979121335761
0.861486541944
0.996093086416
0.41560819795
0.667424405929
0.833615624754
0.905581037751
0.969979239035
0.0817932790649
0.577956913583
0.918001221613
0.225136120884
0.856075751181
0.00649351665155
0.115810890032
0.077113812871
0.854034375679
0.437712627404
0.964808711363
0.932488623695
0.556839048254
0.138358899385
0.739415957004
0.716530971783
0.956762086354
0.964034949808
0.366485275596
0.262331481846
0.359483976096
0.0296403167862
0.279978864198
0.797847375358
0.244108842195
0.0309389327763
0.891776533104
0.958937406188
0.313279102352
0.0544647161413
0.834378590033
0.959477674724
0.00148458371967
0.932706087133
0.0529685719409
0.950519860964
0.00713835803233
0.367089001104
0.0355527391465
0.0618256379351
0.86165267951
0.169105099931
0.76249522651
0.0943913870003
0.57412607567
0.0210046039466
0.393239008387
0.0326170464257
0.400240121887
0.145449408943
0.963517842578
0.938119890775
0.602940434822
0.92530095412
0.399276201029
0.972257672338
0.249721115194
0.103133898053
0.0266611993248
0.96005716923
0.261174580049
0.867761152018
0.224962398569
0.435580700071
0.255285874445
0.93050939822
0.157498872438
0.602932709224
0.0373323571385
0.0161947460771
0.265469504662
0.583674712318
0.167250137288
0.32185095519
0.312352644672
0.0434548432693
0.943332603893
0.682636981041
0.269151498488
0.0847086922017
0.894239120953
0.520974572535
0.489055629734
0.19323465973
0.574667244194
0.707048875767
0.12388787347
0.151587949856
0.976184312733
0.643097049966
0.41897327184
0.600979951904
0.24017238027
0.273054582285
0.0253236171922
0.0336301497793
0.763844721884
0.812387748038
0.065219388646
0.898596885263
0.0265750068172
0.0835661037645
0.144904449369
0.172350954103
0.445429147284
0.295824169877
0.391792290318
0.684136461925
0.787709858626
0.0174347252907
0.0462708852762
0.599770891516
0.810094186147
0.153871396459
0.509657733904
0.0990603174325
0.127939790873
0.214537832325
0.685570063449
0.969782434763
0.965043240376
0.589008038595
0.880862167959
0.955950476496
0.569268836767
0.594323346636
0.960909478145
0.973347245639
0.559171803184
0.756905203805
0.820483224842
0.980730378349
0.0269056983988
0.92168143025
0.0567483845773
0.738318218154
0.690914672438
0.975286503511
0.0435207088416
0.0249221437115
0.546770188543
0.325913737618
0.11406446402
0.0146110054868
0.656280597664
0.562917809653
0.214513306403
0.792647620948
0.0894228983228
0.849090405306
0.838537650548
0.0146955047054
0.0875353687792
0.561192731299
0.625092666791
0.00947171597678
0.189954233893
0.903588916807
0.376764219864
0.210894480643
0.450678480516
0.595859391301
0.895883141899
0.32708630076
0.537211710755
0.0610739658458
0.114707154514
0.876275235069
0.300958370292
0.974120100843
0.988916212643
0.186906776531
0.0242898005693
0.35755502292
0.851635263264
0.929341513232
0.108434710681
0.965897120578
0.870943843507
0.415712683144
0.67244827039
0.302581922814
0.749449371958
0.0241112426576
0.440902740599
0.742177683092
0.461689709011
0.352971212626
0.977349160864
0.026795480872
0.323798075791
0.025713897924
0.558558169349
0.906937312318
0.0564958379487
0.829284068262
0.258519670154
0.561912569316
0.462065626546
0.106865354093
0.823857419546
0.942241332968
0.0780457908407
0.695076805641
0.966881100648
0.942596366617
0.0148986389918
0.876103731105
0.956492662403
0.332737679788
0.0147682253054
0.853974745818
0.982067562743
0.0564335323166
0.0733357598353
0.0133942291865
0.994151571766
0.350116396798
0.302176346627
0.287096943271
0.989822245736
0.0302492776952
0.876585483575
0.968674259027
0.384503629847
0.981126664766
0.00673649241996
0.248994805353
0.498934587346
0.785974239979
0.404788069375
0.324966835012
0.989748390023
0.79595927506
0.151449103679
0.381692751235
0.693993207946
0.972159566591
0.883910192098
0.9521013265
0.177769619612
0.596798161237
0.909342488587
0.00965429106751
0.751813125699
0.806397921411
0.670456721096
0.0208110579329
0.326107803395
0.294241782054
0.642811539787
0.0178109409188
0.254388114022
0.632636813771
0.963472719393
0.933141956984
0.772097748795
0.976528837559
0.60975828225
0.48390838616
0.181394987559
0.0459912465274
0.0378376546303
0.556307790479
0.946003782943
0.0522760630269
0.696199055158
0.756403853732
0.0375195807494
0.824533244028
0.956650876093
0.918469163111
0.584741410972
0.96241407372
0.0920279733589
0.19327669583
0.157540594784
0.942329102203
0.43775074035
0.311664746167
0.419112843378
0.501611473876
0.0499652813644
0.16140525754
0.600906383318
0.0746230952265
0.157114428601
0.949089911639
0.978031832428
0.556294227318
0.625683173289
0.171298351767
0.821501451146
0.565345052659
0.643774148382
0.540680135248
0.767233674404
0.575785486245
0.188485325152
0.742900249749
0.283233538874
0.52260555746
0.307840284833
0.390506985774
0.381041967529
0.435766899173
0.418529004975
0.0975621622352
0.304372178188
0.663425347164
0.0102806031828
0.0295315517549
0.849915073617
0.115061621406
0.551001102875
0.243455837157
0.0239737380245
0.397067940452
0.983767642406
0.850013723376
0.0253298583197
0.0360578148278
0.0410151102157
0.188737293251
0.536115764614
0.958551391991
0.21701937061
0.00505229136471
0.748354020856
0.897121600334
0.250646859345
0.940088131193
0.53514634172
0.395380336333
0.0843475699459
0.827664942761
0.336593824872
0.564163675223
0.757830001163
0.0205241850017
0.68849649366
0.619306500867
0.0844105482201
0.159949740936
0.180632750537
0.528900798968
0.0417349092818
0.0203503593519
0.171459515469
0.778371974838
0.134570722745
0.676799329836
0.230166768138
0.149647578048
0.346707422561
0.472279912045
0.990861160766
0.913594205726
0.370819820513
0.476627371582
0.947702648356
0.430859907646
0.240440732713
0.459528204684
0.540161625101
0.814402302983
0.00526257609018
0.0545311577895
0.440741861325
0.629267963211
0.326369806638
0.344481992345
0.079189060761
0.0396636820094
0.251903243085
0.0250270747448
0.392748831317
0.152925761086
0.050966295874
0.484939887516
0.00700090866929
0.252348339645
0.328141527535
0.989184365515
0.9626262757
0.395276477658
0.0208290299305
0.746137456973
0.421999177846
0.0388114290862
0.926850197197
0.807948425157
0.765014844454
0.557796782935
0.988957264204
0.208867195349
0.25569345652
0.804768863319
0.601725150983
0.390512571702
0.769050171265
0.238547910127
0.540131403612
0.29130169423
0.540089753336
0.851614141958
0.280728031787
0.853823950761
0.0816041888935
0.975144053128
0.991993477138
0.398489660026
0.961433152697
0.563229135666
0.865613015809
0.0223148770822
0.455995785325
0.01671495619
0.0280182916592
0.40662746284
0.682827338984
0.748219290306
0.80949412786
0.827685120335
0.526964526853
0.698765398716
0.477748384652
0.89071084479
0.0738683021336
0.816189385227
0.81214930787
0.96860266523
0.459499575456
0.936056109886
0.408492283535
0.1980035172
0.708768595458
0.974075827789
0.798619587216
0.226311308702
0.967093594949
0.891587089762
0.507271189307
0.19871340285
0.423837509101
0.950498051506
0.467944119131
0.0662853993016
0.940606532377
0.16370788141
0.760465624961
0.454046969144
0.511047637458
0.842986996046
0.900271924337
0.00266384325935
0.247490537262
0.0241936715596
0.913563361617
0.969418216008
0.135103443028
0.0840200638229
0.617844604718
0.935105290517
0.932929980437
0.989660940703
0.257774666403
0.030323691169
0.171571150738
0.648374579237
0.99700298002
0.0415088098931
0.722935244191
0.741057109866
0.214100068209
0.898483207465
0.311357500423
0.0262400439709
0.286732783334
0.0840234755335
0.0717382136145
0.327978907375
0.897379490919
0.311264496328
0.14888720843
0.680555326174
0.12342342899
0.510287359157
0.506577472447
0.697345933096
0.384005298216
0.655003870012
0.987896627105
0.955704858189
0.314421144573
0.884127469039
0.0948644598913
0.521292239247
0.52920722747
0.353899800628
0.395023159458
0.0164688989693
0.00877227531012
0.421266462235
0.357415955471
0.111304047664
0.915584073157
0.708941095946
0.794282036517
0.426114762623
0.0347248361523
0.930886116349
0.187133138337
0.474440488571
0.896451988044
0.482293076436
0.470284911737
0.720994279214
0.753061135322
0.284585374408
0.670705662299
0.0590143387903
0.0236669842435
0.242912477073
0.91308510873
0.86394906341
0.745365756121
0.991586631085
0.935848565065
0.0460880624548
0.262600821324
0.857732324806
0.229809990881
0.3962152489
0.977585442659
0.450926532098
0.50350476844
0.100834546638
0.149727298439
0.817350742441
0.924208396397
0.115511220746
0.26760190558
0.00639156595375
0.652717305614
0.966831402197
0.980782693048
0.784531808048
0.947560696452
0.593258180034
0.790555412495
0.929520875246
0.853004916549
0.925473885273
0.59630614714
0.410350016508
0.0395129338094
0.30874164024
0.962247293897
0.920575424302
0.214092710071
0.967854172526
0.749002500922
0.247813715186
0.247229606141
0.923139252189
0.817967652735
0.457090565271
0.17755195319
0.823308634611
0.180118033194
0.941224575728
0.563792105082
0.00484201416685
0.303865179116
0.0210046039466
0.926847329425
0.981812174639
0.523290698371
0.237309994163
0.139815629101
0.319234486622
0.118038190307
0.808431491666
0.929844319195
0.327030467945
0.343905908756
0.674745229142
0.0136169377013
0.0390671387112
0.940199320613
0.445429147284
0.535359581002
0.0485455327614
0.975651920783
0.528131961866
0.487209675787
0.884207858914
0.0138324259278
0.0576360179523
0.0529425751123
0.344949096282
0.0168152593656
0.65252062013
0.564310889331
0.801910164197
0.225839519151
0.516433093171
0.740980113204
0.108962101658
0.398911556252
0.360944746418
0.20283291723
0.00883600371513
0.220584184935
0.420508059763
0.251087269882
0.898699777226
0.80749841697
0.46107534615
0.425178690129
0.812163053556
0.125672857326
0.347404365779
0.975171079285
0.935232619426
0.826519971702
0.832465875099
0.070850385925
0.391344131897
0.0732822557631
0.914690298363
0.899635522083
0.146799836601
0.990929323599
0.77245032566
0.0220381053004
0.121010031293
0.396767987826
0.403747850724
0.55290786533
0.0344005163623
0.324332148728
0.343464622669
0.985714850826
0.0855217753041
0.662083833684
0.701562050466
0.22429569277
0.952722691895
0.997717354553
0.769526560936
0.727175515154
0.95455713408
0.144399353553
0.742363810952
0.624772191601
0.043613954982
0.951975315402
0.383126659977
0.298243798269
0.477558337161
0.610707353577
0.949833060036
0.786559407749
0.35079602721
0.950912759861
0.934239570301
0.713242927419
0.017661240349
0.988433857011
0.37370988854
0.0799838355849
0.698457136654
0.560317363465
0.925825288994
0.0755304008092
0.959684390652
0.0284032171851
0.10342269382
0.949612561482
0.781538580604
0.801946311427
0.51037321599
0.846535850484
0.00299148900549
0.674476097359
0.00347222488789
0.288253965667
0.342919059187
0.395023159458
0.0740225793649
0.587149170614
0.0524653645184
0.992960595469
0.158537009382
0.323748780942
0.0650232038563
0.873124616679
0.736496125996
0.603800773334
0.233722563544
0.688706010406
0.549771120159
0.0478908187352
0.787531348066
0.00752834153427
0.736194994505
0.469081893811
0.0154507575929
0.946641033263
0.811234931632
0.23989062727
0.5066955736
0.0331455210049
0.81060258159
0.0214652988876
0.009260377576
0.97909565942
0.224973308743
0.589398035541
0.543839737181
0.711706985879
0.625753650966
0.981126664766
0.716380309187
0.427618839111
0.821984008835
0.970939917687
0.864021745218
0.518184759356
0.553755345652
0.675882343016
0.937876173454
0.632578550815
0.0608124418494
0.0136672315598
0.265833947095
0.702271260106
0.958219028486
0.292329865521
0.443986334853
0.981191980053
0.62468165602
0.956890051897
0.761756199562
0.707317952147
0.539130527465
0.519007503599
0.0366155650279
0.709127283375
0.153871396459
0.0823678899836
0.035736793288
0.0245754831939
0.932926115268
0.750790643731
0.511024388567
0.0436101551057
0.683392495173
0.889640004924
0.676404978556
0.966748647204
0.405787201145
0.303074798657
0.50254533557
0.125265802453
0.598341045669
0.0700924096608
0.916777410025
0.642628313424
0.781939250807
0.130853144099
0.533948023463
0.832926137902
0.498622617576
0.439617666783
0.407040603477
0.924502436448
0.155739631304
0.886072777561
0.852259918982
0.968136810651
0.10132737376
0.305837227965
0.838394084036
0.818325537465
0.31832703803
0.0477390017732
0.0553932311561
0.625398776141
0.967095189661
0.0305730178087
0.584953857693
0.974589804589
0.581209557951
0.156714893354
0.0631036292812
0.0165698646299
0.667454459258
0.494009099654
0.839333518454
0.90399720738
0.230916413475
0.961819379906
0.119573152063
0.140203032201
0.435580700071
0.38775821985
0.764088272775
0.595502076693
0.0312799912603
0.976457432284
0.849811290172
0.0266029886969
0.513343540108
0.589503923012
0.805974102444
0.0457266283873
0.913847442192
0.893749050054
0.972315310999
0.526172220106
0.547500949226
0.0756435267814
0.645967797188
0.994809789025
0.0168725401415
0.374234036783
0.0105836645993
0.651212934308
0.905110476713
0.00783080910218
0.0138343850295
0.694107176895
0.21043545665
0.802579254201
0.737415656756
0.200501331119
0.684200136677
0.197345105206
0.991402688386
0.659858974778
0.899606792362
0.146665268678
0.59344216249
0.873399845221
0.852872022015
0.737033730418
0.871045422181
0.448983143502
0.960961423681
0.879774751596
0.0628604227049
0.76860945171
0.492476714358
0.182252195124
0.191265605868
0.603495647267
0.102346805021
0.0357234716769
0.892654667698
0.137376957882
0.369236423907
0.217887339344
0.411277417381
0.194973231368
0.532097214094
0.130460879651
0.432336680441
0.133290218099
0.566354500353
0.0388028359393
0.373714176931
0.820381538403
0.219718669379
0.171722056131
0.186510215803
0.971306561235
0.00430988214045
0.2766562977
0.968779341228
0.981739921185
0.291189373587
0.00535072208898
0.283936949941
0.374862458597
0.0600208871795
0.970574680927
0.961996474918
0.583175252379
0.669661577288
0.0190620376377
0.852536857443
0.931865051471
0.209123750478
0.355556555535
0.270561634037
0.95109297864
0.0530401611441
0.620201430467
0.320843074523
0.705074934623
0.92991672051
0.450076064017
0.313451047113
0.00620312387135
0.122171975815
0.89557000163
0.449450324863
0.247343661139
0.661244719935
0.779760209022
0.551338006503
0.0146158825342
0.0903858202843
0.765001639826
0.961158542642
0.977353875751
0.0233455073402
0.80083709614
0.587413643781
0.919702178238
0.809767916766
0.0151001601601
0.246217411125
0.666180938789
0.976766661996
0.215121839986
0.030560509323
0.7449162799
0.928151754101
0.842101984813
0.125238173187
0.906895020649
0.717377615809
0.148631353671
0.958158850859
0.980923709282
0.0912529439015
0.579654772414
0.882799204685
0.183138245204
0.215561522187
0.383868526132
0.0601467758073
0.909489212707
0.848867265506
0.127588893656
0.994191978966
0.188775771305
0.0937499161376
0.581821282842
0.908756831337
0.100088146945
0.134262260169
0.877421245974
0.751517629781
0.874252043809
0.704690705622
0.0436860244782
0.624321564733
0.030560509323
0.932747800059
0.176701118474
0.830440253926
0.196385733332
0.86985085391
0.232436085477
0.0468887772936
0.976528837559
0.305174742215
0.0917494281299
0.675372112368
0.0346118706703
0.570755546975
0.799074549916
0.0653645992402
0.549977817257
0.942322630282
0.825060409371
0.0109312175849
0.0150384380462
0.842000138825
0.219840942398
0.77495571971
0.340740907185
0.311515012622
0.432948433849
0.840821649583
0.443015998351
0.897952272255
0.586915796017
0.0271135841977
0.612404225294
0.85839138599
0.766167295141
0.572396370473
0.0105413580791
0.64856224591
0.707982277167
0.00464386149586
0.461472614651
0.96739407381
0.961462117637
0.81339039327
0.496925999427
0.695058696483
0.980141088796
0.379908745488
0.108306857328
0.591063802356
0.0464897794084
0.991980479853
0.698008341054
0.874370058957
0.650488400535
0.298916998339
0.374605520105
0.0146186162955
0.423150036824
0.590829001846
0.97113758296
0.161626697042
0.217306990687
0.355537970686
0.639294126837
0.98399616634
0.0313513814967
0.100184488495
0.692684978283
0.50141992559
0.167460370641
0.679007906756
0.0384758174379
0.805755524362
0.752576621162
0.921652025971
0.0722788228674
0.962600105061
0.872435649755
0.974565847211
0.930868344553
0.0867404864698
0.972621046714
0.133849400899
0.992523309495
0.309895657392
0.95975413601
0.00268573219147
0.487014899709
0.409447761306
0.570023786137
0.579811629526
0.494174220316
0.950957086243
0.965765221443
0.897379490919
0.935864254054
0.209113382839
0.187020110513
0.943272157856
0.317692054252
0.504743278613
0.645253770128
0.553971739277
0.0745040161836
0.525049655008
0.607098927403
0.909739616916
0.629527177228
0.599142190838
0.181753361985
0.0361455547623
0.189510485291
0.0457490634122
0.731442676015
0.275072978939
0.00981114513272
0.474644430644
0.984922484653
0.372924234433
0.737520993372
0.56818768654
0.434959987259
0.642337220406
0.00533932136288
0.902489899109
0.68077930651
0.503058947477
0.966031117682
0.00360273728855
0.0299225326514
0.882695492548
0.856196427891
0.393158461143
0.775521763274
0.85702835015
0.8305918957
0.994038930885
0.6017945462
0.521148440292
0.547423279547
0.0360386660195
0.844166555223
0.116389525102
0.13148203953
0.854803481054
0.481857809916
0.73064373894
0.710860529364
0.478191008962
0.667813485389
0.435409466789
0.571927123165
0.598620496603
0.392651154693
0.488749016986
0.879087946086
0.306463922232
0.114724955476
0.792543570037
0.388968155215
0.961934479617
0.282096297967
0.535437495845
0.444277451003
0.357665811264
0.404199591105
0.276484161444
0.957926664549
0.753259901367
0.201123038145
0.459748823445
0.0050939180915
0.954147237751
0.0148111692821
0.835978183869
0.523738915212
0.935649559948
0.16479235405
0.80281572988
0.838020654426
0.0922965066536
0.732311358577
0.119757778871
0.746853286005
0.839210585653
0.102860501634
0.754271134463
0.72932472298
0.303482815954
0.275605393793
0.437381056503
0.895152667974
0.863650192637
0.418344775914
0.106083764177
0.195870238836
0.185689121252
0.927650467661
0.39207510041
0.929149631461
0.365806777254
0.563041044361
0.00531560922241
0.377569102583
0.719816959156
0.77674763524
0.96100513286
0.121393654553
0.815042927046
0.0133864980434
0.0155679214166
0.97182921113
0.615098110914
0.200016839996
0.516604397535
0.0174001432868
0.66377807199
0.496087930858
0.327838915373
0.0347843105845
0.256782140946
0.458670508886
0.624307777275
0.172138941459
0.964705963925
0.531092883487
0.315432581178
0.0429714405293
0.0429714405293
0.454832230149
0.721357436548
0.0337393836731
0.906591342261
0.569703169754
0.0638432104001
0.984075229244
0.867761152018
0.658388787158
0.744649290578
0.959057830195
0.317692054252
0.914349441787
0.170772834404
0.664970321582
0.144844772045
0.953782453136
0.715557538592
0.654050620112
0.796629868678
0.314771823976
0.981240203554
0.816817772398
0.33911822062
0.855025487283
0.29341763961
0.983298458356
0.930478428976
0.444790678499
0.910958458063
0.949589718919
0.942774538263
0.0172864746617
0.900286204482
0.76102480752
0.374015608645
0.120696566147
0.49547957961
0.850900627049
0.232436085477
0.45784959765
0.956304673302
0.36718851171
0.343488502719
0.982212709334
0.48822414699
0.984694580187
0.927466195749
0.558090802136
0.030323691169
0.937358369415
0.885761121233
0.930287612968
0.120552527205
0.0871705847932
0.768845540992
0.369541726451
0.971292601351
0.97298827995
0.931770080544
0.270587275013
0.0314188480635
0.150884031582
0.716864560125
0.947727345755
0.86751369055
0.919517880059
0.0652305228629
0.766230381765
0.0772678172794
0.98598280571
0.092858829345
0.318074342642
0.01149401418
0.97208572932
0.0174858157949
0.985394384765
0.982703662423
0.980303558242
0.422584285844
0.902489899109
0.504534766614
0.548723332787
0.956220083202
0.171244447469
0.969404836619
0.0670243203014
0.279649267285
0.636039432518
0.0921053197445
0.9963287074
0.556294227318
0.795037715992
0.0919903344325
0.201064155792
0.429406432804
0.994197612989
0.587646422528
0.654350181992
0.704030062055
0.132463898732
0.111977314047
0.299984114559
0.97723569586
0.00966799465879
0.0121435176332
0.0412778828271
0.0858018904019
0.533232603585
0.895411544545
0.489353303075
0.633733099015
0.843026171719
0.397782945315
0.735524448978
0.355337772649
0.0893809530241
0.934894794281
0.853423286419
0.391549374775
0.147163396702
0.459794840307
0.25979552444
0.0177476263578
0.524152347569
0.930005296702
0.565948131084
0.955582725841
0.934547766216
0.268672048119
0.879714168042
0.966450005333
0.899606792362
0.645972786601
0.956343902371
0.835705995627
0.798589908226
0.14888720843
0.0247584812307
0.655809373336
0.113926086385
0.920002816864
0.613323162597
0.0692699423898
0.25420558629
0.967533775102
0.741462125738
0.0619373221336
0.775616332316
0.0989496212493
0.990766815118
0.542830057768
0.618172808771
0.126750397686
0.280210016833
0.967336191077
0.578796136812
0.0119397091184
0.660408277197
0.732200635334
0.93435469745
0.246610894163
0.294261423219
0.610360970355
0.498242607193
0.966591596959
0.802722951282
0.260517341608
0.733171161798
0.855231854295
0.472474152119
0.0106691829348
0.910838849439
0.378823149732
0.0881839745459
0.936554127563
0.454958933731
0.843323648678
0.21488951257
0.696070319145
0.693971147182
0.0465286312399
0.170895119057
0.0128084522119
0.0550909688011
0.766402974015
0.231834313875
0.464858657948
0.971748534479
0.00550820174243
0.538022476232
0.93552175685
0.0289866854027
0.563557566544
0.82772629741
0.645674478077
0.466339596051
0.262868228831
0.0252671762923
0.95689998211
0.643935485328
0.0273586688942
0.214233344233
0.35771040656
0.207326971257
0.827396253567
0.598573726233
0.961065984891
0.698457136654
0.585746975688
0.591694112576
0.703934431755
0.884370635289
0.392869938387
0.54262426238
0.166173816171
0.321800935806
0.0506845942835
0.452713801932
0.104176816464
0.91303499614
0.758746310668
0.663384461041
0.0449932541464
0.360617165783
0.64057756277
0.138555336963
0.498294477749
0.755603660571
0.0266164367617
0.173181498717
0.137276045741
0.201253625154
0.854293184154
0.00449101049226
0.685587457793
0.253620560297
0.00255997304457
0.0793360858419
0.177580268823
0.926704112063
0.379578059515
0.733088773667
0.797847375358
0.23048271609
0.92354379976
0.80101469708
0.816254633221
0.968142823893
0.968224567265
0.00165864454963
0.418637885168
0.986495739541
0.205408727615
0.961270473824
0.00707794994251
0.351685894209
0.51164801196
0.892472501028
0.741226877495
0.652051984387
0.395787266348
0.13539615459
0.764413972728
0.00610154617316
0.594583840464
0.958511596357
0.313130562557
0.0671215073358
0.187686975087
0.0672647952077
0.40016954424
0.642711198152
0.722351926228
0.0385237639901
0.568909401597
0.877335279518
0.736107864109
0.982143642606
0.967633132611
0.863189625733
0.808873167681
0.36459538854
0.962781242761
0.203653796569
0.0251876573106
0.496757741286
0.496369912145
0.283042165612
0.987878491637
0.264089871925
0.982734899187
0.245425704398
0.757232821618
0.299886945404
0.982770383566
0.621061293569
0.241953574511
0.257997678827
0.635751050014
0.112931901146
0.459528204684
0.229301430831
0.0467257348522
0.00700090866929
0.127130405968
0.629439797981
0.924454343681
0.453531310083
0.13168371418
0.643134157232
0.95585042685
0.194091665976
0.910539272082
0.806816688341
0.376890324035
0.97071652654
0.667597242731
0.603288785798
0.319692497722
0.352066919972
0.492013848308
0.130223321621
0.908484981129
0.969053074223
0.509657733904
0.63481986439
0.121904587442
0.202794083994
0.462271582581
0.0129704884811
0.756866515805
0.676032745692
0.0652305228629
0.873458828814
0.0209541127315
0.0947572416146
0.868951655319
0.129287953232
0.027675642224
0.618598216637
0.199720719878
0.799974250669
0.341946698886
0.296034727269
0.109187050447
0.46662758614
0.562685568711
0.856711259242
0.747736567525
0.955687324539
0.847804504659
0.718513253037
0.164406369995
0.961355153258
0.948740265151
0.555574233683
0.653567986662
0.974661131439
0.044204100876
0.459389416911
0.914415432357
0.0760444396179
0.0262400439709
0.80949412786
0.738541245304
0.228441889266
0.620759887142
0.587025890293
0.979662177977
0.304136820807
0.972393851317
0.0169921304984
0.979231301082
0.23462478761
0.497972411505
0.612309077648
0.710548161043
0.205779103423
0.845245989183
0.00219938141601
0.11664795999
0.792331607969
0.660713085447
0.12973425278
0.838575661167
0.626633940901
0.751570054233
0.67060490753
0.543839737181
0.18535226387
0.957574135562
0.383703348416
0.405100558804
0.994373875073
0.530355018477
0.0718059476128
0.686198614998
0.5004276011
0.760206001203
0.225836879977
0.0274589151362
0.342919059187
0.96344748668
0.0644027346139
0.643773246694
0.564547000746
0.727971397417
0.634980189249
0.991044844532
0.523738915212
0.647629922318
0.952735755073
0.792647620948
0.732935309994
0.403748066701
0.720165572921
0.710099832001
0.26980473213
0.722035894559
0.511471204588
0.225294917493
0.949068138431
0.0181452937529
0.622009794527
0.50596095861
0.969768068357
0.311657918784
0.160635212534
0.988564137508
0.77245032566
0.766257147469
0.10077635142
0.464205683777
0.0410367305396
0.78009980269
0.0494745341317
0.918647605935
0.0373455064888
0.953651331159
0.0037008301259
0.0434843174031
0.0999882563794
0.932471733075
0.667829656398
0.382402716441
0.0273053038599
0.121573766414
0.247979385294
0.850233377956
0.849974738066
0.0325721837708
0.0367573549352
0.0468683866485
0.439606121207
0.9624703268
0.992733239998
0.836080936362
0.43879994638
0.906419056836
0.385735617892
0.0154745354528
0.757734821051
0.0581781205231
0.745395687798
0.740464083455
0.0235347301434
0.734460142156
0.035483006681
0.0794179233115
0.873627912091
0.528982610025
0.359067588015
0.884900307757
0.924168319765
0.508134256054
0.0624773236486
0.536271604274
0.00695954703304
0.26585760661
0.0166535172359
0.842740329431
0.690594371866
0.123498869239
0.944251248778
0.0399194056205
0.646521944172
0.0192267582379
0.769050171265
0.542781869192
0.956687029926
0.50484215466
0.605946374977
0.0427711340764
0.204404323044
0.166645009192
0.930886116349
0.0393837953952
0.395607406124
0.0217892890578
0.170840203851
0.0289215710459
0.423788040954
0.789390107311
0.913629347956
0.092858829345
0.770522082108
0.963001023524
0.520983547792
0.322289952501
0.827304329073
0.0323972733808
0.00482729613077
0.64679474122
0.600032942927
0.764344038983
0.124198690538
0.047539888309
0.392136681036
0.0813789554188
0.538769740991
0.154902624682
0.631843293842
0.0729869983284
0.0484003675752
0.287804521151
0.397731133449
0.536690048942
0.486654553232
0.451089827605
0.954506635154
0.00695458254615
0.953827077115
0.900526037195
0.802315508863
0.943675119304
0.0676961317804
0.971368982686
0.11924879625
0.985206440122
0.106488630096
0.125862396407
0.225337979153
0.995144620108
0.156989416221
0.230608476526
0.698134871711
0.792395344557
0.281253039148
0.00311506866207
0.645394382141
0.484276902335
0.30874164024
0.37420684755
0.93978735076
0.824689144895
0.679492758589
0.559072239429
0.538654179301
0.347596924475
0.0214707346954
0.957319726586
0.313507130249
0.037660579527
0.53241892192
0.665878205069
0.94757410669
0.953873420006
0.0117490636488
0.940016949589
0.92707172543
0.451991117822
0.948656593102
0.630117600725
0.247892883044
0.118040896128
0.519916564388
0.495893607451
0.347391680424
0.292670402427
0.622081835608
0.970098520286
0.919100040555
0.934584881748
0.0510068451486
0.514339191389
0.818530057638
0.274932217483
0.765168462626
0.800834574309
0.03433947597
0.166425282398
0.191297818647
0.614903888756
0.524404984752
0.302106282771
0.759372849748
0.0749566541765
0.298770403592
0.357138534512
0.477456737014
0.850533920562
0.165666718614
0.644976057942
0.418224986426
0.85178216423
0.316174788288
0.0271135841977
0.671849755599
0.384355581032
0.0202508336856
0.362049870454
0.836185934802
0.679492758589
0.780681850734
0.88067767177
0.905114031197
0.819307638034
0.00723555696006
0.703992525222
0.00989460376192
0.596829599221
0.985511655138
0.720350443686
0.788952818442
0.372097414901
0.00118299319359
0.930227206112
0.0906319557303
0.959849444189
0.158893845304
0.202543191294
0.939530796093
0.872003837431
0.703538570991
0.701404642626
0.820711079644
0.0795467101125
0.858809044596
0.442627092255
0.982780236979
0.136532212336
0.811234931632
0.181604143566
0.244794634085
0.279781172231
0.840482472762
0.688232077648
0.850554305726
0.0776555569074
0.893865175779
0.36637544177
0.151766513719
0.549977817257
0.519192581381
0.932842958777
0.872671598291
0.153551726372
0.899017866186
0.782752706438
0.218506068289
0.636905304556
0.914516500875
0.943565548686
0.341047668791
0.578534320811
0.0538662923092
0.0391749828196
0.0764653140637
0.316561709067
0.375532024298
0.201147810123
0.035991252794
0.89616368471
0.940531125292
0.00669647494961
0.982929301333
0.0416216065643
0.942348244676
0.746207653569
0.151598988921
0.710075418092
0.149056877501
0.72251065675
0.380980193136
0.683852504797
0.753174974921
0.36271566511
0.396047145255
0.00813594392655
0.531891135295
0.856196055592
0.785082753075
0.714050226666
0.107164001847
0.0540917308089
0.402774279487
0.989121685686
0.740493525735
0.986902564594
0.21638112889
0.843077825251
0.0747267973497
0.942702043322
0.705567562424
0.327338214172
0.988030487039
0.747196837027
0.0253142320247
0.676577981216
0.727754769423
0.850478634855
0.359239270586
0.940892914706
0.784748912812
0.00331245937035
0.853927160183
0.651759679765
0.823416811034
0.293912699023
0.542815239199
0.940244027537
0.303399525272
0.0643065871411
0.0543293646892
0.0193787651021
0.068794782291
0.974191331674
0.980119724987
0.945408730395
0.0172915600398
0.423322331793
0.87750036587
0.938180233384
0.109756690223
0.0687280827111
0.346144450301
0.829374689205
0.250053619699
0.278754733597
0.0252305381635
0.0917737196824
0.846027504767
0.954547070727
0.300260931881
0.896368499329
0.0936075713857
0.797179968886
0.747846893307
0.0119120652458
0.0151786925955
0.154252503496
0.84472296398
0.101229631145
0.137737789366
0.0539833667977
0.982083300738
0.000993718663763
0.480943133242
0.0591193396729
0.271129058865
0.312042623078
0.925825288994
0.504937971864
0.789503833987
0.667633333001
0.808460777838
0.064682314678
0.683285762215
0.0279940033556
0.253612591213
0.674745229142
0.0214160360381
0.7486348431
0.937833221243
0.789906151905
0.655953365185
0.311722956299
0.398203531207
0.785318707562
0.53318534456
0.660952416757
0.693549382673
0.0225049745599
0.141069760566
0.589637253897
0.730447135855
0.776131108971
0.35458927732
0.891697002544
0.652361113309
0.040722884928
0.0445725939284
0.975637834975
0.00706552141311
0.810548822795
0.230412437015
0.212518099693
0.831708609584
0.851080330202
0.227088531484
0.0569243683089
0.51567895859
0.968409964166
0.749489044057
0.966694774286
0.163968145029
0.33284543105
0.702687374026
0.590934432825
0.400990102092
0.336271082876
0.124587010631
0.966043790283
0.968337250832
0.953805353996
0.783506280773
0.15927103109
0.984394764108
0.301311593353
0.319676589967
0.629669005385
0.717858810123
0.266300603975
0.904858182147
0.9797513663
0.155972224138
0.634272236629
0.141660689914
0.983147780594
0.990673910604
0.140972995278
0.111332252582
0.759344710348
0.889434618442
0.0873140156339
0.816779661522
0.035823957407
0.218332319759
0.0222860425822
0.776545523837
0.574100923957
0.0104676125291
0.133466473783
0.495396603715
0.666844050902
0.733804022551
0.300567959064
0.80602680911
0.440706256036
0.804033751639
0.709431103683
0.583519190029
0.900815051787
0.293063783905
0.877020428741
0.0102806031828
0.78524705837
0.903052848777
0.601421846321
0.992960595469
0.601229272308
0.993852993982
0.437712627404
0.94708758099
0.319405862807
0.896291952732
0.536779224487
0.855405372305
0.240728198788
0.987771198922
0.839526358827
0.75737156645
0.777079344155
0.880943789214
0.886211397151
0.902381944528
0.00846449904726
0.482674005685
0.948790633572
0.939083760445
0.292292297135
0.791176189174
0.965622595405
0.506698091215
0.970077793945
0.902266591419
0.427835428265
0.0267100240237
0.6354538861
0.601367797253
0.801157953512
0.152798409492
0.732449850488
0.651169371921
0.948080164803
0.779464827066
0.142504177896
0.918569486289
0.915990809277
0.214916861864
0.707454836802
0.956252423739
0.221372738498
0.645736717477
0.128130813921
0.130653548081
0.898948030959
0.055748536488
0.96649853209
0.174768596367
0.698023885324
0.139840947912
0.974558726028
0.308564124497
0.946927353665
0.21113291844
0.515076209812
0.195890876744
0.0783394160471
0.204817373505
0.920876211556
0.757954382192
0.421266462235
0.969053074223
0.539196108148
0.861589360183
0.132556434681
0.0818585522967
0.0331811646874
0.0285950331429
0.754327674197
0.0952329343551
0.0236855233608
0.0176338482074
0.152493190914
0.916673133141
0.199465904937
0.154304542256
0.0530401611441
0.90691345918
0.393049389657
0.540161625101
0.0629945193682
0.0478497843798
0.253199662512
0.700456560593
0.331336822561
0.975379424988
0.658244709277
0.83071055078
0.117036403554
0.630421071086
0.732549191527
0.371741662936
0.950972402733
0.0913882665165
0.00608165698775
0.794639924253
0.79667566574
0.65085349665
0.639820118108
0.906982725508
0.611190266572
0.147971953184
0.982865061053
0.0934370160484
0.61858360094
0.0398961020253
0.0366905540747
0.47733603414
0.0164915342147
0.735189410346
0.942001790358
0.802014455688
0.0189103530305
0.90153282806
0.576004584915
0.65000708675
0.00806646396419
0.94333438493
0.622998494019
0.0577719710054
0.0977543375736
0.303091070168
0.903837793762
0.26230353828
0.0801816781283
0.971347586171
0.0267037355941
0.106023430303
0.346974158946
0.836750978493
0.854293184154
0.504310773658
0.846165929712
0.972461814898
0.0959893138538
0.0171679410621
0.0359600813266
0.219867782832
0.310725190527
0.182702243995
0.133711307081
0.628364872578
0.210431473314
0.5756370353
0.307986663772
0.95140829421
0.555674509242
0.204539451611
0.598620496603
0.788408444291
0.0654894740275
0.350050505505
0.100636424464
0.337926232478
0.0159638797497
0.257801639672
0.783556357461
0.862266107238
0.317147021933
0.815351553059
0.283710400986
0.508410753493
0.900474660036
0.864834650032
0.425901529308
0.681007689505
0.96272525309
0.0337393836731
0.838147060451
0.0137879610993
0.355985956281
0.810545897013
0.425544099281
0.969593630331
0.573452227171
0.633218560483
0.00872996079654
0.000809898245785
0.354035923011
0.397780817895
0.903938223527
0.335028605087
0.985422503699
0.0068050712329
0.673137803714
0.847100157288
0.738693036653
0.856523045042
0.223797274302
0.0935240174284
0.980316963354
0.907132561005
0.986977646395
0.385402939953
0.177272694627
0.185837368037
0.99230045247
0.160656199204
0.872772271755
0.600875532139
0.165919157198
0.0551938999275
0.753321377533
0.120028531243
0.267614003196
0.641174403071
0.0113790754564
0.920863635144
0.082972656396
0.948462953227
0.877335279518
0.74475014649
0.0579868615734
0.624339786008
0.922830316735
0.423561671689
0.172375482612
0.507636135277
0.337951184097
0.489353303075
0.121655650029
0.815208256859
0.80878355873
0.543617209801
0.833532871712
0.98476165745
0.311180465579
0.659617247822
0.725622630645
0.817915716518
0.824067140588
0.278023697509
0.58030924422
0.550902549099
0.850489117817
0.995509385799
0.494432648752
0.381875187231
0.573475258074
0.915644200581
0.375370485773
0.87313642168
0.0568349753766
0.640854068938
0.686774035146
0.762966477201
0.965696280313
0.907640942383
0.992753435073
0.864746597289
0.898796481126
0.818802873751
0.173121262442
0.74833815784
0.940629694389
0.0224746389042
0.110809208554
0.0557765751069
0.319184865936
0.943726844356
0.369227638838
0.528227574667
0.731857633198
0.928401506425
0.0861569122303
0.932332158099
0.977522654405
0.804816360452
0.756544189626
0.141664874524
0.540595633315
0.0784568435162
0.00966079604795
0.132859753055
0.0498088366462
0.798329881398
0.840198060073
0.0186863759083
0.145290385916
0.711826173532
0.318494220621
0.862878252419
0.921106245332
0.990324045947
0.0250393624205
0.957958415937
0.466338125233
0.0140590947528
0.83748054594
0.0342484374095
0.949625355916
0.219022257292
0.689323840141
0.908581869577
0.714051498559
0.41010326268
0.0748933169951
0.0327814889305
0.587928474893
0.151879660278
0.963559333968
0.857809802207
0.485925406857
0.0160858769082
0.0483600956649
0.458212409584
0.284251375537
0.581293783486
0.57773957159
0.236535229145
0.229983518621
0.0355288391923
0.343706594928
0.940947906962
0.497981849763
0.036568086639
0.993506873684
0.9802761135
0.620536050496
0.063031494826
0.970266437688
0.892217087833
0.783791593816
0.618324339102
0.202880114883
0.46795776321
0.108726823025
0.0180910166758
0.90049662503
0.272799913688
0.428307683927
0.904387129384
0.604196757039
0.710433807809
0.668308207645
0.233565718606
0.218012679468
0.438780735362
0.691068163908
0.204390706923
0.579976581108
0.307015418322
0.563348116517
0.84309873756
0.882181381553
0.350125227487
0.641127313145
0.409582982983
0.681615070898
0.830915785788
0.339023751871
0.109531221556
0.906617582716
0.0122683770027
0.922527040976
0.978744547015
0.195207632626
0.977501813696
0.899412730965
0.766146924675
0.0967845103568
0.068800597636
0.141226835742
0.463490163401
0.0136493675052
0.546482097803
0.336004840055
0.214371899838
0.731035296272
0.458356888293
0.486487994408
0.862473350582
0.787266909441
0.497801831114
0.54480804239
0.0228840208013
0.0550941802594
0.0322620175251
0.96749713344
0.0524170940834
0.0984723849645
0.96200268933
0.693312473206
0.955704858189
0.698763730089
0.183904828332
0.4859766349
0.974903200596
0.91716214175
0.952232623066
0.0124363406104
0.0249718099816
0.89063204696
0.868537665841
0.825504181035
0.781790185924
0.543045102674
0.702547887416
0.480373488035
0.459090002033
0.623099261456
0.188203145618
0.966135935497
0.311657918784
0.837934383775
0.0287622920806
0.987404155842
0.786831037172
0.486585268187
0.459367490927
0.469329493736
0.600008360131
0.801788432265
0.209294281625
0.302139808014
0.480073189964
0.301872872551
0.310359485433
0.0286709855023
0.850294707773
0.98762668641
0.961039647622
0.983589804247
0.927027424061
0.56636667573
0.979653869311
0.115251335148
0.299572046983
0.0570625456853
0.581011763051
0.856086890196
0.460901293305
0.900907044739
0.945615620799
0.955999330971
0.954797937673
0.979903161139
0.991349204141
0.975952860223
0.846657510041
0.386960039627
0.869033451649
0.943808871762
0.0817788113318
0.0326218346521
0.04155449854
0.330216182991
0.835942108176
0.0111073164658
0.0174081981825
0.574074329059
0.958722823296
0.376591961675
0.73150209099
0.198071726168
0.486358490772
0.1283869043
0.181773919701
0.702110755837
0.20993668745
0.862087418824
0.671032791786
0.462269582226
0.378805432812
0.172224550174
0.156399140237
0.170833779841
0.971646030139
0.973387000822
0.387335139369
0.959684390652
0.459855153795
0.382083912419
0.96638957563
0.724318249438
0.0357619839425
0.956889020802
0.235783335543
0.21937887492
0.788050964013
0.528516907981
0.131865109482
0.0377216365988
0.146304105403
0.660946043308
0.741151133365
0.937728436773
0.675251646955
0.561539520489
0.120424466958
0.839111569234
0.219855855063
0.179620428593
0.706989677398
0.977005416475
0.0122928258411
0.39116988456
0.581235170526
0.103671703861
0.85707529582
0.731007501764
0.862462075619
0.442586693885
0.283134864088
0.0162826034035
0.0431215447817
0.507847094176
0.189119000283
0.643676190079
0.99524822411
0.945408730395
0.198075866823
0.727131367241
0.804366623647
0.972942286899
0.0219287042093
0.955545216855
0.741025141502
0.13494168509
0.550424099667
0.4225376245
0.342422008595
0.710075418092
0.961880505661
0.973802345002
0.113174846875
0.246145780615
0.0307204084027
0.239190759058
0.112812713996
0.920922990011
0.839354970653
0.970881239497
0.660408277197
0.971331940801
0.96501247228
0.914753744429
0.188222846079
0.122019619498
0.863612906661
0.943326619383
0.438001828575
0.0258615196572
0.740697098152
0.466725640495
0.860018102575
0.419657161261
0.795232218084
0.560209010144
0.92409506671
0.0367092053304
0.603597972806
0.589774552787
0.971634167167
0.474828552304
0.673650221594
0.977238532153
0.350042419906
0.16281258136
0.355669443123
0.782797745854
0.447782195073
0.938886650191
0.873051442616
0.0580563001724
0.198405733629
0.85003960882
0.215965926237
0.510820019438
0.970495357535
0.693390536288
0.0215305654391
0.859437332563
0.76923927279
0.392625603852
0.993230816146
0.961794136522
0.134953942226
0.532429237512
0.0556876979894
0.980918625505
0.707454836802
0.718185006662
0.315586439859
0.00795766164118
0.723362536994
0.0336479427572
0.86204528007
0.393641585832
0.930546290495
0.814536965716
0.233033977694
0.858661167755
0.896900556429
0.03763045595
0.518942617698
0.949288459686
0.773892730868
0.00434026032897
0.674246174594
0.986534543465
0.0410980717923
0.817900776497
0.0798944799947
0.553029082018
0.855766676639
0.38001494254
0.431899285353
0.728042630907
0.0510658110559
0.858615206117
0.703447018624
0.260628173913
0.235313623064
0.967059702683
0.076211499858
0.936198168258
0.258111814338
0.715993276676
0.29641820027
0.616898629925
0.0578153124955
0.897017604897
0.607434986564
0.018575878994
0.112832820167
0.961556016816
0.869546387326
0.529234260346
0.533660225522
0.680146604248
0.215358950336
0.101450450389
0.0462633616436
0.56450674746
0.883450038525
0.971035001196
0.884517963421
0.2932366859
0.189621223084
0.132813296273
0.990542086947
0.648731137374
0.108968398409
0.775521763274
0.722874838933
0.966654248718
0.0514632832026
0.241878222841
0.708714662533
0.0703933639514
0.771979542068
0.108962101658
0.472185471341
0.270780751191
0.34048583211
0.670480921022
0.985463927206
0.339659970932
0.917510067154
0.466777221095
0.0747436636589
0.593969423136
0.350880992873
0.418990572212
0.688874106804
0.736002661549
0.252507804203
0.788649049556
0.439318159233
0.0167999344663
0.746123781811
0.35413104559
0.767544448993
0.993241241972
0.0139519989477
0.748317083061
0.840264445328
0.109676146191
0.752191248296
0.777472238781
0.0928894372845
0.00154574400715
0.138479380244
0.267123124969
0.0567192752485
0.807955153094
0.375124656495
0.0498088366462
0.117288131573
0.386620225381
0.969052512476
0.119145176375
0.888612689109
0.208916121484
0.0261005601824
0.918001221613
0.563508130718
0.036568086639
0.0949733563825
0.524760625313
0.984456924439
0.774487117599
0.779129972339
0.302288729764
0.324332148728
0.285406927602
0.478622668781
0.0355678399736
0.932891897494
0.0209612156717
0.839291996531
0.346707422561
0.719275505188
0.0731003188759
0.0282087766574
0.0251876573106
0.696778556371
0.211125073751
0.263893136195
0.78263785781
0.766295178769
0.811792919025
0.72203804651
0.600656389716
0.257857029805
0.173209760787
0.972809545017
0.410235633244
0.975101932859
0.958968388716
0.371936812345
0.893447698529
0.395479463904
0.504928498033
0.0671555037445
0.0277059058829
0.87811856643
0.0226261061435
0.0402670458225
0.50507591273
0.835271717072
0.276993250255
0.248493407056
0.217889211075
0.386860608484
0.0824919675784
0.200283044488
0.707458728308
0.65298040591
0.560313866256
0.12873887252
0.380369169235
0.510820019438
0.828611174346
0.902063435587
0.243911761332
0.232751485104
0.8670708528
0.0428817836233
0.365692038
0.585924727905
0.96783663844
0.928012834118
0.859030128669
0.350042419906
0.670478791883
0.947652257241
0.0432064007363
0.43047860635
0.246010707824
0.9791667432
0.280036939843
0.0356284279962
0.414292055496
0.0216296624595
0.941262009601
0.804657399845
0.0203503593519
0.129819145148
0.32857719029
0.380328749817
0.995405805137
0.173393655319
0.588344317283
0.965699345682
0.992149890154
0.936352857202
0.187944149605
0.0113815985559
0.882301831098
0.201011008904
0.102272709526
0.918501763187
0.0392052209323
0.948604289579
0.0434071043184
0.556125224512
0.376913631742
0.624730592166
0.0625872589024
0.937035309128
0.974927684812
0.624387660756
0.112105243799
0.0494838104068
0.257491109403
0.0935692923893
0.98137835404
0.264536721347
0.111355717687
0.0537315122408
0.772365456312
0.723722149595
0.293582076959
0.892745757406
0.933462995846
0.606676072489
0.181662908651
0.582828265521
0.794232562727
0.244784945473
0.953548688037
0.990911731617
0.94486844174
0.736044007393
0.129890288411
0.97649687755
0.114273495043
0.420726776886
0.159069233069
0.534493150457
0.315183282158
0.107201648982
0.810915312465
0.0366397665706
0.0530401611441
0.889709741436
0.824780846086
0.829272309859
0.749038946244
0.183873601355
0.745387384897
0.0947572416146
0.86330107738
0.729046720349
0.976182616588
0.539482236904
0.425544099281
0.856982408326
0.0174194087785
0.249972432052
0.0620293612219
0.476979135095
0.384790228678
0.932187669977
0.0240445210174
0.691878347496
0.0578118910687
0.00713197169885
0.948740777248
0.682426352713
0.271880675611
0.772749524881
0.152625010516
0.850304953837
0.083768035718
0.85232541267
0.933948043425
0.844320354804
0.875285165817
0.47451385619
0.267429729341
0.0707043110555
0.44728895539
0.20788922402
0.0312799912603
0.471608121973
0.0720321213076
0.915084540801
0.00563039612278
0.566141240511
0.940903453397
0.572702543423
0.762657450059
0.0530401611441
0.821819610841
0.882551356264
0.754547637419
0.00344670220972
0.939613542778
0.984070514992
0.923379742881
0.864021745218
0.813267146044
0.759633130273
0.37140847511
0.208331604338
0.248295044814
0.176214813755
0.874716946475
0.151541623142
0.973908834672
0.281093261322
0.826507683016
0.961992313914
0.0683140363044
0.992512495267
0.0430894959438
0.128382589417
0.818947510579
0.987220063465
0.590424320539
0.94877223867
0.102247622268
0.406645248242
0.0573707389913
0.0835759926842
0.503661378133
0.471076731751
0.34562408434
0.869284184928
0.67467943636
0.0228861342777
0.0960381287481
0.913293994939
0.0659099374934
0.980688254624
0.650392278944
0.758952767562
0.0533750492519
0.758012326652
0.683191407117
0.46725991375
0.0724578008682
0.905081186193
0.839778346223
0.189530688941
0.725340692311
0.260409683284
0.831010507656
0.139164410694
0.445231941218
0.602590172787
0.17172264402
0.882234305031
0.416768370695
0.454289205285
0.0943821461824
0.591966262995
0.042729570293
0.0208110579329
0.526264342355
0.0330561582867
0.0332511617579
0.605649745398
0.140402364621
0.956492257483
0.0695854705989
0.866158884207
0.0252305381635
0.466681320114
0.708899220572
0.202508774313
0.944231164932
0.00900390128045
0.78191217388
0.507698562191
0.550902549099
0.209082507262
0.179670200093
0.830336683605
0.956858308281
0.290073989064
0.858085391795
0.0504843242012
0.357017540527
0.674259936171
0.740496464184
0.152426986038
0.884824049396
0.0400727376424
0.651287242599
0.300958370292
0.357171626722
0.0701545422036
0.143717748593
0.945163886051
0.747812361803
0.176352615439
0.824746038072
0.0589959659273
0.871539728859
0.995405805137
0.515545138977
0.497934704194
0.124517245555
0.937940732676
0.341658825358
0.841961427093
0.621613912937
0.367430394444
0.270780751191
0.621257501712
0.946409900663
0.516189600497
0.876853962909
0.185313968355
0.703560375814
0.104787811126
0.0915761972691
0.428120487627
0.457416937534
0.373973611961
0.913825522855
0.898957277354
0.88670303635
0.282922766305
0.394077018697
0.451819759884
0.166887256418
0.014174577211
0.141069760566
0.294804878218
0.0482970265752
0.241842191171
0.681474017617
0.482622947405
0.16151887004
0.292522859912
0.0488160916061
0.652283526708
0.347428510665
0.958653544004
0.29651767082
0.966055846162
0.0599402694046
0.965357226429
0.939159283562
0.498295315397
0.217655741011
0.727710086367
0.247846489812
0.79771774827
0.779129972339
0.865398931083
0.402933168768
0.850893640993
0.915787194687
0.399486296219
0.727239420205
0.904071113152
0.672948866543
0.163757280572
0.884419641765
0.338290088182
0.990288045827
0.609508454636
0.977865580635
0.454586741248
0.0301531538023
0.658667499179
0.138741985675
0.960123595881
0.409185823218
0.637117118388
0.338179502911
0.921246649331
0.928698562888
0.396496343189
0.9357331187
0.438782164657
0.0748577757779
0.722443255955
0.136074888641
0.0285706818235
0.91778930586
0.954213019203
0.941243505564
0.115279993554
0.407474352312
0.373631014146
0.268049653316
0.39461589572
0.846563370271
0.0466753036692
0.121627746422
0.0695019102028
0.0224832460147
0.958973992172
0.966831402197
0.111322261649
0.033679375993
0.192470974894
0.859811654623
0.289546496354
0.972319937514
0.00881806830697
0.84264464078
0.912297040854
0.192093558378
0.0277892383276
0.876738687757
0.0808082998707
0.601345239797
0.972469654502
0.60915625735
0.714888976429
0.972948943767
0.820859065861
0.888007025389
0.229706972991
0.156595453617
0.869564222387
0.695795602856
0.892303003902
0.35336904359
0.400837689156
0.585858594543
0.00137956079541
0.229762929431
0.0304068438275
0.947427116587
0.933622424299
0.574615256591
0.14645444519
0.260517341608
0.631605991296
0.0634123250984
0.391611342479
0.0236855233608
0.934975010835
0.778700512277
0.128039955256
0.683392495173
0.469033464604
0.980960139301
0.249053377553
0.818254886585
0.726059594681
0.671849755599
0.633772529478
0.707077415781
0.791799312125
0.586512275394
0.0123047611829
0.975997984966
0.880748974627
0.0647605553202
0.183353796002
0.460594429581
0.0406602193758
0.27130228383
0.711312736764
0.730052717286
0.648390632205
0.946492945626
0.443029944582
0.472152791442
0.257538293012
0.80414584264
0.768810170992
0.116747753487
0.144883551392
0.584482659831
0.0529332543954
0.624036364721
0.533138859177
0.807464531104
0.654486830693
0.398659970267
0.124752510194
0.429916116891
0.419277968169
0.261616610367
0.48191714931
0.0729754330598
0.505207664752
0.431742061569
0.888105344525
0.106235649988
0.548671961764
0.917109685763
0.414235554313
0.657267867397
0.275837707025
0.746471991342
0.780894209364
0.762622886573
0.986723440448
0.111268094201
0.720678600483
0.977122265369
0.839737077407
0.980478142352
0.499295045085
0.88289099363
0.403990700814
0.477195198216
0.249043171639
0.901088058522
0.222410526101
0.031148207409
0.371539087193
0.427315916963
0.947070204639
0.0153391986353
0.971881156604
0.958109309095
0.198747548266
0.0695578672501
0.35336904359
0.507943457888
0.308081063667
0.0150017373071
0.435010118629
0.336100399388
0.85839138599
0.0251431579124
0.929437892269
0.376543407526
0.903570729855
0.0285379298796
0.932850948332
0.0635795473795
0.953554207611
0.512931202881
0.549267157782
0.261084169248
0.470415483906
0.984047602017
0.979215186764
0.168210337818
0.0390140795266
0.161053301579
0.942568128965
0.513549837573
0.918576359472
0.986230729691
0.172138941459
0.763497977601
0.91551497882
0.278917015451
0.350202508912
0.0354330205725
0.150007648545
0.630083346586
0.454674687372
0.52689259784
0.92758949446
0.773770646404
0.993916163108
0.561306382569
0.692276066625
0.976450727137
0.963250853232
0.591865826668
0.97710253274
0.442307972343
0.253974070923
0.116219932745
0.990193310426
0.275117242602
0.116219932745
0.0360386660195
0.593940693162
0.435580700071
0.138608947707
0.792281233512
0.407281752975
0.0968149981166
0.782687554132
0.736630148934
0.682878268724
0.953782453136
0.958588665201
0.172533366042
0.0161046198784
0.0554119945972
0.878561826414
0.45332547441
0.0156367755942
0.370927265073
0.711428045754
0.0327577208903
0.0218283567552
0.116979332753
0.816936886104
0.962136628962
0.962600105061
0.204390237597
0.935779134195
0.147959075523
0.96974672944
0.339716445116
0.824126841562
0.661728635387
0.763085424806
0.375918891618
0.83669093835
0.556822891794
0.531913234871
0.256572586024
0.887068039942
0.829607858551
0.673650221594
0.179776552775
0.820510885005
0.949175357534
0.146672943098
0.150953380815
0.967715591771
0.539140947749
0.440991697445
0.713712063831
0.0120352668019
0.565738389733
0.486391359059
0.212702041629
0.856154550029
0.572688002955
0.951848040526
0.606115417547
0.851361011471
0.942535500603
0.397696209008
0.63189427192
0.909293317571
0.0617818950868
0.915839076628
0.370782442672
0.788976697227
0.180809510355
0.762403310286
0.851948869342
0.055593046476
0.442657840601
0.206154637409
0.575083196868
0.484739477158
0.162315625651
0.583822346584
0.395200937767
0.00754377428386
0.978895281768
0.308583538904
0.253282928822
0.595708914319
0.207716807277
0.909160853067
0.918633168024
0.739635009273
0.97834580478
0.306268837941
0.00401703823375
0.214541020696
0.0653796841085
0.900009366737
0.860772523103
0.87355485934
0.789821492349
0.0257121622377
0.956636403509
0.75300088953
0.802691992804
0.897879652099
0.0190192988292
0.814407211765
0.315552958721
0.844320354804
0.485405382478
0.55719767484
0.986862437822
0.141717488757
0.106730108616
0.407975943512
0.905042897785
0.416611215182
0.338363946385
0.168622461388
0.96634805913
0.85248612119
0.92707172543
0.0299430085201
0.815780153945
0.0361817917818
0.467434480054
0.231371981203
0.615424380479
0.294155727579
0.0498722023703
0.438853743479
0.403068945992
0.0710621005677
0.00543736052585
0.967858537853
0.733333621832
0.69821051524
0.00404879224633
0.857100440962
0.823561173679
0.951414132539
0.907852763299
0.830539270054
0.34824405025
0.913379695947
0.14488287178
0.501657844144
0.0498722023703
0.759375287503
0.0287436495088
0.953873420006
0.363103594476
0.385222185153
0.964900713586
0.0645626751238
0.0435207088416
0.869959056389
0.959068585578
0.375238708721
0.865993624914
0.938542805432
0.3493569494
0.191454140394
0.471384782105
0.446594356134
0.837984846261
0.509576164728
0.675017685105
0.614516345421
0.329637398731
0.730454422891
0.607317354802
0.860261142865
0.392388068958
0.0512031990072
0.93822613235
0.230886202051
0.883809372291
0.910875368279
0.264646044282
0.650900740295
0.659553716894
0.917016464857
0.0560700658766
0.966941427555
0.940730491068
0.923379742881
0.964342849274
0.992911747927
0.531891135295
0.168661662474
0.100918279912
0.0931846922776
0.98435600386
0.590458867291
0.385583942494
0.443991260756
0.0929836456448
0.167628153957
0.228633753561
0.165022104765
0.098098120795
0.954898828692
0.0174528483967
0.404151852543
0.445013060639
0.641436694731
0.135053041699
0.594343680974
0.20407155686
0.226670102147
0.0998029585883
0.979823218202
0.0114468600692
0.027885420011
0.528131961866
0.641042086168
0.17803632138
0.0164483529511
0.678644956607
0.292618216353
0.692977559672
0.619757920639
0.879440900183
0.00275703368795
0.427903556933
0.46567645347
0.769350748335
0.0468887772936
0.709127283375
0.228799203031
0.291052479605
0.984766921694
0.0268593478093
0.38439854696
0.715789247855
0.0681111730624
0.168536450464
0.217278898887
0.826960050309
0.471135891707
0.256072340741
0.487014899709
0.170203440023
0.962607035501
0.806326957465
0.040518502702
0.450223572359
0.786021359224
0.829001810049
0.166062547014
0.0409164919032
0.67515172987
0.850166327005
0.022579513718
0.326107803395
0.958406721835
0.665224042993
0.33979257004
0.109574369151
0.833045628462
0.950576742352
0.806198520649
0.838093383652
0.338177785062
0.248864931916
0.181957077098
0.447658922918
0.206711203151
0.347576759009
0.973679389217
0.614713440031
0.262042900087
0.471801867289
0.62519244892
0.806527105661
0.7870407871
0.0276508482914
0.390222343339
0.963355346819
0.205431232244
0.401009767942
0.22804443167
0.624698286489
0.864053208898
0.438789517634
0.669790508411
0.692684978283
0.322228673687
0.0196107874295
0.286464190051
0.5186901217
0.945922270425
0.926421839291
0.0180836956817
0.88563163803
0.222441062859
0.82462539739
0.501984726723
0.786249837344
0.735978124827
0.9556218061
0.61067102997
0.674090727026
0.99008094788
0.5938891678
0.116014072656
0.48693255174
0.165953668028
0.869289742133
0.149637991615
0.0165698646299
0.0700819419638
0.706463346774
0.114399412711
0.816355922017
0.548032444946
0.9791667432
0.403388129473
0.984873969658
0.00627179683392
0.202343506588
0.683285762215
0.585745606567
0.257520147526
0.193666514898
0.475848612434
0.571200479933
0.85904717337
0.777866251482
0.135736974779
0.06309708148
0.120611714048
0.856408534368
0.107599263678
0.104036449722
0.0695826439967
0.137746151109
0.085642833519
0.368449465158
0.0181226763063
0.0143342691256
0.985387846371
0.915374873548
0.382115005284
0.285406927602
0.910566793651
0.0623256751791
0.0748006423055
0.0129195778879
0.282108218468
0.0286471529122
0.312245024403
0.704527131484
0.915073754329
0.212000597187
0.70345476033
0.828061570554
0.856144965614
0.0567368521945
0.809203430396
0.938764036933
0.828824028501
0.689452368636
0.412305393454
0.0870891326651
0.058666269522
0.354394871041
0.0679524944022
0.959466701474
0.928134846103
0.814266929567
0.0705922301662
0.513460543725
0.420508059763
0.208072652303
0.538444901197
0.715789247855
0.627365410648
0.192362566514
0.989696113993
0.536934458541
0.119765348222
0.0292379536493
0.0981754191759
0.439636723484
0.757447215432
0.925825288994
0.729255284467
0.761331752207
0.007467365642
0.913847442192
0.267310957834
0.228267211455
0.0180781985628
0.203454102816
0.728137696403
0.505213335954
0.184636482309
0.0568349753766
0.0469995191524
0.0298749879226
0.986507001065
0.188485325152
0.0360150591802
0.438241600808
0.00588963038792
0.965763249492
0.0279036776858
0.690012864499
0.867993564045
0.193438774019
0.563597735204
0.958805359718
0.966826567132
0.567881151498
0.916498206534
0.798860851757
0.710214064417
0.500767348701
0.380372169615
0.14861215082
0.135853428084
0.44663747302
0.21909879153
0.750015855334
0.954856294038
0.39673433018
0.807424139765
0.936466755009
0.235629344265
0.111893601566
0.923980483468
0.00601669631108
0.830542848135
0.340856855806
0.279532845422
0.984070514992
0.834737583285
0.93664499751
0.775105674097
0.422699431346
0.894283093966
0.842916276993
0.489094196004
0.486057417922
0.563615227727
0.796613094368
0.69054075805
0.311657918784
0.0767242338507
0.967333044664
0.0159693324348
0.792647620948
0.791665959116
0.917475988154
0.547849873889
0.454118800307
0.00536036944858
0.980783243063
0.822676392528
0.657472742308
0.163375922625
0.0106691829348
0.445183926821
0.0183758719463
0.732844459491
0.0267037355941
0.83394477763
0.0731581514191
0.295627948272
0.245407599544
0.389360640989
0.80363432044
0.0103819014185
0.633772529478
0.0556876979894
0.826534715316
0.535534310253
0.985899494991
0.608722225125
0.977032797495
0.741947474464
0.44300601435
0.0996084794013
0.0349584496309
0.724061849729
0.577344694079
0.0823183034414
0.605648872337
0.157249556856
0.651856179812
0.7408511238
0.571810919445
0.528259334163
0.731393873868
0.908692245032
0.950237150849
0.127130405968
0.295267286815
0.635651550709
0.439733365159
0.752037041445
0.263189691478
0.873908466682
0.677717549156
0.389426165268
0.56777267916
0.842492264625
0.498399749587
0.40343225488
0.0474238509509
0.852364333011
0.499946748966
0.274491295211
0.753444739556
0.831139945727
0.414096684735
0.378015875224
0.619741322641
0.180110075804
0.96589251349
0.478932456688
0.80129479722
0.30480460745
0.736740447357
0.828201583657
0.0966060865751
0.161471740811
0.00449101049226
0.913418090903
0.52689259784
0.864144330215
0.692919796962
0.676592818205
0.210435051205
0.80983906972
0.130223321621
0.264547559606
0.957772403836
0.918976970382
0.788270329713
0.799309673254
0.898948030959
0.71167478244
0.712737758628
0.678910404753
0.0782588912644
0.815260974627
0.874627277987
0.2006839001
0.392796280806
0.86412273147
0.900977917092
0.273562515026
0.956041298885
0.179389869204
0.444548992457
0.750045342553
0.949481569418
0.62484131271
0.370529511264
0.81522032075
0.0255320495202
0.503250683369
0.459772001175
0.0841450319687
0.501979870857
0.818947510579
0.512674326081
0.915962448791
0.880925635971
0.37139655781
0.512051466095
0.12106897728
0.420974378474
0.602181695226
0.549267157782
0.553821211632
0.708768595458
0.395200937767
0.0504322601423
0.160939638634
0.840605375326
0.594865174298
0.016171532569
0.544674416407
0.992549900063
0.927175493023
0.28968931726
0.964417308578
0.840166243483
0.977881438461
0.499355071915
0.945191233774
0.846154314889
0.434941803509
0.0177781311084
0.95319884648
0.805967329524
0.224567466753
0.943769615564
0.818107454598
0.856711259242
0.991207259566
0.21638112889
0.843126814964
0.368383811861
0.866361696766
0.89436868419
0.0618357862902
0.990588579059
0.152622274109
0.34108691405
0.831558666397
0.957875635588
0.96301795729
0.805328737737
0.84752326428
0.0302969458549
0.980893823894
0.393408782972
0.169705007659
0.716456389291
0.931744345043
0.230021279945
0.458450807422
0.428406816768
0.894509528963
0.0277368670573
0.962772094239
0.0413867674937
0.726436555985
0.798876627373
0.968197737146
0.394245461918
0.948858558737
0.010670632609
0.296276651102
0.313945073535
0.0788117832862
0.0554513525571
0.453990932743
0.131458004393
0.139304693775
0.895818152884
0.673094694354
0.456912938844
0.666276549608
0.613147914834
0.940833137671
0.56806478808
0.954428881643
0.400829636359
0.632701474196
0.893584697948
0.656208790804
0.474173425494
0.220709130399
0.837224423317
0.637106679062
0.410214241612
0.932248215471
0.674568455921
0.193558945945
0.887323068305
0.193994450811
0.729115617274
0.69821051524
0.00580766044144
0.93357884152
0.687210070831
0.0279036776858
0.702812261267
0.00796591848359
0.0313313429709
0.94757410669
0.966782742486
0.207793427783
0.00484645220628
0.0233968128774
0.231574109885
0.825837692606
0.4225376245
0.476657220919
0.753131553651
0.544767248213
0.808285533928
0.985410908902
0.633231148152
0.696406291001
0.0164887109672
0.807485198852
0.786526612282
0.0133169461567
0.0551948484479
0.818590026167
0.995233792805
0.412277356079
0.0282205099345
0.171430968517
0.438602565329
0.0177656957591
0.113990645107
0.975698820343
0.816191929313
0.00885603955227
0.740144058734
0.534718509094
0.142946193089
0.449673825684
0.065284463445
0.535390534493
0.0357878614627
0.0725343842689
0.887323068305
0.0603913472996
0.154250524042
0.142914173171
0.920779662936
0.502989133609
0.625683173289
0.107176685442
0.0124997932223
0.9963287074
0.00794423250051
0.872692958804
0.4695472162
0.666825176717
0.86330107738
0.723362949334
0.648407115594
0.769479794758
0.62845681989
0.917475988154
0.961556016816
0.50254533557
0.755535867723
0.977740200402
0.90643241519
0.190641623231
0.534503330125
0.99254225734
0.694211742708
0.905932849436
0.347693829691
0.823710727101
0.103004935972
0.847659048228
0.0339494799547
0.959376120308
0.0241822838682
0.142135282649
0.795134274884
0.330216182991
0.865581156276
0.0492598697296
0.0124437611125
0.979986986601
0.138723009993
0.535220067623
0.316614399452
0.580583603973
0.170456470235
0.483515171397
0.12092656159
0.0561522274249
0.874003694198
0.696385677748
0.137043588764
0.00155677174635
0.979573209149
0.988361538354
0.702812261267
0.498107846001
0.12048071874
0.178231250176
0.0212615300352
0.734113296026
0.775960874923
0.200228978454
0.681777551603
0.396398979824
0.290961627686
0.667135965004
0.853382181003
0.977054023457
0.393641585832
0.550031073495
0.912294981649
0.656371184347
0.0382307956624
0.943019927594
0.0561373808613
0.395479463904
0.85425489666
0.0562005268319
0.71871544621
0.0249761237089
0.950030498459
0.0279576084048
0.78596180744
0.958470265204
0.0489277523537
0.824514633852
0.13594434963
0.934307550184
0.483428199329
0.441123482884
0.603424732752
0.213317355122
0.0138324259278
0.0418276777517
0.868717035516
0.0170286098755
0.912696260314
0.576824115886
0.00511226198053
0.33325955312
0.853927160183
0.187445037659
0.318556821679
0.247628882297
0.412405520059
0.687410828153
0.384833007741
0.436906609132